-5.686009724163755052e+00 3.095872483359988436e+00 -2.688378841694926136e-01 3.095872483359988436e+00 4.143974507633006787e+00 2.355182051848801361e+00 -2.688378841694926136e-01 2.355182051848801361e+00 -3.370875158685597395e+00
-1.078914454630424125e+01 5.971666523145413130e+00 5.782888920446431769e-01 5.971666523145413130e+00 -1.586139176422416064e+01 1.341043079282378259e-01 5.782888920446431769e-01 1.341043079282378259e-01 -1.455834772402308808e+01
-5.635361956628794466e+00 -2.119728623275037194e+00 -4.615970485139443413e-01 -2.119728623275037194e+00 -2.163984929891392905e+00 -6.751134614715712523e+00 -4.615970485139443413e-01 -6.751134614715712523e+00 -1.052116865757224140e+01
7.149434730371564406e+00 -1.559983531497949993e+00 -8.700177948547437312e-01 -1.559983531497949993e+00 7.566702596017981231e-01 1.148380500256838355e+00 -8.700177948547437312e-01 1.148380500256838355e+00 5.618840849749933142e-01
-1.399867902364793082e+01 7.304067574788306594e-01 -1.399795077466521542e+00 7.304067574788306594e-01 -2.578373124555279716e+01 -4.637393893276287926e+00 -1.399795077466521542e+00 -4.637393893276287926e+00 -2.286716027423127429e+01
-9.635440433351204703e+00 1.128863735689047687e-01 -1.830991316884450715e+00 1.128863735689047687e-01 5.694896173073224155e+00 -3.762028405597850345e+00 -1.830991316884450715e+00 -3.762028405597850345e+00 -9.722833606393932016e+00
1.129083318067625896e+01 -8.169260467256208358e+00 -2.947442919006906248e-01 -8.169260467256208358e+00 2.235590753708303424e+01 -1.899603023782966194e+00 -2.947442919006906248e-01 -1.899603023782966194e+00 -1.671046082208654937e+01
-2.666104430747441612e+01 3.043350758519684174e+00 1.977439896486233861e+00 3.043350758519684174e+00 -1.593462402485354623e+01 -9.141159851007298442e+00 1.977439896486233861e+00 -9.141159851007298442e+00 -2.448202947122740625e+01
-7.285173331613929548e+00 8.225574556214414912e+00 4.478262884817934442e+00 8.225574556214414912e+00 -2.460712458039403305e+00 -1.170674326902136908e+00 4.478262884817934442e+00 -1.170674326902136908e+00 -2.817862907966278030e+01
-2.987779617140715871e+01 4.398190150461743109e+00 3.388002435299735660e-01 4.398190150461743109e+00 -2.045735243655635571e+01 1.604440575463932817e+00 3.388002435299735660e-01 1.604440575463932817e+00 -1.994578772092792462e+01
3.246706183955012648e+01 1.809838572356842867e+00 -5.505966297092743211e+00 1.809838572356842867e+00 2.298734281352383135e+01 9.373965455649779788e-01 -5.505966297092743211e+00 9.373965455649779788e-01 1.958566538077749186e+01
1.705093048718541127e+01 -1.079932102448027464e+01 -9.283777690966008370e-03 -1.079932102448027464e+01 -1.029927996895625952e+01 3.290896681551437108e+00 -9.283777690966008370e-03 3.290896681551437108e+00 3.255532344470475437e+01
-7.804218263967545255e+00 -1.569360118927936032e-01 1.983591317142609611e+00 -1.569360118927936032e-01 -4.520232850772639921e+00 1.952562923802825701e+00 1.983591317142609611e+00 1.952562923802825701e+00 -7.694958048822579499e+00
-1.988351542098585156e+01 6.658648715104569682e+00 2.264994998302046092e+00 6.658648715104569682e+00 -4.159425858562609157e+00 -3.784237300050802055e+00 2.264994998302046092e+00 -3.784237300050802055e+00 -2.834847863519580358e+01
-4.786086189085250631e+00 7.130486593588430289e+00 3.100448391267468740e+00 7.130486593588430289e+00 -3.035135392587188718e+01 4.921527868915007708e+00 3.100448391267468740e+00 4.921527868915007708e+00 -1.731938079744803005e+01
1.648199303156321349e+01 1.303176436970355390e+01 3.550499995502796047e+00 1.303176436970355390e+01 -7.750541596142427991e+00 6.590789448144465545e+00 3.550499995502796047e+00 6.590789448144465545e+00 1.804787972092738357e+01
-4.733117187150489791e+00 1.815279107356609911e+00 3.138946851395109761e+00 1.815279107356609911e+00 5.695545132087568296e-01 4.529759134725339642e+00 3.138946851395109761e+00 4.529759134725339642e+00 -1.221637206718090507e+00
-1.776932391713536674e+01 6.842201510571595868e+00 4.227805759635862692e+00 6.842201510571595868e+00 8.572550747779166258e+00 -1.662687274385448610e+00 4.227805759635862692e+00 -1.662687274385448610e+00 2.518811253450871757e+00
-1.063353992148501348e+01 1.519478258727656073e+00 6.389665056902232854e-01 1.519478258727656073e+00 -1.268068928556011343e+01 5.853639407345899714e-01 6.389665056902232854e-01 5.853639407345899714e-01 -4.188184259476795290e+00
9.592966414218592419e+00 5.016958544143226284e+00 5.918587969698400286e+00 5.016958544143226284e+00 -3.243925615407153629e+00 4.899869132662614923e+00 5.918587969698400286e+00 4.899869132662614923e+00 7.991926076930639944e+00
4.532183150939347094e+00 4.309470241580066308e+00 2.351936221233571267e+00 4.309470241580066308e+00 2.164100917046380346e+01 -9.517785353019007077e-01 2.351936221233571267e+00 -9.517785353019007077e-01 6.181955092152541020e+00
-1.948749692552180335e+01 1.577119274258031556e+00 -5.720910714389226825e-01 1.577119274258031556e+00 -1.071905007908649488e+01 -2.811785357739544078e-01 -5.720910714389226825e-01 -2.811785357739544078e-01 -1.115403455625214235e+01
1.859875889645262514e+00 4.651761360195226125e+00 2.524880138230567450e+00 4.651761360195226125e+00 1.843071385185667665e+01 -1.505095744509438171e+00 2.524880138230567450e+00 -1.505095744509438171e+00 5.217723724887552095e+00
2.057045170170365012e+01 -2.431166616102989675e+00 -3.316571630202634680e+00 -2.431166616102989675e+00 4.046023178905901574e+00 9.485412607907567351e-01 -3.316571630202634680e+00 9.485412607907567351e-01 1.487861637264229131e+01
1.274405866685162358e+01 -3.075427751372342478e+00 -5.693826338192844005e+00 -3.075427751372342478e+00 1.713067392702415859e+01 -8.890554642286979670e-01 -5.693826338192844005e+00 -8.890554642286979670e-01 -2.630994804942866860e+00
7.786571656195075519e+00 5.374639551217708089e+00 3.071854563121143578e+00 5.374639551217708089e+00 2.227419865863446446e+01 -3.340878926930268111e+00 3.071854563121143578e+00 -3.340878926930268111e+00 2.643591738217636689e+01
9.784963373475866533e+00 -3.433779357082569650e+00 1.719857804818054337e-01 -3.433779357082569650e+00 1.532918543532295530e+01 1.657702022975071188e+00 1.719857804818054337e-01 1.657702022975071188e+00 -1.339366632652235367e+01
-1.343932436861940749e+00 7.669023897490482078e+00 4.795081040084189894e+00 7.669023897490482078e+00 7.237483142926401491e+00 -5.840021015149777561e+00 4.795081040084189894e+00 -5.840021015149777561e+00 1.508313119688237869e+01
2.682137115154568985e+00 4.519686780114314573e+00 5.829712875426702468e+00 4.519686780114314573e+00 2.475037852366232016e+01 -4.929274064159831603e+00 5.829712875426702468e+00 -4.929274064159831603e+00 8.624427918709926644e+00
2.219381460368087033e+01 3.759599198451541585e-02 -2.388295203762767382e+00 3.759599198451541585e-02 4.581335332149335748e+00 -2.276174959336127179e-01 -2.388295203762767382e+00 -2.276174959336127179e-01 9.337715581737196402e+00
-1.556789588279498737e+01 -1.119714645550072341e+01 1.007902631783007319e+00 -1.119714645550072341e+01 -3.073388306747334653e+01 2.676884649415016693e+00 1.007902631783007319e+00 2.676884649415016693e+00 -1.393727918165260782e+01
-1.361231276047450223e+01 2.314255175691223076e+00 -4.224597871413664940e+00 2.314255175691223076e+00 -1.808752191981293578e+01 3.312788412274730199e+00 -4.224597871413664940e+00 3.312788412274730199e+00 -2.732173277678672907e+00
1.636334723808180458e-01 7.127401461349523792e+00 -1.170648456695664530e+00 7.127401461349523792e+00 1.850927796962914262e-01 9.424750513883606295e-01 -1.170648456695664530e+00 9.424750513883606295e-01 -1.309853294048421901e+01
-1.010581730946651291e+01 1.513614721484831893e+00 2.577710169981293653e+00 1.513614721484831893e+00 1.604141405691158928e+00 -8.249051228105521716e+00 2.577710169981293653e+00 -8.249051228105521716e+00 -2.437220696700169054e+00
6.071164552963640659e+00 -7.250007764481686046e+00 -6.549498715364264534e+00 -7.250007764481686046e+00 -2.366530019925679085e+01 7.341733316962916867e+00 -6.549498715364264534e+00 7.341733316962916867e+00 -6.999516142262335983e+00
-1.213601205886314816e+00 3.141264802246160670e+00 -8.502624366979010251e-01 3.141264802246160670e+00 -3.181953302950550366e+01 7.320477843296881559e+00 -8.502624366979010251e-01 7.320477843296881559e+00 -1.369693842978212217e+01
1.756318455108818677e+00 -9.121992657656001313e+00 -3.010755035744827612e+00 -9.121992657656001313e+00 -1.758312270588566051e+01 7.669073677775982922e+00 -3.010755035744827612e+00 7.669073677775982922e+00 -2.301001214084627544e-01
4.283451167329522136e+00 -1.080308113076016774e+01 -7.347705934157357177e+00 -1.080308113076016774e+01 -1.486760374490645553e+01 4.357759137827797780e+00 -7.347705934157357177e+00 4.357759137827797780e+00 -5.149516257584280332e+00
-4.527491881744269087e+00 5.691843202872512109e+00 1.273949601394992748e-01 5.691843202872512109e+00 2.424580484844152117e+00 1.751929713818191514e+00 1.273949601394992748e-01 1.751929713818191514e+00 -8.806486409329002285e+00
2.162975896438606327e+01 2.257448757896046043e+00 -2.018186444171858884e+00 2.257448757896046043e+00 7.756173140441448233e+00 1.790087308780107800e-01 -2.018186444171858884e+00 1.790087308780107800e-01 1.360962119154110006e+01
3.336364147073547315e+01 -1.951552533819963520e+00 -8.918316748286103657e-01 -1.951552533819963520e+00 3.752304520321805370e+01 -4.333971077788648429e+00 -8.918316748286103657e-01 -4.333971077788648429e+00 4.184910473699192579e+01
-1.147003158476857410e+00 8.109255351242831145e-01 6.186687899374904376e+00 8.109255351242831145e-01 2.831626182886447740e+00 1.264217150470280382e+00 6.186687899374904376e+00 1.264217150470280382e+00 -1.053616805593800088e+01
1.290636036382990248e+01 -3.475652696245338236e-01 -4.381351237493250617e-01 -3.475652696245338236e-01 2.433221108424180912e+01 -4.908669953553097542e-01 -4.381351237493250617e-01 -4.908669953553097542e-01 1.257202636782648852e+01
2.392367374551028991e+00 1.071607202424660787e+00 2.470556369281240006e+00 1.071607202424660787e+00 5.034542771053823529e+00 -5.271296370940379283e+00 2.470556369281240006e+00 -5.271296370940379283e+00 7.046275834238514335e+00
-1.973401657030377265e+01 -6.140429234967534899e-01 1.568815078903113447e+00 -6.140429234967534899e-01 -3.849371747872210392e+01 1.926625330510740364e+00 1.568815078903113447e+00 1.926625330510740364e+00 4.630120558224375960e-01
1.506279651519787599e+01 5.841255525239668955e+00 8.482212967767649436e-01 5.841255525239668955e+00 1.617864022233732513e+01 -8.794951670884528783e-01 8.482212967767649436e-01 -8.794951670884528783e-01 2.332727901231540457e+01
-8.514629024586140460e+00 4.731108604771306680e+00 1.966507433677608718e+00 4.731108604771306680e+00 -2.388223205732099785e+01 3.737556880843700746e+00 1.966507433677608718e+00 3.737556880843700746e+00 -5.121355358330739627e+00
-2.123164557855345791e+01 -5.061718327822529728e-01 -8.026202424212171005e-01 -5.061718327822529728e-01 -2.421787487072088751e+01 -7.411403951032424331e+00 -8.026202424212171005e-01 -7.411403951032424331e+00 -2.666782531681070978e+01
-1.390117412161692378e+01 3.501030239975160718e+00 4.081765548209816963e+00 3.501030239975160718e+00 -1.900184865326482964e+01 6.229035001846423114e+00 4.081765548209816963e+00 6.229035001846423114e+00 -1.848710228541704126e+01
7.451536094719484637e+00 6.059706170334225206e+00 8.345114905947756512e+00 6.059706170334225206e+00 2.545175692365134168e+01 -4.120402176097579527e+00 8.345114905947756512e+00 -4.120402176097579527e+00 1.062229859146595207e-01
