2.857194748532709738e+01 3.470772736897020483e+00 -4.890592217862848479e+00 3.470772736897020483e+00 1.997317378475289118e+01 -3.237717525878176961e+00 -4.890592217862848479e+00 -3.237717525878176961e+00 2.603229419477871076e+01
2.549408094251322865e+00 -1.498166472212285327e-04 -1.089575616154389354e-04 -1.498166472212285327e-04 2.549740414814249956e+00 -1.144054396962108781e-04 -1.089575616154389354e-04 -1.144054396962108781e-04 2.550693793478384652e+00
2.549408094251322865e+00 -1.498166472212285327e-04 -1.089575616154389354e-04 -1.498166472212285327e-04 2.549740414814249956e+00 -1.144054396962108781e-04 -1.089575616154389354e-04 -1.144054396962108781e-04 2.550693793478384652e+00
2.549408094251322865e+00 -1.498166472212285327e-04 -1.089575616154389354e-04 -1.498166472212285327e-04 2.549740414814249956e+00 -1.144054396962108781e-04 -1.089575616154389354e-04 -1.144054396962108781e-04 2.550693793478384652e+00
1.043713781536988172e+01 -1.656285069380267094e+00 -6.698339011897905260e-02 -1.656285069380267094e+00 1.255734137539442052e+01 -2.874562896097652698e-01 -6.698339011897905260e-02 -2.874562896097652698e-01 1.175408457041239707e+01
2.549408094251322865e+00 -1.498166472212285327e-04 -1.089575616154389354e-04 -1.498166472212285327e-04 2.549740414814249956e+00 -1.144054396962108781e-04 -1.089575616154389354e-04 -1.144054396962108781e-04 2.550693793478384652e+00
2.549408094251322865e+00 -1.498166472212285327e-04 -1.089575616154389354e-04 -1.498166472212285327e-04 2.549740414814249956e+00 -1.144054396962108781e-04 -1.089575616154389354e-04 -1.144054396962108781e-04 2.550693793478384652e+00
1.572969455640543401e+01 5.018857557969306216e-01 -1.046543529023154576e-02 5.018857557969306216e-01 1.129775955683366639e+01 2.435468832179833676e+00 -1.046543529023154576e-02 2.435468832179833676e+00 1.810155920523111561e+01
1.984071874353472964e+01 2.267203956973042889e+00 -3.038820992831667400e+00 2.267203956973042889e+00 5.996806554482715157e+00 -7.513645497515952343e+00 -3.038820992831667400e+00 -7.513645497515952343e+00 2.291478358163826812e+01
2.549408094251322865e+00 -1.498166472212285327e-04 -1.089575616154389354e-04 -1.498166472212285327e-04 2.549740414814249956e+00 -1.144054396962108781e-04 -1.089575616154389354e-04 -1.144054396962108781e-04 2.550693793478384652e+00
1.066528868780743267e+01 3.198956013381586416e+00 -1.979187590754201809e+00 3.198956013381586416e+00 1.617003463739095537e+01 1.685926345387601444e+00 -1.979187590754201809e+00 1.685926345387601444e+00 1.714404666650052178e+01
2.549408094251322865e+00 -1.498166472212285327e-04 -1.089575616154389354e-04 -1.498166472212285327e-04 2.549740414814249956e+00 -1.144054396962108781e-04 -1.089575616154389354e-04 -1.144054396962108781e-04 2.550693793478384652e+00
2.549408094251322865e+00 -1.498166472212285327e-04 -1.089575616154389354e-04 -1.498166472212285327e-04 2.549740414814249956e+00 -1.144054396962108781e-04 -1.089575616154389354e-04 -1.144054396962108781e-04 2.550691069539344547e+00
2.549408094251322865e+00 -1.498166472212285327e-04 -1.089575616154389354e-04 -1.498166472212285327e-04 2.549740414814249956e+00 -1.144054396962108781e-04 -1.089575616154389354e-04 -1.144054396962108781e-04 2.550693793478384652e+00
1.810614237807440929e+01 -1.032584964414337669e+00 -3.375198925745087841e+00 -1.032584964414337669e+00 3.562327411990501247e+01 6.314241710830692078e+00 -3.375198925745087841e+00 6.314241710830692078e+00 2.794941150543181152e+01
2.213373900046977383e+01 -1.450268387723881558e+00 -1.860018771755598932e+00 -1.450268387723881558e+00 2.021184397781719255e+01 1.082242818786978589e+00 -1.860018771755598932e+00 1.082242818786978589e+00 2.121158693782994220e+01
2.329529791382085335e+01 4.897162782550251947e+00 1.636120721802567290e+00 4.897162782550251947e+00 2.581114899087710413e+01 -5.638850497370599957e-01 1.636120721802567290e+00 -5.638850497370599957e-01 2.463450759830570291e+01
1.257395193289162449e+01 5.194916675016445495e+00 1.725567383580016489e+00 5.194916675016445495e+00 8.521198256575727825e+00 -8.408634919277551134e+00 1.725567383580016489e+00 -8.408634919277551134e+00 1.654826146770096784e+01
2.549408094251322865e+00 -1.498166472212285327e-04 -1.089575616154389354e-04 -1.498166472212285327e-04 2.549740414814249956e+00 -1.144054396962108781e-04 -1.089575616154389354e-04 -1.144054396962108781e-04 2.550693793478384652e+00
2.549408094251322865e+00 -1.498166472212285327e-04 -1.089575616154389354e-04 -1.498166472212285327e-04 2.549740414814249956e+00 -1.144054396962108781e-04 -1.089575616154389354e-04 -1.144054396962108781e-04 2.550693793478384652e+00
3.099100029523547661e+01 1.795415166581903588e+00 1.323755809748007550e+00 1.795415166581903588e+00 1.583221076777623715e+01 4.071817414031293936e+00 1.323755809748007550e+00 4.071817414031293936e+00 2.753340852369043290e+01
1.696647377106776489e+01 -7.846216809221272515e-01 9.403967455132121733e-01 -7.846216809221272515e-01 2.388547111466475315e+01 4.725174188598510128e+00 9.403967455132121733e-01 4.725174188598510128e+00 1.909277029329648556e+01
3.016240232330594750e+01 5.416702700265710879e-01 1.137238969331696437e+00 5.416702700265710879e-01 2.813729473987752527e+01 1.474297943818861256e+00 1.137238969331696437e+00 1.474297943818861256e+00 2.629628365709716320e+01
2.549408094251322865e+00 -1.498166472212285327e-04 -1.089575616154389354e-04 -1.498166472212285327e-04 2.549740414814249956e+00 -1.144054396962108781e-04 -1.089575616154389354e-04 -1.144054396962108781e-04 2.550691069539344547e+00
9.502659437164540535e+00 2.124580674897755372e+00 -2.005368199432343790e+00 2.124580674897755372e+00 1.056662301892784050e+01 4.884653495852063543e+00 -2.005368199432343790e+00 4.884653495852063543e+00 1.367859368110132756e+01
2.549408094251322865e+00 -1.498166472212285327e-04 -1.089575616154389354e-04 -1.498166472212285327e-04 2.549740414814249956e+00 -1.144054396962108781e-04 -1.089575616154389354e-04 -1.144054396962108781e-04 2.550693793478384652e+00
3.326167055531799033e+00 1.572308735470968888e-01 9.373685511743659049e-01 1.572308735470968888e-01 4.097467291657378219e+00 -4.290006852307443608e-01 9.373685511743659049e-01 -4.290006852307443608e-01 3.711038043719401269e+00
6.332295216433119656e+00 2.538113387725683179e+00 -4.160570339575641263e+00 2.538113387725683179e+00 3.001363872407159405e+00 1.292690780391779537e+00 -4.160570339575641263e+00 1.292690780391779537e+00 4.495709802464911142e-01
2.161476059489193347e+01 -3.618369807912531932e+00 2.695861893851474900e+00 -3.618369807912531932e+00 2.159912398068751571e+01 -1.623365857911333032e-01 2.695861893851474900e+00 -1.623365857911333032e-01 1.871830225594288066e+01
1.199022238195706791e+01 4.857440178576529211e-01 6.112197655910955874e+00 4.857440178576529211e-01 9.171957587258509292e+00 -1.844011999445349659e+00 6.112197655910955874e+00 -1.844011999445349659e+00 1.272014092992026946e+01
1.702900643048334928e+01 6.007601745750034361e+00 -5.145206463875778846e-01 6.007601745750034361e+00 1.898848584550263041e+01 -6.093550744482911341e+00 -5.145206463875778846e-01 -6.093550744482911341e+00 1.188127362352453176e+01
2.549408094251322865e+00 -1.498166472212285327e-04 -1.089575616154389354e-04 -1.498166472212285327e-04 2.549740414814249956e+00 -1.144054396962108781e-04 -1.089575616154389354e-04 -1.144054396962108781e-04 2.550691069539344547e+00
2.549408094251322865e+00 -1.498166472212285327e-04 -1.089575616154389354e-04 -1.498166472212285327e-04 2.549740414814249956e+00 -1.144054396962108781e-04 -1.089575616154389354e-04 -1.144054396962108781e-04 2.550693793478384652e+00
-4.404439137751581690e+00 -2.281914395142285557e+00 -1.547184618118585098e+00 -2.281914395142285557e+00 6.982600680164712692e+00 4.876857067994084360e+00 -1.547184618118585098e+00 4.876857067994084360e+00 5.742761137783232606e+00
