1.490758937262411266e+00 5.646267291860211479e+00 4.700245206129752162e+00 5.646267291860211479e+00 -2.957197848650929828e-01 -1.446673782631746619e+00 4.700245206129752162e+00 -1.446673782631746619e+00 3.612415592579363288e+00
5.027858654808889050e+00 -3.362609012217094406e+00 -5.512761362263830733e+00 -3.362609012217094406e+00 -2.374857058404945764e+00 5.512227500267145253e+00 -5.512761362263830733e+00 5.512227500267145253e+00 -1.566129265207244048e+00
-6.859293166837875155e+00 2.814037462987002414e+00 -4.804517280481471198e-01 2.814037462987002414e+00 1.845495280640168767e+00 -3.251460058208332171e+00 -4.804517280481471198e-01 -3.251460058208332171e+00 -1.296429200285993621e+00
1.013270872653343879e+01 -3.959306435353764808e+00 -3.088998439428234821e+00 -3.959306435353764808e+00 3.716143527865304463e+01 -6.728269031449419124e+00 -3.088998439428234821e+00 -6.728269031449419124e+00 2.251636448277190539e+01
-8.812610980346451406e-01 -2.231680385099929609e+00 1.026650237996278570e+01 -2.231680385099929609e+00 2.921558008302786558e+00 1.305563596644278235e+00 1.026650237996278570e+01 1.305563596644278235e+00 1.054541839279364979e+01
2.375161495167737158e+01 -1.463133866084202150e+00 -3.448179240520675481e+00 -1.463133866084202150e+00 1.665325044020072554e+01 6.986713217860531344e+00 -3.448179240520675481e+00 6.986713217860531344e+00 2.019998741660452524e+01
-3.156954781135306920e+00 1.431297341457443140e-01 5.456689157520286937e-01 1.431297341457443140e-01 -5.591987635590337291e+00 1.607506670139219329e-02 5.456689157520286937e-01 1.607506670139219329e-02 -4.313930041545245508e+00
1.379413709315497982e+01 1.352184389816651411e+01 5.940603996812228615e+00 1.352184389816651411e+01 2.859118679369413218e+00 -4.338032104927908583e-01 5.940603996812228615e+00 -4.338032104927908583e-01 1.607024654268034780e+01
-1.436150796743017288e+01 -7.345023532829771939e-01 -2.838845861424001527e+00 -7.345023532829771939e-01 -1.983485935057114347e+01 2.305724597650015362e+00 -2.838845861424001527e+00 2.305724597650015362e+00 -1.264615503081430958e+01
-9.483404079035683054e+00 2.782081986798750073e-01 -1.327791725450235605e+00 2.782081986798750073e-01 -9.217917674849291032e+00 1.944060997076310082e+00 -1.327791725450235605e+00 1.944060997076310082e+00 -1.729814134473599774e+00
-1.584726646524998372e+01 -1.901584164098711671e+00 -9.316316729275084807e-01 -1.901584164098711671e+00 -1.714641990653187875e+01 2.032006714017291049e+00 -9.316316729275084807e-01 2.032006714017291049e+00 -2.471717923262212580e+01
2.493829205576138008e+01 -1.094895806811559602e+01 -2.411841324721607727e+00 -1.094895806811559602e+01 1.204614862012675314e+00 3.814465130563244877e+00 -2.411841324721607727e+00 3.814465130563244877e+00 2.774712242789803440e+01
-2.233524407778050147e+01 3.017041810267483193e+00 -1.647063579117451937e+00 3.017041810267483193e+00 -1.934944552700671494e+01 -1.470884895918018964e+00 -1.647063579117451937e+00 -1.470884895918018964e+00 -2.448102869574570306e+01
2.509083083890678978e+01 1.358767342669774614e+00 -2.222086752263465748e+00 1.358767342669774614e+00 3.135207601788389553e+01 -1.004627818434738629e+01 -2.222086752263465748e+00 -1.004627818434738629e+01 3.575589218032548899e+01
-2.340412779742223393e+01 -2.791874076786365233e+00 -8.851512396676310124e-02 -2.791874076786365233e+00 -2.012696951495634323e+01 9.170940560390599128e-01 -8.851512396676310124e-02 9.170940560390599128e-01 -2.992288213076204784e+01
-1.842730338122226286e+01 -4.225072931818681710e+00 -1.084135903294442427e+00 -4.225072931818681710e+00 -2.265745374689213421e+01 1.657321487925964565e+00 -1.084135903294442427e+00 1.657321487925964565e+00 -2.255814258309092679e+01
1.702534602267985919e+00 -3.384830078455046021e+00 5.532912330847566951e-01 -3.384830078455046021e+00 6.304325210946694291e+00 -6.423627519940613873e+00 5.532912330847566951e-01 -6.423627519940613873e+00 4.585778127401831661e+00
2.136423803850279857e+00 9.087376722383641692e+00 2.368471024449455342e+00 9.087376722383641692e+00 8.304905958367257313e+00 1.323173239330449169e+00 2.368471024449455342e+00 1.323173239330449169e+00 1.341539873430705754e+01
-3.776789867058729300e+01 6.118537054088606375e+00 2.677024155481447232e-01 6.118537054088606375e+00 -3.741835517299277569e+01 3.351318140406251089e+00 2.677024155481447232e-01 3.351318140406251089e+00 -4.083377212137639134e+01
-2.308836321424845295e+01 -1.844337137838431895e+00 -3.617322068753190845e+00 -1.844337137838431895e+00 -2.374429499214368988e+01 8.231825378255981374e-01 -3.617322068753190845e+00 8.231825378255981374e-01 -1.433973442027470924e+01
1.062600704486090741e+01 5.102148130918065405e+00 1.551415214887509775e+00 5.102148130918065405e+00 1.342701662630017556e-01 8.237518598291958538e-01 1.551415214887509775e+00 8.237518598291958538e-01 9.412008696016075371e-01
7.673315480352979279e+00 -7.513346399920338037e+00 -5.378878892471303352e+00 -7.513346399920338037e+00 2.670619540781851242e+01 2.683540040099720581e-01 -5.378878892471303352e+00 2.683540040099720581e-01 3.486616030791047649e+01
9.060057361388311747e+00 2.763108333247861204e-01 5.053356676076051102e+00 2.763108333247861204e-01 4.928306448672851836e+00 -5.588145437917517722e-01 5.053356676076051102e+00 -5.588145437917517722e-01 2.085691946167879607e+01
-1.149141971364885606e+01 -2.474772015548359683e+00 -5.654839823023051215e-01 -2.474772015548359683e+00 2.117263017542598824e+00 -3.550100407546888270e+00 -5.654839823023051215e-01 -3.550100407546888270e+00 -1.297698502647907404e+01
1.106695481319890284e+01 -2.593555749503173580e+00 2.683110805266074372e+00 -2.593555749503173580e+00 -7.259089611999566038e+00 1.195390542125339017e+00 2.683110805266074372e+00 1.195390542125339017e+00 -1.407416519875708438e+01
-7.326943887281991863e+00 1.543704576866139044e+00 5.109986660890145416e+00 1.543704576866139044e+00 -5.956461102018232312e-01 7.726040042282904530e-01 5.109986660890145416e+00 7.726040042282904530e-01 -2.148155501711254090e+01
2.453524276137241600e+01 -3.254439368085600970e-01 2.570576867400959031e+00 -3.254439368085600970e-01 2.793562912162195033e+01 -1.633096713363051400e+00 2.570576867400959031e+00 -1.633096713363051400e+00 1.551493565296759769e+01
2.493829205576138008e+01 -1.094895806811559602e+01 -2.411841324721607727e+00 -1.094895806811559602e+01 1.204614862012675314e+00 3.814465130563244877e+00 -2.411841324721607727e+00 3.814465130563244877e+00 2.774712242789803440e+01
-2.330905981822760253e+01 -2.831325880147139706e+00 -2.286486414315871407e+00 -2.831325880147139706e+00 -2.983303022477100797e+01 3.065578092857100145e+00 -2.286486414315871407e+00 3.065578092857100145e+00 -2.732680820414262968e+01
1.365922464307537254e+01 -8.933365125697633857e+00 -2.265874419805890660e+00 -8.933365125697633857e+00 1.471711389233848477e-01 8.757244123924206036e+00 -2.265874419805890660e+00 8.757244123924206036e+00 7.685117119963412513e+00
-1.951390987918835407e+01 -1.089854964379339597e+00 -1.388569014647495825e+00 -1.089854964379339597e+00 -3.286919782887186869e+01 2.126557673209650279e+00 -1.388569014647495825e+00 2.126557673209650279e+00 -1.120696838845966425e+01
8.159902814532756565e+00 -1.299113890554178363e+00 -5.400474437562083452e+00 -1.299113890554178363e+00 1.093833760271359345e+01 -2.837783366515625350e+00 -5.400474437562083452e+00 -2.837783366515625350e+00 3.864771088546250954e+00
-2.446073041646481272e+01 -1.671054490373468759e+00 -1.799268708765101366e+00 -1.671054490373468759e+00 -2.245229968463457837e+01 1.020337243462386745e+00 -1.799268708765101366e+00 1.020337243462386745e+00 -2.559857976074247077e+01
5.147108853094534808e+00 5.459356315000753135e+00 -1.445892479076843484e+00 5.459356315000753135e+00 -4.728166521229095309e+00 1.178657516627366730e+00 -1.445892479076843484e+00 1.178657516627366730e+00 -8.058050215280297968e-01
1.078493772998131384e+01 8.898850692735418733e+00 5.871129276961297272e+00 8.898850692735418733e+00 -5.375410235369939116e+00 5.737276550216372506e-01 5.871129276961297272e+00 5.737276550216372506e-01 8.663526263367888891e-01
-2.549142486250884332e+01 5.482718874164429046e+00 3.416764952343766648e+00 5.482718874164429046e+00 -2.985751684886325563e+01 2.960088175080965112e+00 3.416764952343766648e+00 2.960088175080965112e+00 -1.831791934655607434e+01
-2.440609917890683889e+01 4.577253756397195339e+00 1.878279983539178577e+00 4.577253756397195339e+00 -1.151629617219551704e+01 -3.255053409541345255e-01 1.878279983539178577e+00 -3.255053409541345255e-01 -1.783183458001915866e+01
-2.883166724761444755e+00 -1.735935999590721091e+00 -9.883389336399726055e-01 -1.735935999590721091e+00 -1.250399993627253714e+01 2.819637484496493762e+00 -9.883389336399726055e-01 2.819637484496493762e+00 -1.068403537869776088e+01
4.502921982082042973e+00 4.467298725190144815e+00 3.068310249610120555e-02 4.467298725190144815e+00 8.529849786158274938e+00 -3.161866519811788123e+00 3.068310249610120555e-02 -3.161866519811788123e+00 5.224177336446746978e+00
-6.251594502135542797e+00 3.906053539815417253e+00 5.994668493442409929e-01 3.906053539815417253e+00 1.409500490177632681e+00 -1.231464505858199443e+00 5.994668493442409929e-01 -1.231464505858199443e+00 5.217364646955026330e+00
1.021821553140398819e+01 4.933156924128988763e+00 1.165226670366287659e-01 4.933156924128988763e+00 1.755420317595557611e+00 6.919174939806713276e+00 1.165226670366287659e-01 6.919174939806713276e+00 1.679193905672404696e+01
3.336473362440887769e+00 -5.134626301412200666e-01 -3.432290839637393898e+00 -5.134626301412200666e-01 -1.450200654630024788e+00 -2.922972759529713471e+00 -3.432290839637393898e+00 -2.922972759529713471e+00 2.467824717650421107e+00
-3.289715120488736488e+01 -5.643848307048197732e+00 2.892807964550904720e-01 -5.643848307048197732e+00 -1.931552728738586922e+01 2.264042666936268322e+00 2.892807964550904720e-01 2.264042666936268322e+00 -2.399727250143744328e+01
-8.506170177861069881e-01 -4.787712933197429521e+00 4.942252389022440795e+00 -4.787712933197429521e+00 2.663057098897487407e+01 2.235581247892320655e-01 4.942252389022440795e+00 2.235581247892320655e-01 -2.336030694896754412e+00
2.041406878744990649e+01 -1.302238215621289896e+01 -9.177786258428899391e-01 -1.302238215621289896e+01 3.092089910298459543e+01 -3.225929945490429329e+00 -9.177786258428899391e-01 -3.225929945490429329e+00 4.993120989709898083e+01
-2.579074508189666659e+01 3.182432483403610846e+00 1.239729168086758371e+00 3.182432483403610846e+00 -2.993947612571485450e+01 2.027812267592759010e+00 1.239729168086758371e+00 2.027812267592759010e+00 -4.243933291297345534e+01
-1.555839863853162974e+01 -7.524002820093500077e+00 -2.488969242795889159e+00 -7.524002820093500077e+00 -2.181558349184112799e+01 4.919493520957783694e+00 -2.488969242795889159e+00 4.919493520957783694e+00 -1.197047165335599495e+01
-2.854204991947890235e+00 -8.922448726138556552e-01 1.782072958774135518e+00 -8.922448726138556552e-01 -1.127832770389603212e+01 5.569283808799313285e+00 1.782072958774135518e+00 5.569283808799313285e+00 -1.356561055630826651e+01
1.400870928914374502e+01 2.442725957893583377e+00 4.927741164846047295e-01 2.442725957893583377e+00 1.388232762528962283e+01 4.100586994936844754e+00 4.927741164846047295e-01 4.100586994936844754e+00 1.044481785129902818e+01
2.370722783120864818e+01 -2.302419348930654586e+00 -7.853746147541341704e-01 -2.302419348930654586e+00 1.010541267353831962e+01 6.390380119660526326e+00 -7.853746147541341704e-01 6.390380119660526326e+00 8.869545799344448866e+00
