1.798650628537313167e+01 -7.461114641006070247e-01 -9.996026151849877195e+00 -7.461114641006070247e-01 3.072701798597518774e+01 -3.780791571147769092e-01 -9.996026151849877195e+00 -3.780791571147769092e-01 -2.785225817816793459e+00
1.605677934513323279e+01 5.547729396861344142e+00 -1.529746472757786258e+01 5.547729396861344142e+00 5.580170173292194891e-01 1.821897615535762460e+00 -1.529746472757786258e+01 1.821897615535762460e+00 1.195641523364162673e+01
-2.661584311343296605e+01 -5.485856726808915340e-01 -1.978813994508621832e+00 -5.485856726808915340e-01 -6.856005949232118368e+00 1.099229264622275243e-01 -1.978813994508621832e+00 1.099229264622275243e-01 -4.884717420342221672e+00
2.657262956747014471e+01 3.476470751211938381e+00 2.247621545788649033e+00 3.476470751211938381e+00 9.926411264916492172e+00 -2.984111731598209971e+00 2.247621545788649033e+00 -2.984111731598209971e+00 -4.836894249001829849e+00
-1.379611636023022569e+01 -2.391140456201862108e+00 3.512846931827511288e-01 -2.391140456201862108e+00 -1.022662700585049045e+01 -1.196501154556299573e+00 3.512846931827511288e-01 -1.196501154556299573e+00 -3.922652090498536026e+00
-1.386053677654576077e+01 2.785317979889815998e+00 -4.365367741545851388e+00 2.785317979889815998e+00 -7.528073494450723047e+00 6.864821476282170210e-01 -4.365367741545851388e+00 6.864821476282170210e-01 1.216684394868924279e+01
-1.402571623440166348e+01 4.007318071731488907e+00 6.815843412701920734e+00 4.007318071731488907e+00 -1.673913645954275609e+01 2.350225240142213678e+00 6.815843412701920734e+00 2.350225240142213678e+00 -8.801071459369872230e+00
7.396803097986182074e+00 3.098326947310545143e-01 7.999725673892204014e+00 3.098326947310545143e-01 2.637262142915791685e+01 6.633692206003205527e+00 7.999725673892204014e+00 6.633692206003205527e+00 6.637382291701386272e+00
6.997751242465764854e+00 -5.071480622972609487e-01 4.283378125542424364e+00 -5.071480622972609487e-01 6.007590413980105737e+00 -1.758894960000307650e+00 4.283378125542424364e+00 -1.758894960000307650e+00 2.706320786206655171e+00
2.992019612885231439e+01 -1.248319528086499552e+01 -6.474879263984598232e+00 -1.248319528086499552e+01 1.588824454305996703e+01 -6.535427120964869552e+00 -6.474879263984598232e+00 -6.535427120964869552e+00 2.521902432603356559e+01
6.285657832254393895e+00 4.691620821029465205e+00 1.388374019103046031e+00 4.691620821029465205e+00 -9.697541765725162577e+00 8.473408015200485366e-01 1.388374019103046031e+00 8.473408015200485366e-01 -6.059823938220919359e+00
-3.290751067476606728e+00 4.718429890726126175e+00 -2.279172790365073364e+00 4.718429890726126175e+00 2.051057744909298819e+01 -7.773032640796328607e+00 -2.279172790365073364e+00 -7.773032640796328607e+00 1.893970661061319660e+01
-7.658457688251671058e+00 -1.602706353267485673e+00 -5.018345154090272153e+00 -1.602706353267485673e+00 -8.979990235246658514e+00 -1.666176803348635715e+00 -5.018345154090272153e+00 -1.666176803348635715e+00 -3.672113677230599649e+01
-3.536325370360423825e+00 -4.129980453650283323e+00 8.288542196698786002e-01 -4.129980453650283323e+00 -5.708642971278469425e+00 6.777960132735964649e+00 8.288542196698786002e-01 6.777960132735964649e+00 -1.247643402846810901e+01
1.838068161254145494e+01 8.975400830953251585e+00 -6.645750762291796399e+00 8.975400830953251585e+00 3.245239810220675736e+01 -1.615226375212452270e+00 -6.645750762291796399e+00 -1.615226375212452270e+00 -3.617191021576012133e+01
1.052437199203957441e+01 2.979012268385879292e+00 8.118917920819601619e-01 2.979012268385879292e+00 -3.634643860008210048e+00 -6.660609359568931964e+00 8.118917920819601619e-01 -6.660609359568931964e+00 5.988698142104756705e+00
1.952051651957855327e+01 -6.943759388065685378e+00 5.365590412729628333e+00 -6.943759388065685378e+00 1.813103628283786861e+01 6.180811831807199397e+00 5.365590412729628333e+00 6.180811831807199397e+00 3.324093555890066387e+00
1.291118290717817274e+01 2.669476257848311551e+00 -1.126460010931408656e-01 2.669476257848311551e+00 8.558142003605379369e-03 -2.872885730154453920e+00 -1.126460010931408656e-01 -2.872885730154453920e+00 6.112880998387422160e+00
-1.564803842755682073e-01 -5.839526251311530913e-01 1.037936805320126971e-01 -5.839526251311530913e-01 -2.145480563748525782e+01 2.844776047129073060e+00 1.037936805320126971e-01 2.844776047129073060e+00 2.196231945872584035e+01
-1.197879056067799475e+01 3.850383897423188984e+00 -1.703574078653583790e+00 3.850383897423188984e+00 -5.022637757835433980e+00 -5.479904510012502783e+00 -1.703574078653583790e+00 -5.479904510012502783e+00 -1.467696165196182712e+01
