6.500995300127179188e-01 2.018473421899220632e+00 4.443900610910299420e+00 2.018473421899220632e+00 2.072669652080789504e+01 -2.888631805241712591e+00 4.443900610910299420e+00 -2.888631805241712591e+00 1.380396255027368646e+01
1.422512143969532072e+00 8.101066985106597507e-01 -5.660304603495756176e-02 8.101066985106597507e-01 1.061854577435859648e+00 1.536013390694970226e+00 -5.660304603495756176e-02 1.536013390694970226e+00 -5.341278125067693061e+00
1.564569031548348299e+01 1.358729228549447665e+00 1.427495818271358463e-01 1.358729228549447665e+00 1.058722534259632475e+00 4.495597265538891385e+00 1.427495818271358463e-01 4.495597265538891385e+00 3.288560359184002913e+00
8.487678067934199433e+00 -3.510868000149303114e+00 -2.896981144094104010e+00 -3.510868000149303114e+00 1.068616495039420933e+01 -2.827172813425924414e+00 -2.896981144094104010e+00 -2.827172813425924414e+00 4.064576961304149805e+00
2.001925938815048411e+01 3.796611870018339108e+00 3.994176786877622565e+00 3.796611870018339108e+00 4.300102220230387928e+01 -7.157551512923970627e+00 3.994176786877622565e+00 -7.157551512923970627e+00 2.339850571348328856e+01
-2.326072049603872927e+01 -2.886367511776426920e+00 -2.810033912882131002e+00 -2.886367511776426920e+00 -2.338143415282547366e+01 -1.509226527497274040e+00 -2.810033912882131002e+00 -1.509226527497274040e+00 -7.703927000538512537e+00
-2.629852053897662145e+01 5.147365427482943900e+00 7.748794921075381481e+00 5.147365427482943900e+00 5.206184097231937535e+00 -1.053781916727787227e+01 7.748794921075381481e+00 -1.053781916727787227e+01 -3.457590537701444333e+01
8.566877097777226169e+00 -5.409020869036859080e-01 -4.604449405981912768e+00 -5.409020869036859080e-01 2.192563409776167305e+01 -1.065283246652633631e+00 -4.604449405981912768e+00 -1.065283246652633631e+00 8.791497009744560387e+00
-2.558895298633726156e+01 -2.805833482089476139e+00 -5.187374346249508328e+00 -2.805833482089476139e+00 -7.211487287367646104e+00 -1.716156279451330979e+00 -5.187374346249508328e+00 -1.716156279451330979e+00 -3.202381232576139780e+01
8.650508941890832304e+00 -1.572974761215564454e+00 -2.492570502664565701e+00 -1.572974761215564454e+00 -9.290429104108920200e+00 9.319924800690337463e+00 -2.492570502664565701e+00 9.319924800690337463e+00 1.529742578310417578e+01
1.472079546941050054e+01 -5.664030512742540324e+00 -3.969323745349749633e+00 -5.664030512742540324e+00 4.860897967239750095e-01 6.800772507604929906e+00 -3.969323745349749633e+00 6.800772507604929906e+00 -5.950220028743555822e+00
4.410677117001869263e+00 5.443540218738264436e+00 -1.890455055427255449e+00 5.443540218738264436e+00 1.315253102535985086e+01 -1.287760427197676583e+00 -1.890455055427255449e+00 -1.287760427197676583e+00 -9.604050137181072699e+00
-1.122905503333707067e+01 1.859484428569316616e+00 -2.573941693604145264e+00 1.859484428569316616e+00 -4.110479517529896043e+00 2.049764848064529854e+00 -2.573941693604145264e+00 2.049764848064529854e+00 -4.764742734811404368e-02
1.331665121272057206e+01 -6.924867934539904457e-01 1.008171634142820627e+00 -6.924867934539904457e-01 1.691858835015757023e+01 4.454672248627418618e+00 1.008171634142820627e+00 4.454672248627418618e+00 3.329750784377375084e+01
2.956167181473687844e+00 -4.860855604976162425e+00 2.476823206781658404e-01 -4.860855604976162425e+00 -6.168046424185631871e+00 -4.731627725932040285e+00 2.476823206781658404e-01 -4.731627725932040285e+00 -1.529327648340829882e+01
-2.480512747639010840e+01 -3.214831182792197595e+00 -3.322396127196418636e-01 -3.214831182792197595e+00 -8.780598862171961727e+00 -4.562886765903056308e+00 -3.322396127196418636e-01 -4.562886765903056308e+00 -3.596708697760351470e+01
1.189150255597815509e+01 5.186937743729438388e+00 -1.157401055436729220e-01 5.186937743729438388e+00 6.242122263959877237e-01 3.284542147882609342e+00 -1.157401055436729220e-01 3.284542147882609342e+00 7.334297103473451429e+00
1.053520417094577999e+00 -9.584477307494478904e-01 4.040571616923341880e-01 -9.584477307494478904e-01 1.850843079006532932e+01 -6.025073229874660541e+00 4.040571616923341880e-01 -6.025073229874660541e+00 2.429772619178466986e+00
-3.130204293705063368e+00 4.610005265733800317e-01 7.865010436858183018e-01 4.610005265733800317e-01 -9.711873938930276395e+00 3.024375714382807168e+00 7.865010436858183018e-01 3.024375714382807168e+00 6.443116842274757561e-01
1.635056176522309102e+01 1.633636929394360449e+00 -1.290561764587770943e+00 1.633636929394360449e+00 -8.013876307276180944e-01 1.121703822799419115e+01 -1.290561764587770943e+00 1.121703822799419115e+01 2.738659960377870206e+01
-1.460422836030584648e+01 7.235136534789607055e+00 5.171153933881011966e+00 7.235136534789607055e+00 -1.703931443945128166e+01 -1.871716392112054095e+00 5.171153933881011966e+00 -1.871716392112054095e+00 -2.211581005869065208e+01
-2.256530897132270752e+01 2.813980529406149511e+00 4.232688385905206019e+00 2.813980529406149511e+00 7.708696887762797267e+00 -7.735175059456881108e+00 4.232688385905206019e+00 -7.735175059456881108e+00 -3.026665258517287072e+01
1.813099119214254529e+01 1.253366174734040772e+00 2.489195661029559137e+00 1.253366174734040772e+00 6.042014565712597651e+00 7.682011695065378731e+00 2.489195661029559137e+00 7.682011695065378731e+00 1.921491262472969908e+01
-4.752910662577731316e+00 -5.498451095136431821e-01 -2.012267884902289250e+00 -5.498451095136431821e-01 -2.259728939909808054e-01 2.259135450502329334e+00 -2.012267884902289250e+00 2.259135450502329334e+00 -6.615388548847461747e-01
8.456765348549780015e+00 -6.314755079303805418e-01 -1.978597100624779059e-01 -6.314755079303805418e-01 -2.126316722075689825e+01 3.477602795272725533e+00 -1.978597100624779059e-01 3.477602795272725533e+00 -2.609038644742286550e+01
2.345430788052509818e+00 1.104890838174143797e+00 -1.966577242694139027e+00 1.104890838174143797e+00 5.606484708183090859e+00 3.665049553535558502e+00 -1.966577242694139027e+00 3.665049553535558502e+00 5.267792485087351650e+00
-2.203077684544464176e+00 -1.639072542121292830e+00 3.538211348834315650e+00 -1.639072542121292830e+00 1.908099820932915591e+01 -1.593080706473051222e+00 3.538211348834315650e+00 -1.593080706473051222e+00 3.475232768235919867e+00
1.527780944131439167e+00 -4.748592853053471785e+00 -3.949251176805708141e-01 -4.748592853053471785e+00 -1.052735288428115901e+01 -2.253285358583066333e+00 -3.949251176805708141e-01 -2.253285358583066333e+00 2.601322470082073401e+00
1.493965516738216337e+01 -3.351397015479768537e+00 -6.485090362307896150e+00 -3.351397015479768537e+00 4.199999676788481295e+00 5.988623726641790768e+00 -6.485090362307896150e+00 5.988623726641790768e+00 1.713598580476755728e+01
-7.190761979474338261e+00 -1.099434437168810952e+00 -1.985927078356088726e+00 -1.099434437168810952e+00 -8.896764183492145150e+00 3.900223442292923171e+00 -1.985927078356088726e+00 3.900223442292923171e+00 -2.038004279813835851e+01
-4.055827894941614331e-01 -1.948673754569449912e+00 4.880002812852694549e-01 -1.948673754569449912e+00 1.355860831303891167e+01 -4.273792943648530240e+00 4.880002812852694549e-01 -4.273792943648530240e+00 4.367470501320510401e+00
1.527212988726218867e+01 2.409435961606904986e+00 1.133745177988362496e+00 2.409435961606904986e+00 6.443447980240408768e+00 7.728211633045987128e+00 1.133745177988362496e+00 7.728211633045987128e+00 1.702696956524997773e+01
1.340703181226991525e+01 -1.701025535188225968e+00 -2.252416980072946107e+00 -1.701025535188225968e+00 -7.115651990645424974e+00 1.015158267526511437e+01 -2.252416980072946107e+00 1.015158267526511437e+01 1.592189918236506685e+01
-7.708078201211700176e+00 3.619529261253550678e-01 -2.390529929137660048e+00 3.619529261253550678e-01 1.185608081519755252e+01 2.638319459141055034e+00 -2.390529929137660048e+00 2.638319459141055034e+00 -4.137921716127278771e+00
-4.031544920283446132e+00 1.277857681385733635e+00 2.681950895346240649e-01 1.277857681385733635e+00 -5.769249598595441064e+00 -6.601391665681096699e-01 2.681950895346240649e-01 -6.601391665681096699e-01 2.106824102725216807e+00
-1.433995482571879343e+01 -5.735928738710715180e+00 1.764128753092544688e+00 -5.735928738710715180e+00 -1.631235620139593934e+01 -3.311978547677064122e-01 1.764128753092544688e+00 -3.311978547677064122e-01 -2.784168818116706134e+01
-7.170244706408471558e+00 1.764719584494424787e+00 -2.984332370310631144e-01 1.764719584494424787e+00 5.180669046227900587e+00 2.039080335369694019e+00 -2.984332370310631144e-01 2.039080335369694019e+00 -2.702957659169205051e+00
1.850080330816673069e+01 -1.035240211046816627e+00 -3.009871426432144878e-02 -1.035240211046816627e+00 1.264512048950616752e+01 3.832998905553960167e+00 -3.009871426432144878e-02 3.832998905553960167e+00 6.501119176511325648e+00
2.823239970847015456e+01 7.339337565458000645e-01 9.086867146331326639e-01 7.339337565458000645e-01 1.814001594510960658e+00 5.033844413922488492e+00 9.086867146331326639e-01 5.033844413922488492e+00 3.154800308997075931e+01
7.206994425703253881e+00 6.387274528411044372e+00 5.411586811882546755e+00 6.387274528411044372e+00 6.819300267750352695e+00 2.750034495272852375e+00 5.411586811882546755e+00 2.750034495272852375e+00 6.604524519724995102e+00
2.517718395581508872e+01 -3.002631679293886524e+00 -9.534024475578188884e+00 -3.002631679293886524e+00 -7.548541030570416588e+00 1.490499275829748171e+01 -9.534024475578188884e+00 1.490499275829748171e+01 4.097419815569043067e+01
-1.035171598917818514e+01 -2.216929906690030538e+00 -2.245639559971509769e+00 -2.216929906690030538e+00 -1.440172023401722612e+01 -6.804838851525744081e-01 -2.245639559971509769e+00 -6.804838851525744081e-01 -2.004781372418768015e+01
-6.762429807617152733e+00 -2.426098749621238060e+00 -5.308735585901486864e+00 -2.426098749621238060e+00 -2.097992994500113895e+01 2.348127632590985225e+00 -5.308735585901486864e+00 2.348127632590985225e+00 -8.970872773605885087e+00
3.179034353712703975e+01 3.754148796909550612e+00 4.196673529489224563e+00 3.754148796909550612e+00 1.204878867891723537e+01 -1.751287936136532331e+00 4.196673529489224563e+00 -1.751287936136532331e+00 2.235482650699115936e+01
-2.113670989877092055e+01 -5.012387017611460438e-01 -4.963880366622784868e-01 -5.012387017611460438e-01 -9.708210450583932172e+00 -4.862396016815171862e+00 -4.963880366622784868e-01 -4.862396016815171862e+00 -2.462898531494890975e+01
2.834688304292511418e+01 -1.156280023399247625e+01 -5.235874396911069262e+00 -1.156280023399247625e+01 1.536154865822836868e+01 1.667488418677738782e+00 -5.235874396911069262e+00 1.667488418677738782e+00 6.634762040799155436e+00
-2.328160306493715836e+01 -1.951583690484836042e+00 -2.167092762614061474e+00 -1.951583690484836042e+00 -2.217806489684109206e+00 -4.929648063109342004e+00 -2.167092762614061474e+00 -4.929648063109342004e+00 -3.078849909208214797e+01
1.106914479212321289e+01 1.023361916177255138e+00 -1.086787305013131810e+00 1.023361916177255138e+00 1.135557297343182803e+01 1.026517648643013869e+00 -1.086787305013131810e+00 1.026517648643013869e+00 2.991917956124267519e+01
-3.639391097698136068e+00 -2.179652677140820671e+00 -3.901929887096070807e-03 -2.179652677140820671e+00 2.008769214294161642e+01 -6.524253818134677196e+00 -3.901929887096070807e-03 -6.524253818134677196e+00 1.299462963858418441e+01
1.364954930008864586e+01 -2.764290877991579354e+00 1.645338220548274055e+00 -2.764290877991579354e+00 -1.959958778119566869e+00 5.752613508564680345e+00 1.645338220548274055e+00 5.752613508564680345e+00 1.729260955434051894e+01
