1.290015690569450868e+01 5.465183302777687491e-01 -1.464968703024579488e+00 5.465183302777687491e-01 7.017853664997756979e+00 -7.698916741186807577e-01 -1.464968703024579488e+00 -7.698916741186807577e-01 1.478744589933840814e+01
2.789653284754667339e+01 5.272890168102055242e+00 -3.209912853502464802e+00 5.272890168102055242e+00 -1.131668254692225067e-01 2.103834125756348872e+00 -3.209912853502464802e+00 2.103834125756348872e+00 1.004806214787918428e+01
1.760182039203674054e-01 -7.389990860709645837e+00 -4.417409482523155240e-01 -7.389990860709645837e+00 1.687480256321612515e+01 3.545220183096767563e+00 -4.417409482523155240e-01 3.545220183096767563e+00 9.878825403052498899e+00
-2.463822277852690235e+01 6.591323633918532821e+00 3.684192733944511300e+00 6.591323633918532821e+00 -3.415131743998151848e+01 2.398430222847900417e+00 3.684192733944511300e+00 2.398430222847900417e+00 -1.810234270786687105e+01
1.569553345426472823e+01 -5.153515027777824997e+00 -2.185953762575649773e+00 -5.153515027777824997e+00 1.058958762494798300e+01 7.191353046889729761e+00 -2.185953762575649773e+00 7.191353046889729761e+00 1.199480359575010624e+01
-9.236194662692840396e+00 2.794512251414608794e+00 9.258374931312358669e+00 2.794512251414608794e+00 1.442072801190619025e+01 5.249888875715101877e-01 9.258374931312358669e+00 5.249888875715101877e-01 -1.123116312240959935e+01
7.033122552149301043e+00 -3.236205034387390267e+00 4.791129082310557230e+00 -3.236205034387390267e+00 7.377280578325831506e+00 -2.061474721107416030e+00 4.791129082310557230e+00 -2.061474721107416030e+00 7.738817679589768517e+00
1.259962594052407070e+00 2.758898997182765100e+00 4.256232985349780229e+00 2.758898997182765100e+00 -4.282277699571881868e+00 2.130883637179115109e+00 4.256232985349780229e+00 2.130883637179115109e+00 -1.340316774444860748e+01
1.905283880198097179e+01 1.733018862482623712e+00 -1.856426412100365742e+00 1.733018862482623712e+00 1.649029261682801817e+01 -1.989659492273949892e+00 -1.856426412100365742e+00 -1.989659492273949892e+00 1.590293804491414775e+01
8.125415554398284002e+00 -1.822754490647941816e+00 3.688461724988965629e-01 -1.822754490647941816e+00 1.138743781153400825e+01 4.173372781884530980e+00 3.688461724988965629e-01 4.173372781884530980e+00 3.034902015303451961e+01
-7.297454489211853357e+00 -4.030031649338805089e+00 1.427388499638828634e+00 -4.030031649338805089e+00 -1.209115107905601150e+01 1.362556002708211311e+00 1.427388499638828634e+00 1.362556002708211311e+00 -2.144034934618922605e+01
-2.761410309720328637e+00 -4.772709396647226932e+00 9.220182903356932691e-01 -4.772709396647226932e+00 -7.421523103457780657e+00 4.008603760897219814e+00 9.220182903356932691e-01 4.008603760897219814e+00 1.066184306677800120e-01
-9.618850690504025636e+00 4.164032385434842887e+00 -1.239906756282149886e-01 4.164032385434842887e+00 -1.271437103637423327e+01 3.619732989462343120e-01 -1.239906756282149886e-01 3.619732989462343120e-01 -9.546076520574720448e+00
-1.081593224104034512e+01 3.577984543972582809e+00 2.446130941880940490e+00 3.577984543972582809e+00 -1.670543095461693284e+01 7.531966629376574129e-01 2.446130941880940490e+00 7.531966629376574129e-01 -8.603902931048899916e+00
6.959555236881818097e+00 2.605210662401578198e-02 3.637212392818740092e+00 2.605210662401578198e-02 8.468206881880320225e+00 -3.230890062639257820e+00 3.637212392818740092e+00 -3.230890062639257820e+00 1.889929407272881789e+01
-1.108505984256981769e+00 -3.675336172694700920e+00 -3.385276243562442389e+00 -3.675336172694700920e+00 8.873708513990342439e+00 -1.003867606768929083e-01 -3.385276243562442389e+00 -1.003867606768929083e-01 -3.320939854992185136e+00
-1.067451888341314259e+01 2.814492801748370354e+00 5.488629977358640000e-01 2.814492801748370354e+00 3.833096800395840997e+00 -2.943157757052628498e-01 5.488629977358640000e-01 -2.943157757052628498e-01 1.120461985078932621e+01
3.906614294608370397e+00 4.340760043721591188e+00 5.869426217651621869e+00 4.340760043721591188e+00 1.022738761586083989e+01 -2.974284443224580521e+00 5.869426217651621869e+00 -2.974284443224580521e+00 3.379190707678173311e+01
2.526141288251123029e+01 -7.855787239430680025e+00 4.842389910050306945e+00 -7.855787239430680025e+00 1.880633501775331240e+01 5.870013349703605776e+00 4.842389910050306945e+00 5.870013349703605776e+00 2.722697992120172827e+01
-1.229515913096810920e+01 1.066117384897953357e+01 6.482171116026306912e+00 1.066117384897953357e+01 -6.463037203074613046e+00 -5.059853654801742096e+00 6.482171116026306912e+00 -5.059853654801742096e+00 -7.050187175602828482e+00
3.906614294608370397e+00 4.340760043721591188e+00 5.869426217651621869e+00 4.340760043721591188e+00 1.022738761586083989e+01 -2.974284443224580521e+00 5.869426217651621869e+00 -2.974284443224580521e+00 3.379190707678173311e+01
7.171404176807415487e-01 4.605697749289863197e+00 -1.195506816467562849e+00 4.605697749289863197e+00 2.128504773009896489e+00 -6.294809083551354822e-01 -1.195506816467562849e+00 -6.294809083551354822e-01 1.543676724438278036e+01
3.906614294608370397e+00 4.340760043721591188e+00 5.869426217651621869e+00 4.340760043721591188e+00 1.022738761586083989e+01 -2.974284443224580521e+00 5.869426217651621869e+00 -2.974284443224580521e+00 3.379190707678173311e+01
3.906614294608370397e+00 4.340760043721591188e+00 5.869426217651621869e+00 4.340760043721591188e+00 1.022738761586083989e+01 -2.974284443224580521e+00 5.869426217651621869e+00 -2.974284443224580521e+00 3.379190707678173311e+01
-9.472019788190488399e+00 -5.916026153926386755e+00 -4.759311948905794232e+00 -5.916026153926386755e+00 -2.363040241066513403e+01 2.466663416839839584e+00 -4.759311948905794232e+00 2.466663416839839584e+00 -2.733435183948553515e+01
8.999788081410883933e+00 2.877997547173927195e-01 -1.760512683134702328e-01 2.877997547173927195e-01 -6.474255380881416500e+00 2.294156692540607612e+00 -1.760512683134702328e-01 2.294156692540607612e+00 -3.162650035539125160e+00
1.265609907180519755e+01 -1.505668452002544555e+01 7.740522515798022862e-01 -1.505668452002544555e+01 1.993875668020461234e+01 5.669019305063256908e+00 7.740522515798022862e-01 5.669019305063256908e+00 6.630621117352757388e-01
5.652404022071468859e+00 9.961834424724990811e+00 5.370842370057437698e+00 9.961834424724990811e+00 1.329575351022936225e+01 -2.785859290494488771e+00 5.370842370057437698e+00 -2.785859290494488771e+00 6.380066459765329157e+00
2.803496957542408552e+01 -1.580678831310490029e+00 1.950923625371473458e+00 -1.580678831310490029e+00 1.631984145097544214e+01 -7.362130880989846693e-01 1.950923625371473458e+00 -7.362130880989846693e-01 3.110784474566015589e+01
-7.715384232955530663e+00 4.332274528792003032e+00 4.568158956704693185e-01 4.332274528792003032e+00 -1.140107656725509955e+01 -8.667852733391019360e-01 4.568158956704693185e-01 -8.667852733391019360e-01 -1.133727216775657531e+01
1.105282866638883910e+01 -6.196212673287894823e+00 -1.248476588000509979e+00 -6.196212673287894823e+00 9.039608746129566441e+00 3.225591401453071771e+00 -1.248476588000509979e+00 3.225591401453071771e+00 3.025220007862894533e+01
2.635632458233593822e-01 9.524381536299987516e+00 4.057895596527266058e+00 9.524381536299987516e+00 4.247267554247386556e+00 -3.710229071705717807e+00 4.057895596527266058e+00 -3.710229071705717807e+00 -1.313079452780312373e+01
-7.309468003187348017e+00 -7.831634002984986687e+00 -3.658225683250528437e+00 -7.831634002984986687e+00 -1.098914915135565273e+00 -9.237287348326206349e-01 -3.658225683250528437e+00 -9.237287348326206349e-01 -2.317170866623206482e+00
3.099539971382794334e+01 -3.075158794631404832e-02 -1.139437811239789600e+00 -3.075158794631404832e-02 2.744714219510137809e+01 -1.989117605982547721e+00 -1.139437811239789600e+00 -1.989117605982547721e+00 2.378097738762755498e+01
7.306318214175030334e+01 -6.612351499100790342e+00 -3.476356279344819722e+00 -6.612351499100790342e+00 6.494013571552140718e+01 9.684679948755945844e+00 -3.476356279344819722e+00 9.684679948755945844e+00 4.877984906081218952e+01
1.358661978147845595e+01 7.441538332838850245e+00 -2.189716077466594135e-01 7.441538332838850245e+00 1.314909319034287094e+01 -9.802825528624527607e+00 -2.189716077466594135e-01 -9.802825528624527607e+00 1.642889743108348455e+01
-6.948159627572272790e+00 3.136844019376177628e-01 1.789689980105421407e-01 3.136844019376177628e-01 -1.538373598661004760e+00 2.120224899712150057e-01 1.789689980105421407e-01 2.120224899712150057e-01 2.061130330907899832e+01
1.675156057324867831e+01 -1.184840182797952668e+00 -3.781937022687254846e+00 -1.184840182797952668e+00 1.169617805442507041e+01 4.384280571519954428e+00 -3.781937022687254846e+00 4.384280571519954428e+00 1.606834037735866261e+01
-7.674194547182524140e+00 -8.609664896048405680e-01 -2.210934980647741854e-01 -8.609664896048405680e-01 1.594685523249459225e+00 -8.647494955398388194e-01 -2.210934980647741854e-01 -8.647494955398388194e-01 -2.127141767423019747e+00
-2.732924059832283703e+00 -1.967666050431605251e+00 -1.496781201402219486e+00 -1.967666050431605251e+00 -3.153903143509268592e+00 4.333891436002030417e+00 -1.496781201402219486e+00 4.333891436002030417e+00 6.035398241087126969e+00
-6.977246780511108248e+00 1.094424247834690611e+01 6.147453854196186285e+00 1.094424247834690611e+01 -8.733695611059943076e+00 3.440053902294267996e+00 6.147453854196186285e+00 3.440053902294267996e+00 3.750393943182802392e+00
-9.493787796613426977e+00 -7.060010681107006247e-01 3.749471164931548195e-01 -7.060010681107006247e-01 -2.089469079441705190e+01 1.715003605317424740e-01 3.749471164931548195e-01 1.715003605317424740e-01 -2.545039305925926243e+01
1.900601605810328110e+01 1.322403735666833668e+00 -1.465793858707419739e+00 1.322403735666833668e+00 1.780073318510989466e+01 2.757864581022143380e+00 -1.465793858707419739e+00 2.757864581022143380e+00 2.461837684299769435e+01
1.637247493725578451e+01 6.233214686450731790e-02 5.157643358588970273e+00 6.233214686450731790e-02 1.596348648972818118e+01 -1.231992278628804227e+00 5.157643358588970273e+00 -1.231992278628804227e+00 1.226697952367595690e+01
-9.729341841059996554e+00 -7.607214000946137311e+00 -2.545605546340478309e+00 -7.607214000946137311e+00 5.728277666541803370e+00 -4.387861553826155614e+00 -2.545605546340478309e+00 -4.387861553826155614e+00 2.034619025811628124e+00
3.504333598680371864e+01 -1.732635705667449599e+01 -3.069217173060051262e+00 -1.732635705667449599e+01 4.473008641282634201e+00 1.175462068354763900e+01 -3.069217173060051262e+00 1.175462068354763900e+01 4.595727775918049929e+01
3.906614294608370397e+00 4.340760043721591188e+00 5.869426217651621869e+00 4.340760043721591188e+00 1.022738761586083989e+01 -2.974284443224580521e+00 5.869426217651621869e+00 -2.974284443224580521e+00 3.379190707678173311e+01
-1.832283012598825422e+01 -8.858685837331736757e-01 -1.471758238953490228e+00 -8.858685837331736757e-01 -1.598289183253368684e+01 1.072776124110174312e+00 -1.471758238953490228e+00 1.072776124110174312e+00 -1.682525139135598380e+01
-1.097846317722207132e+01 5.136809149502959748e+00 -1.644351470695417872e+00 5.136809149502959748e+00 -2.411083994212399162e+01 4.031424794377861609e+00 -1.644351470695417872e+00 4.031424794377861609e+00 -2.319737360987867802e+01
-1.531044140747151117e+00 -1.744426079329874923e+00 1.029595845212957883e+00 -1.744426079329874923e+00 -8.042406746935558459e+00 3.938556776823977756e+00 1.029595845212957883e+00 3.938556776823977756e+00 -4.638187721887413240e+00
