-4.306488228586768052e+00 1.134466478530755884e+00 9.546868611403158678e-01 1.134466478530755884e+00 2.557169941560784210e+01 -6.799740986606646054e+00 9.546868611403158678e-01 -6.799740986606646054e+00 5.018008257073162115e-01
1.753572904917647080e+01 -2.559571251210525755e+00 -5.256760756979533822e-01 -2.559571251210525755e+00 -1.921311324579842328e+00 7.853133018229964790e+00 -5.256760756979533822e-01 7.853133018229964790e+00 2.331105569634970109e+01
2.821324503855304044e+01 -1.969708822197667963e+00 2.899167385048960988e+00 -1.969708822197667963e+00 4.976486213260798763e+00 4.577642717183397991e+00 2.899167385048960988e+00 4.577642717183397991e+00 3.382781583437287409e+00
1.256615397129460021e+01 8.523234732169019168e+00 -1.149611796605761960e+01 8.523234732169019168e+00 1.092365890570344611e+01 -8.102426393070231825e+00 -1.149611796605761960e+01 -8.102426393070231825e+00 6.083133762379693721e+00
3.894380661808301447e+00 -9.372288695220680310e+00 -8.079366041139344645e+00 -9.372288695220680310e+00 5.476815060368029009e+00 1.906769945728100657e+00 -8.079366041139344645e+00 1.906769945728100657e+00 -9.375377044694715778e+00
-6.689321003799243215e+00 -5.286882002427331528e+00 -8.425021055538105541e-01 -5.286882002427331528e+00 -1.720718711641589138e+01 -3.584259039484315679e+00 -8.425021055538105541e-01 -3.584259039484315679e+00 8.898473132730833512e+00
-1.015215355993185931e+01 3.307775441335033761e+00 2.884881123128250735e+00 3.307775441335033761e+00 2.027158529293888378e+01 -4.209651477792856866e+00 2.884881123128250735e+00 -4.209651477792856866e+00 -1.505663497434684306e+00
1.905328440536419521e+01 -6.032462052111995376e+00 1.231265897286139444e+00 -6.032462052111995376e+00 -1.452826019664200530e+01 1.346416858065563549e+00 1.231265897286139444e+00 1.346416858065563549e+00 1.619272536650265337e+01
2.454567573430783867e+01 -3.100141438017132156e+00 -9.898403593354835550e+00 -3.100141438017132156e+00 6.208995084938817577e+00 6.647733338166808892e+00 -9.898403593354835550e+00 6.647733338166808892e+00 3.140301025307884686e+01
1.836043106409523418e+01 -4.983568751595504942e+00 9.827698301991839358e+00 -4.983568751595504942e+00 2.077536028559387304e+01 -1.388081197749954088e-01 9.827698301991839358e+00 -1.388081197749954088e-01 1.365494983173987897e+01
3.288195503475128589e+01 1.364984694020639644e+01 2.302704691000395876e+00 1.364984694020639644e+01 1.312175131342756318e+00 -3.414793333548640231e+00 2.302704691000395876e+00 -3.414793333548640231e+00 6.427163159963415140e+00
5.052509416171444556e+00 -1.134359021250259758e+01 -6.976210419855070732e+00 -1.134359021250259758e+01 1.424923853450146716e+01 3.939025552058637025e-01 -6.976210419855070732e+00 3.939025552058637025e-01 1.136913046129756921e+01
-8.891525238257582231e+00 -1.906748375394937911e+00 1.966877028249300219e+00 -1.906748375394937911e+00 2.264518044390749196e+01 -2.145513860648349258e+00 1.966877028249300219e+00 -2.145513860648349258e+00 1.595031775564059373e+01
-9.059228257421610309e+00 -4.812241000176275540e-01 -8.034315321502042195e+00 -4.812241000176275540e-01 1.797939262558688256e+01 -5.081174980046294642e+00 -8.034315321502042195e+00 -5.081174980046294642e+00 9.261852313889898269e+00
-1.040563438258779172e+01 7.831787467674297787e+00 -3.051455107403731937e+00 7.831787467674297787e+00 1.527451654140944859e+00 -1.320097964762484199e+00 -3.051455107403731937e+00 -1.320097964762484199e+00 1.368875510670439155e+01
1.356864989117089948e+01 -1.506951877020672237e+00 2.818478546503792703e+00 -1.506951877020672237e+00 3.365505143999894955e+01 -6.897687170407506008e-01 2.818478546503792703e+00 -6.897687170407506008e-01 1.168488612907796131e+01
1.551846748254515518e+01 -2.644318494670969688e+00 1.473220840809204901e+01 -2.644318494670969688e+00 1.999092590197496833e+01 3.343704285314566871e+00 1.473220840809204901e+01 3.343704285314566871e+00 6.451649456046934183e+00
2.512690616982198932e+01 -2.791324250510620164e+00 9.361192261814203164e+00 -2.791324250510620164e+00 3.410218942486631377e+00 4.566637116242917571e-01 9.361192261814203164e+00 4.566637116242917571e-01 1.181978352130107801e+01
2.065652807149450254e+01 8.175029388617410575e+00 -5.563742936120013916e+00 8.175029388617410575e+00 2.199508924282095634e+01 -7.807510388671268231e+00 -5.563742936120013916e+00 -7.807510388671268231e+00 3.984171099804915173e+01
-1.962033974030561012e+01 1.354660005927158295e+01 3.019961965566431150e+00 1.354660005927158295e+01 2.655111125698840624e+01 -3.879465458745059436e-01 3.019961965566431150e+00 -3.879465458745059436e-01 7.933502239284525359e+00
2.778943224244537191e+01 1.214998581434128333e+01 1.787645949888922933e-02 1.214998581434128333e+01 1.568909161034880384e+01 3.227160336139499375e+00 1.787645949888922933e-02 3.227160336139499375e+00 2.353763264832987367e+00
1.814385148911482659e+01 -4.977857544878641072e+00 1.742039800001205307e+01 -4.977857544878641072e+00 2.465148142886004123e+01 1.521623415471054619e+00 1.742039800001205307e+01 1.521623415471054619e+00 5.086854279432159842e+00
3.042519239047250679e+01 -1.032917090768304469e+01 5.773725222486899789e+00 -1.032917090768304469e+01 2.507986198046098636e+01 4.287460087051218949e+00 5.773725222486899789e+00 4.287460087051218949e+00 7.644772250097329191e+00
-8.286373779355569624e+00 7.927075318326031184e-01 1.690401140793268198e+00 7.927075318326031184e-01 -2.873223997899452709e+00 1.385081725772292716e+00 1.690401140793268198e+00 1.385081725772292716e+00 -8.473953964156454077e+00
3.543548815601633351e+01 -3.420441878169644401e+00 -1.746332924557473909e+00 -3.420441878169644401e+00 2.614835024149548559e+01 -5.082494443960589692e+00 -1.746332924557473909e+00 -5.082494443960589692e+00 3.726494154295102845e+01
1.060402930241886743e+01 2.584142448111303558e+00 -4.355149495588702457e+00 2.584142448111303558e+00 1.695092676277307220e+01 -9.707264210761571421e-01 -4.355149495588702457e+00 -9.707264210761571421e-01 2.664609188106396331e+01
-2.986902939877693175e+00 7.747269117195652477e+00 5.566563609648827793e+00 7.747269117195652477e+00 2.230025013207283990e+01 -7.460897347420419656e+00 5.566563609648827793e+00 -7.460897347420419656e+00 2.019499523922406681e+01
1.292224195936535658e+01 -4.820249641952549347e+00 -3.953996207880561276e+00 -4.820249641952549347e+00 -8.169439789037213018e+00 2.028772054766269761e+00 -3.953996207880561276e+00 2.028772054766269761e+00 5.117357061846299793e+00
-4.847654337047154094e+00 -4.002322929925940187e+00 6.287511359401690925e+00 -4.002322929925940187e+00 1.072684404374542666e+01 -4.173276505860714636e+00 6.287511359401690925e+00 -4.173276505860714636e+00 2.557818674555651040e+00
1.001413048871182987e+01 1.932920776659020845e+00 -2.497300692981144099e+00 1.932920776659020845e+00 1.277694638650552506e+01 -4.860913145075261177e+00 -2.497300692981144099e+00 -4.860913145075261177e+00 -3.582171224200343396e+00
8.645922971213694241e-01 -4.837196192833712161e+00 3.315604543021652528e+00 -4.837196192833712161e+00 7.984668737918979353e+00 1.204008925000745300e+01 3.315604543021652528e+00 1.204008925000745300e+01 9.892993856490278404e+00
6.177856593241830119e+00 2.624319157432366101e+00 1.228142928589122551e+00 2.624319157432366101e+00 4.141481941760681451e+01 -9.507285603482936054e+00 1.228142928589122551e+00 -9.507285603482936054e+00 8.353731152649583436e+00
2.132143284804094918e+01 1.657482379341799761e-01 -2.891455879518711747e+00 1.657482379341799761e-01 6.144729280447876363e+00 3.264696601494472272e+00 -2.891455879518711747e+00 3.264696601494472272e+00 9.798659636955155960e-01
2.251633613821492741e+00 1.297709916604160130e+00 -2.909312073525641029e+00 1.297709916604160130e+00 3.301272098927508836e+01 -7.649544368680416540e+00 -2.909312073525641029e+00 -7.649544368680416540e+00 2.692996237930565329e+01
-6.499110651442040698e+00 5.165105279504850877e+00 7.729776995200973388e+00 5.165105279504850877e+00 2.945294959085676112e+01 -3.494289073616220875e+00 7.729776995200973388e+00 -3.494289073616220875e+00 -2.410442527460248119e-01
-1.669783658400867621e+00 4.107703942830508659e+00 -2.036980997414807038e-01 4.107703942830508659e+00 1.352870288624955464e+01 3.073562510118247548e+00 -2.036980997414807038e-01 3.073562510118247548e+00 1.316500049684755425e+01
-2.935806040530577032e+00 -2.945539910354266766e+00 -9.152363164016792396e+00 -2.945539910354266766e+00 2.171305651112897550e+01 -9.804672596738472024e+00 -9.152363164016792396e+00 -9.804672596738472024e+00 1.722520938555134506e+01
1.255189536516183146e+01 6.535775883335295688e+00 -8.772404048427103973e+00 6.535775883335295688e+00 1.508052330609671898e+01 -3.890140067756593378e+00 -8.772404048427103973e+00 -3.890140067756593378e+00 -5.730660518851743213e+00
5.511690379732133493e+00 1.295001666849964295e+01 1.704173252686099094e+00 1.295001666849964295e+01 -1.758873374981404947e+00 -1.123904544801229421e-01 1.704173252686099094e+00 -1.123904544801229421e-01 1.076772621337701352e+01
9.215114851373000349e+00 -4.375061897528643051e+00 1.364066532918306152e+01 -4.375061897528643051e+00 2.329648144616043481e+01 3.249565560212143378e+00 1.364066532918306152e+01 3.249565560212143378e+00 1.169154974733403840e+01
2.493911054686920536e+01 -2.873284452087868868e+00 5.650337488971545419e+00 -2.873284452087868868e+00 2.460785927845409726e-01 1.112589328808501676e+01 5.650337488971545419e+00 1.112589328808501676e+01 -2.608689938865988989e+00
-7.918164233885281789e+00 -1.275775111920519844e+00 2.422856651294793107e+00 -1.275775111920519844e+00 7.066262349394190956e+00 1.663169821317550257e-01 2.422856651294793107e+00 1.663169821317550257e-01 1.520797705452870474e+01
-1.332958529702424322e+01 -7.599704377573311298e+00 -9.795309989141012252e+00 -7.599704377573311298e+00 1.453264150315756886e+01 -1.076650532179063902e+01 -9.795309989141012252e+00 -1.076650532179063902e+01 1.854114210817295572e+01
-1.635813282612638275e+01 -1.917530706995887346e+00 -8.986079419111526079e+00 -1.917530706995887346e+00 1.687396925091934463e+01 -8.135767808148917979e+00 -8.986079419111526079e+00 -8.135767808148917979e+00 1.730645460952599279e+01
1.080934404161616769e+01 -1.609625934016706594e+01 -6.167745484488921903e+00 -1.609625934016706594e+01 1.910778488666556640e+01 2.905979892806720422e+00 -6.167745484488921903e+00 2.905979892806720422e+00 2.383525350543297705e+01
-1.135494299186741163e-01 -1.336949298172455558e+00 -7.611699002401093317e-01 -1.336949298172455558e+00 1.778892917749199043e+01 -5.986398365860173598e+00 -7.611699002401093317e-01 -5.986398365860173598e+00 1.956662349636064491e+01
2.836709603016499770e+01 6.330256559923783222e+00 4.871152890062007579e+00 6.330256559923783222e+00 -7.832079125798987462e+00 2.622714088415346367e+00 4.871152890062007579e+00 2.622714088415346367e+00 2.466482258575413766e+01
-9.658284761240247818e+00 1.590068286947464049e+00 -4.782084258875550553e+00 1.590068286947464049e+00 4.497530070545415981e+00 5.522059926514399919e+00 -4.782084258875550553e+00 5.522059926514399919e+00 1.436886428905732593e+01
5.427441452233515662e+01 3.449243782048299067e+00 -5.990654022807704315e+00 3.449243782048299067e+00 4.615216631882626430e+00 8.717796076426848728e+00 -5.990654022807704315e+00 8.717796076426848728e+00 1.155601388459306023e+01
-1.906235532451111103e+00 -3.997547977510805595e+00 1.175865542675359876e+01 -3.997547977510805595e+00 6.759351559472777105e+00 -3.109290440259507182e+00 1.175865542675359876e+01 -3.109290440259507182e+00 -1.300452383700497094e+00
