1.491732057173907400e+01 -2.207189631128293250e+00 -2.583341628875619467e+00 -2.207189631128293250e+00 -1.045626527827333341e+00 -7.698968846447168168e+00 -2.583341628875619467e+00 -7.698968846447168168e+00 4.242962573156169093e+00
1.044117576018879845e+01 -8.353059876425440455e-01 2.962919154654128029e+00 -8.353059876425440455e-01 1.419617205738465671e-01 3.897961760673090303e+00 2.962919154654128029e+00 3.897961760673090303e+00 -1.810681345267551423e+00
-1.534434564157053771e+01 2.088012757547015597e-01 -9.248066580319309615e-01 2.088012757547015597e-01 -2.064614428187602257e+01 -1.496264053861006138e+00 -9.248066580319309615e-01 -1.496264053861006138e+00 -2.095390837890825253e+01
1.977077688884975615e+01 -2.875902158058466496e-01 1.226620663750603857e-01 -2.875902158058466496e-01 1.302509919350444356e+01 2.193934044373873515e+00 1.226620663750603857e-01 2.193934044373873515e+00 1.629503694465886099e+01
1.319628092619313442e+01 -2.840692306181498705e-01 8.894588664801482691e-01 -2.840692306181498705e-01 1.256157766880575011e+01 8.575366594288377220e-01 8.894588664801482691e-01 8.575366594288377220e-01 1.346101795814443491e+01
-2.146770752052782072e+01 -2.156066097385137770e+00 7.306362110140117494e+00 -2.156066097385137770e+00 -1.976728307424428976e+01 3.495499644052358912e-01 7.306362110140117494e+00 3.495499644052358912e-01 -8.975195104492998510e+00
3.827398152580892798e+01 5.511479342352978428e+00 6.606883703900209071e+00 5.511479342352978428e+00 8.933654924941150099e+00 6.951476369764180596e+00 6.606883703900209071e+00 6.951476369764180596e+00 1.669378788744702646e+01
8.013739829352529043e+00 -4.181543746998944044e+00 -2.521757037507075805e-01 -4.181543746998944044e+00 1.833906405546080265e+01 -2.287985533587612696e+00 -2.521757037507075805e-01 -2.287985533587612696e+00 2.170057644176617373e+01
1.751592582751418803e+01 1.159542599613305525e+00 6.225160878535478393e-01 1.159542599613305525e+00 1.964614908295774498e+01 -9.331844799042593452e-02 6.225160878535478393e-01 -9.331844799042593452e-02 2.305643409809018607e+01
7.338343899939360426e+00 1.182827222046181070e+00 -1.820593899247676228e+00 1.182827222046181070e+00 -2.972705197899164986e+01 1.003053214498307355e+01 -1.820593899247676228e+00 1.003053214498307355e+01 -9.865431054789437937e+00
7.299896834629953091e-01 -7.455162648423806493e-01 -1.586481287369662763e+00 -7.455162648423806493e-01 6.584501610047071907e+00 3.566640701743236885e+00 -1.586481287369662763e+00 3.566640701743236885e+00 6.566043825839787296e+00
1.686544106555894151e+00 6.340912549135056864e+00 6.678532439048716185e+00 6.340912549135056864e+00 9.034396469014271958e+00 -7.088751919593270223e+00 6.678532439048716185e+00 -7.088751919593270223e+00 8.165222431768687228e-01
-1.229423325630416386e+01 2.739534631418143462e+00 1.031916960189951604e+00 2.739534631418143462e+00 -2.558677954811902922e+01 -1.096411960925151918e+00 1.031916960189951604e+00 -1.096411960925151918e+00 -1.689676251435311372e+01
3.920865147481146806e+01 6.629932437559038938e+00 8.788444028888160453e-01 6.629932437559038938e+00 3.738716081245437550e+01 -1.123723001817352696e+01 8.788444028888160453e-01 -1.123723001817352696e+01 3.687142395129423988e+01
2.060361767300560487e+01 9.018812777559901406e+00 -2.837892361177742462e+00 9.018812777559901406e+00 2.611303750227413900e+01 1.438313047707791226e+00 -2.837892361177742462e+00 1.438313047707791226e+00 2.536991512668883431e+01
-7.517847488730248884e+00 -1.146749791062623425e+00 5.675029555141465565e+00 -1.146749791062623425e+00 4.492277511137343637e+00 4.034093303457206847e-01 5.675029555141465565e+00 4.034093303457206847e-01 1.301598422392035737e+01
4.707392378290169432e+00 1.873498780290668630e+00 8.209414948696060893e-03 1.873498780290668630e+00 -1.578039890604065798e+00 -4.181476918436703549e+00 8.209414948696060893e-03 -4.181476918436703549e+00 -6.239831325836851406e+00
2.443686385994190502e+01 -2.593781414468101953e+00 -2.606491581912473876e+00 -2.593781414468101953e+00 6.910143975356184853e+00 1.969077113878080931e+00 -2.606491581912473876e+00 1.969077113878080931e+00 1.264997087786495911e+01
9.043268560433984860e+00 5.833078173881788508e+00 3.596906641329236987e+00 5.833078173881788508e+00 3.273861281175975968e+00 8.849598986486544305e+00 3.596906641329236987e+00 8.849598986486544305e+00 1.005440416879679866e+01
-1.628663210788509508e+00 1.406955682611414460e+00 -1.500900507385207749e+00 1.406955682611414460e+00 -8.028101711970791143e+00 1.892143143655318216e+00 -1.500900507385207749e+00 1.892143143655318216e+00 -1.312883086219919004e+00
1.434168690441358684e+01 1.995275929480276877e-01 -6.560344201047879631e-01 1.995275929480276877e-01 -2.808832227994077613e+01 1.532812661716927138e+01 -6.560344201047879631e-01 1.532812661716927138e+01 -6.797258154776717021e+00
1.103895870886605479e+01 -1.418616229957812669e+00 -7.899848824770493438e-01 -1.418616229957812669e+00 1.536821449904743275e+01 -2.223324525430565579e-01 -7.899848824770493438e-01 -2.223324525430565579e-01 6.487850796278419097e+00
1.257186590151893268e+00 4.711523273627405972e-01 2.123162037985626860e+00 4.711523273627405972e-01 2.518530640871537329e+00 -2.614768481630982411e+00 2.123162037985626860e+00 -2.614768481630982411e+00 7.794616419724340162e+00
-1.848027782161236487e+01 -5.304762825261749803e+00 4.869233620497336323e-01 -5.304762825261749803e+00 2.997044235721981753e+00 -2.754258236706130791e+00 4.869233620497336323e-01 -2.754258236706130791e+00 -5.604699127178876417e+00
2.118206193092075296e+01 -5.227138672665642138e-01 -8.750430174096335278e-01 -5.227138672665642138e-01 2.114739977864917364e+01 1.380452717950113317e-01 -8.750430174096335278e-01 1.380452717950113317e-01 2.355884828982133072e+01
1.265481622508684190e+01 -4.591467012044639362e-01 6.878217610416708538e+00 -4.591467012044639362e-01 6.478727745193116228e+00 6.309932643300057542e+00 6.878217610416708538e+00 6.309932643300057542e+00 2.718777100578586214e+01
3.669928621525807699e+01 1.721749569260046631e+00 7.539292934213435160e+00 1.721749569260046631e+00 2.352627654769169041e+01 1.986622796911706290e+00 7.539292934213435160e+00 1.986622796911706290e+00 2.145182826090579198e+01
9.017671152249151945e+00 -5.615249881107433616e+00 3.818766340152102590e+00 -5.615249881107433616e+00 9.069749239093178872e+00 -1.787514913214769630e+00 3.818766340152102590e+00 -1.787514913214769630e+00 5.243759724515300924e+00
2.020795918599658947e+01 -1.552510882324779518e+00 1.332116227944030173e-01 -1.552510882324779518e+00 1.992315407870205846e+01 1.857133934270797093e+00 1.332116227944030173e-01 1.857133934270797093e+00 1.755597466921226513e+01
2.057492121024991860e+01 -2.722388824336683943e-01 5.122387258729826920e-01 -2.722388824336683943e-01 2.003097679097664496e+01 -1.292767307227843609e+00 5.122387258729826920e-01 -1.292767307227843609e+00 2.169632571288299161e+01
1.693038302019938612e+01 -1.070868725651060727e+00 8.500223955555986421e+00 -1.070868725651060727e+00 1.216934998770287990e+01 2.438116424709822816e+00 8.500223955555986421e+00 2.438116424709822816e+00 2.133283658538160310e+01
1.900786249624645663e+01 1.934992733661770048e+00 6.465077834871697071e+00 1.934992733661770048e+00 7.992090652511083704e+01 -2.051734371371896870e+01 6.465077834871697071e+00 -2.051734371371896870e+01 5.035695228479357866e+01
2.965702409741370893e+00 8.969101103841426337e+00 8.871876846653881543e+00 8.969101103841426337e+00 -1.790175467454118374e+00 -1.108308488276341919e+01 8.871876846653881543e+00 -1.108308488276341919e+01 2.274936610473389109e+01
7.216381784245029074e+00 7.753357319215202992e+00 4.482262582830153441e+00 7.753357319215202992e+00 9.498403415970072317e+00 -3.137767230827441245e-01 4.482262582830153441e+00 -3.137767230827441245e-01 1.318786711646544596e+00
2.474923552662706783e+01 -2.025226073125018011e+00 -2.714868815674257529e+00 -2.025226073125018011e+00 1.099288537853377079e+01 -3.903918813365172102e+00 -2.714868815674257529e+00 -3.903918813365172102e+00 3.279339630322068100e+00
-3.327980363488921967e+01 1.131386564929823396e-01 -5.335954422865967217e+00 1.131386564929823396e-01 -2.146248852666931839e+01 -1.247214096462035071e+00 -5.335954422865967217e+00 -1.247214096462035071e+00 -3.509233251226222094e+00
1.935421509542540219e+00 -1.122121317730556234e+00 -5.805309971494989618e+00 -1.122121317730556234e+00 2.438371824456260128e+01 9.042662755033268329e-01 -5.805309971494989618e+00 9.042662755033268329e-01 -2.238804287026577633e+00
1.976939296900319221e+01 7.288108267344616920e+00 2.468112184490228067e+00 7.288108267344616920e+00 3.320256661091160311e+01 -1.827023186012556621e+01 2.468112184490228067e+00 -1.827023186012556621e+01 1.745351219873744952e+01
4.165474638095400906e+01 2.850269197142355493e-01 -4.736316040263846006e+00 2.850269197142355493e-01 5.825022253340011247e+01 -1.854859579844003958e+00 -4.736316040263846006e+00 -1.854859579844003958e+00 5.660971386024976937e+01
2.683283952185911403e+01 -2.153298051575354977e-01 1.863926096459562975e+00 -2.153298051575354977e-01 1.269281317168632128e+01 2.631978048962898775e+00 1.863926096459562975e+00 2.631978048962898775e+00 3.037117445798524429e+01
1.478785308388285458e+01 7.614770415361745703e-01 5.434896277694807321e-01 7.614770415361745703e-01 1.555660189227338641e+01 2.042173082640464710e+00 5.434896277694807321e-01 2.042173082640464710e+00 1.721363113955751345e+01
1.314863402104704448e+01 -2.080612384358389466e+00 -3.733497884500335484e+00 -2.080612384358389466e+00 1.546205555488590022e+01 -6.456414416467902484e+00 -3.733497884500335484e+00 -6.456414416467902484e+00 2.892758313845266471e+01
1.499708706233209732e+01 1.005969215941576067e+00 -1.050248237279068242e+00 1.005969215941576067e+00 1.101797693751552742e+01 3.328041539596416909e-01 -1.050248237279068242e+00 3.328041539596416909e-01 1.126287716418601903e+01
5.070804598610977543e+00 -9.805776400500736401e-01 3.645461862906739015e+00 -9.805776400500736401e-01 9.384831064674807877e+00 5.012099439936253731e+00 3.645461862906739015e+00 5.012099439936253731e+00 8.492179110897396299e+00
1.502631404923637426e+01 -2.078672384677856311e+00 2.593403563202184015e-01 -2.078672384677856311e+00 1.752545463611023635e+01 -1.826388033952914824e-01 2.593403563202184015e-01 -1.826388033952914824e-01 1.264110408976685385e+01
8.806782948600652361e+00 -2.379998559141378867e-01 1.832502160236488375e+00 -2.379998559141378867e-01 7.180911151592208164e+00 2.024908837808081508e+00 1.832502160236488375e+00 2.024908837808081508e+00 5.560170391817122137e+00
4.046463767911591702e+01 -5.550603582733921737e-01 -1.240531584162244627e+01 -5.550603582733921737e-01 4.570379768502697715e+01 -4.274032917984783353e+00 -1.240531584162244627e+01 -4.274032917984783353e+00 5.322251986295814419e+01
2.803022120100882120e+01 -2.988988091322780871e+00 -2.243255463182824094e+00 -2.988988091322780871e+00 2.613633984518082798e+01 7.165419988256682693e-01 -2.243255463182824094e+00 7.165419988256682693e-01 1.783613060732956157e+01
-6.291758202019031465e+00 1.818694298571467360e+00 -2.529306790028846841e+00 1.818694298571467360e+00 2.587041435050691263e+01 -3.720311630142766557e+00 -2.529306790028846841e+00 -3.720311630142766557e+00 1.793707061389671154e+01
1.331567911331037912e+01 6.681655831741157847e-01 -6.432491231456886893e-02 6.681655831741157847e-01 5.986261389377572684e+00 1.382596384842334603e+00 -6.432491231456886893e-02 1.382596384842334603e+00 1.391317145852284121e+01
