2.679120465979539745e+01 -2.050727153962562888e+00 1.503892891477463856e+00 -2.050727153962562888e+00 1.849043279413695018e+01 1.583444759111546141e+00 1.503892891477463856e+00 1.583444759111546141e+00 4.061617326702790187e+00
3.973622136535463767e+01 -1.977777432247179945e+01 -3.389913412811047078e+00 -1.977777432247179945e+01 3.451335406321226884e+01 -8.088459884802826849e+00 -3.389913412811047078e+00 -8.088459884802826849e+00 1.362589782227283663e+01
2.877684025334541218e+01 -3.929009082309969703e+00 -3.009230362990667818e+00 -3.929009082309969703e+00 2.107763601283754085e+01 -9.560963873849853911e+00 -3.009230362990667818e+00 -9.560963873849853911e+00 -8.954585806868969655e+00
4.444487425673820979e+01 -1.362767871263561226e+01 2.288046105878422942e+00 -1.362767871263561226e+01 1.047237540482557527e+01 7.167598433242332590e+00 2.288046105878422942e+00 7.167598433242332590e+00 1.342490751475984467e+01
1.239706484318564428e+01 -1.063953303650485616e+01 1.267314503341083975e+00 -1.063953303650485616e+01 7.007497750501202383e+00 7.988263138087049242e+00 1.267314503341083975e+00 7.988263138087049242e+00 5.080855656197922343e+00
1.692155422030078782e+01 -1.739257983118106310e+00 -7.209684898209851589e-01 -1.739257983118106310e+00 2.269632217462570623e+01 1.572590491849976124e-01 -7.209684898209851589e-01 1.572590491849976124e-01 3.121641374748234998e+00
3.251753141636413602e+01 1.858447709317776197e-01 -1.311196662676335167e+00 1.858447709317776197e-01 2.477062033249306339e+01 -3.428018119781903739e+00 -1.311196662676335167e+00 -3.428018119781903739e+00 6.973098824565063580e+00
2.373104414259996110e-03 4.536281093243028195e+00 2.844171985689574189e-01 4.536281093243028195e+00 -8.170081364581225358e+00 3.676179855249541273e+00 2.844171985689574189e-01 3.676179855249541273e+00 -1.494890805810613621e+00
2.355455874344186640e+01 -8.256257318796601297e+00 -7.134620886403132189e+00 -8.256257318796601297e+00 1.880412814425578460e+01 5.102186523152477671e-01 -7.134620886403132189e+00 5.102186523152477671e-01 -2.368205848711170791e+00
2.801386110240961358e+01 -3.654040306386717951e+00 1.043411027406356828e+00 -3.654040306386717951e+00 2.453732428908525520e+01 1.270610304238390054e+00 1.043411027406356828e+00 1.270610304238390054e+00 8.149515711903886128e+00
3.531866492093241305e+01 1.444465069369404775e+00 5.893425935986279507e-01 1.444465069369404775e+00 2.492791062900037957e+01 -7.057118543684413048e+00 5.893425935986279507e-01 -7.057118543684413048e+00 1.578201734231000852e+00
4.690482917626275849e+01 -2.168208764126026422e-01 1.861823194508317014e+00 -2.168208764126026422e-01 8.655364748065544234e+00 1.014202771470806397e+01 1.861823194508317014e+00 1.014202771470806397e+01 2.657516359120175053e+01
2.841874196004092568e+01 1.303595624889236859e+00 -3.591327189394641461e+00 1.303595624889236859e+00 4.656227397237236687e+01 -1.797979141409367099e-01 -3.591327189394641461e+00 -1.797979141409367099e-01 1.788500265128128319e+01
3.662468571492492941e+01 -5.345599412452165744e+00 -9.965337579873435603e-01 -5.345599412452165744e+00 2.633873538273744686e+01 -7.376644360644394327e-01 -9.965337579873435603e-01 -7.376644360644394327e-01 1.416107096192241066e+01
1.836837171742959995e+01 -4.423160980133327591e+00 5.270430750881144988e+00 -4.423160980133327591e+00 1.171685750932200598e+01 1.373237047695153024e+01 5.270430750881144988e+00 1.373237047695153024e+01 3.214852175996050931e+01
3.055028860564696203e+01 -5.626042093753764739e-01 -1.207594522427903883e+00 -5.626042093753764739e-01 3.118258689184495935e+01 -4.415640195849428018e+00 -1.207594522427903883e+00 -4.415640195849428018e+00 1.178529500753833936e+01
1.099201416928494268e+01 -8.417142949061739543e+00 3.677827770649375050e-01 -8.417142949061739543e+00 2.997626801009545616e+01 5.349107749844601578e+00 3.677827770649375050e-01 5.349107749844601578e+00 4.812555470219363585e+00
7.580674787916818147e+00 1.445883568482958514e+00 -4.644652510546959157e+00 1.445883568482958514e+00 2.873651786371669559e+01 -3.002871424390003874e+00 -4.644652510546959157e+00 -3.002871424390003874e+00 -1.417155128778069040e+00
-3.276374264692837102e+00 9.633676817336638276e-01 -1.168209539385925533e+00 9.633676817336638276e-01 2.803210812577146882e+01 -8.547422667100866178e+00 -1.168209539385925533e+00 -8.547422667100866178e+00 -1.113512401955958531e+01
1.899767049636918514e+01 -2.270540828265567690e+00 -1.233819573093391936e-01 -2.270540828265567690e+00 1.517592092127778969e+01 -1.852817633739740177e+00 -1.233819573093391936e-01 -1.852817633739740177e+00 3.381639398471338431e+00
3.855782230624507889e+01 -7.817274996434148804e+00 -2.805457252805664339e-03 -7.817274996434148804e+00 2.116843190785793638e+01 1.193566359606747262e+01 -2.805457252805664339e-03 1.193566359606747262e+01 2.068054845382309637e+01
1.035792954263754062e+01 -6.816760750152535131e+00 -1.611444704523364302e-01 -6.816760750152535131e+00 3.633762285987827578e+00 -4.827857136124376503e+00 -1.611444704523364302e-01 -4.827857136124376503e+00 -1.346818063649847907e+01
1.167994064624970640e+01 9.621515174779355917e+00 -3.902063009594212151e-01 9.621515174779355917e+00 2.591653571736329909e+01 -9.401421013288459250e+00 -3.902063009594212151e-01 -9.401421013288459250e+00 1.779816307584502155e+01
1.881820603265871128e+01 3.693672822327707245e-02 -3.896389259622852763e-01 3.693672822327707245e-02 2.845899288200167732e+01 4.227296035261300489e+00 -3.896389259622852763e-01 4.227296035261300489e+00 5.082683353607069243e+00
5.621460615379638170e+01 -4.870826005139702986e+00 1.892245564434837490e+00 -4.870826005139702986e+00 1.839218157823144573e+00 1.743897689607666379e+01 1.892245564434837490e+00 1.743897689607666379e+01 2.482106198758928528e+01
2.766281108078417361e+01 -2.250992115105570957e+00 2.569542658018504788e+00 -2.250992115105570957e+00 1.843931406998487788e+01 1.446589555619407719e+01 2.569542658018504788e+00 1.446589555619407719e+01 1.580893064229045919e+01
5.621460615379638170e+01 -4.870826005139702986e+00 1.892245564434837490e+00 -4.870826005139702986e+00 1.839218157823144573e+00 1.743897689607666379e+01 1.892245564434837490e+00 1.743897689607666379e+01 2.482106198758928528e+01
2.454701388459420031e+01 -2.022738474352219207e+00 1.024523881662946279e+00 -2.022738474352219207e+00 1.589452546298144675e+01 1.635289680664232081e+00 1.024523881662946279e+00 1.635289680664232081e+00 3.611443477886238984e+00
-7.671013312584189059e+00 -6.515959932609041161e-01 -7.039923656344511116e-01 -6.515959932609041161e-01 -3.254539768764793006e+00 -2.415893618298204260e+00 -7.039923656344511116e-01 -2.415893618298204260e+00 1.225768098646611826e+01
3.388667772570291703e+01 -1.236736441835127653e+00 -6.530964194688538837e-01 -1.236736441835127653e+00 2.761436510656893617e+01 1.345718044213547238e+00 -6.530964194688538837e-01 1.345718044213547238e+00 1.352052111112063137e+01
2.771091575851486155e+01 7.766393674007383119e+00 6.370472229389053886e+00 7.766393674007383119e+00 1.788648676721787112e+01 -4.513994618776308698e+00 6.370472229389053886e+00 -4.513994618776308698e+00 -1.304339060867306266e+01
2.986495604869294240e+01 -3.012415027431973868e+00 -7.326934534024182044e-01 -3.012415027431973868e+00 1.780475574550780493e+01 -7.800620564369136201e-01 -7.326934534024182044e-01 -7.800620564369136201e-01 8.235426187216191352e+00
1.585203744388727287e+01 -5.441373962927044339e+00 -4.296366506953621212e+00 -5.441373962927044339e+00 2.878293893542589998e+01 -1.283642973820291999e+01 -4.296366506953621212e+00 -1.283642973820291999e+01 -3.912097134641766338e+00
2.041025469765695277e+01 -2.938535460597587967e+00 -3.189050093619243853e+00 -2.938535460597587967e+00 2.460107306048700693e+01 5.029515171290412923e-01 -3.189050093619243853e+00 5.029515171290412923e-01 2.386352101678257753e+01
2.084076505776673827e+01 -8.119146631251529911e+00 -5.779300681625141323e+00 -8.119146631251529911e+00 1.931251761140319090e+01 9.419113508599361140e+00 -5.779300681625141323e+00 9.419113508599361140e+00 3.069152941505683074e+01
1.452539877941790891e+01 -1.126569578058162335e+01 -3.193334881899554833e+00 -1.126569578058162335e+01 1.109893656541334828e+01 -5.657254330297273093e+00 -3.193334881899554833e+00 -5.657254330297273093e+00 1.265150618334699573e+01
2.573663483476285307e+01 -3.609283320056731803e+00 -5.985449501335016187e+00 -3.609283320056731803e+00 4.107473838186329118e+01 -1.192437546814016436e+01 -5.985449501335016187e+00 -1.192437546814016436e+01 -5.794523125636922956e+00
-1.475978533041270913e+00 -1.813564142546433833e-01 6.734000858234325815e-01 -1.813564142546433833e-01 1.179525439163910683e+01 3.187265598724029925e+00 6.734000858234325815e-01 3.187265598724029925e+00 -1.896769281914155947e+00
4.738195357453925283e+01 -5.887820852949554151e+00 -2.010727703182206005e-01 -5.887820852949554151e+00 5.017066044417605042e+01 -1.536909750108381711e+00 -2.010727703182206005e-01 -1.536909750108381711e+00 2.143598068475922602e+01
5.621460615379638170e+01 -4.870826005139702986e+00 1.892245564434837490e+00 -4.870826005139702986e+00 1.839218157823144573e+00 1.743897689607666379e+01 1.892245564434837490e+00 1.743897689607666379e+01 2.482106198758928528e+01
1.584737467070933192e+01 -8.752117573446279053e+00 8.610740446960273298e-01 -8.752117573446279053e+00 1.309567774039388288e+00 3.077470040683332630e+00 8.610740446960273298e-01 3.077470040683332630e+00 5.402018609236727720e+00
4.692000322799010092e+01 9.344351803749830765e+00 1.628479419835576980e+00 9.344351803749830765e+00 5.205980538110607370e+01 -1.386847672351018623e+01 1.628479419835576980e+00 -1.386847672351018623e+01 1.325566534932108809e+01
2.376479386923295323e+01 6.079660831513432839e+00 1.050063381069771928e+00 6.079660831513432839e+00 1.894211035667144571e+01 4.272332328736388463e-01 1.050063381069771928e+00 4.272332328736388463e-01 -2.609060769645651234e+01
2.964634350356575609e+01 -2.643330911232163682e+00 -1.079058487115179155e+00 -2.643330911232163682e+00 2.713058177268266746e+01 -3.021121708861951305e-01 -1.079058487115179155e+00 -3.021121708861951305e-01 1.476992244002500421e+01
4.458728862412894500e+01 -2.968641350931281231e+00 -3.712789668565797729e+00 -2.968641350931281231e+00 4.732746194962475528e+01 4.213712598596855763e+00 -3.712789668565797729e+00 4.213712598596855763e+00 2.598204169314325895e+01
3.005205562943264752e+01 -4.996750676503860511e+00 1.290357981515231511e+00 -4.996750676503860511e+00 2.892642664908194661e+01 8.976459528032899593e-01 1.290357981515231511e+00 8.976459528032899593e-01 1.312341698024977887e+01
2.635617485360915779e+01 -8.211259785022258839e+00 1.420992473278476442e+00 -8.211259785022258839e+00 9.874662730547493439e+00 5.435766639929415334e+00 1.420992473278476442e+00 5.435766639929415334e+00 8.959081041608275342e+00
1.156293100075292379e+01 -2.204539195431823584e-01 -3.531409399151897333e+00 -2.204539195431823584e-01 1.795942288926777408e+01 -8.701019684575715729e+00 -3.531409399151897333e+00 -8.701019684575715729e+00 -6.410738006531198074e+00
1.246171871294209055e+01 3.119016186921671707e+00 4.854167736164520797e-01 3.119016186921671707e+00 1.164325803610272558e+01 5.435288889125124534e+00 4.854167736164520797e-01 5.435288889125124534e+00 1.453032010015749265e+01
2.273562694423681663e+01 -1.518169626024962415e+00 -4.776336371705502515e+00 -1.518169626024962415e+00 4.840382934969763795e+01 -2.693333309686344545e+00 -4.776336371705502515e+00 -2.693333309686344545e+00 2.363891198821208306e+01
