-3.250164941267226215e+00 -6.465122788588182345e+00 -1.332883950011352903e-01 -6.465122788588182345e+00 -1.281825851564272156e+01 -3.792541681439510093e+00 -1.332883950011352903e-01 -3.792541681439510093e+00 5.974354080155321434e+00
-2.480355667017782295e+01 2.800831904218552992e+00 -4.616263565120209300e+00 2.800831904218552992e+00 -3.104396887298399221e+01 1.297872323703820996e+01 -4.616263565120209300e+00 1.297872323703820996e+01 -3.415247438109051359e+01
-7.544188138303571378e+00 6.189923905654657332e+00 5.044779084307013051e+00 6.189923905654657332e+00 -6.281307565655610325e+00 2.022496335068851625e+00 5.044779084307013051e+00 2.022496335068851625e+00 -1.828036183830939265e+01
-1.743883530645917723e+00 5.839900036844186682e-01 1.212905427359931343e+00 5.839900036844186682e-01 -5.805643154718336696e+00 -1.951052590498904449e+00 1.212905427359931343e+00 -1.951052590498904449e+00 -6.344000944803368292e+00
-1.077898060229355259e+01 3.662839960673355044e+00 -7.067634247425980121e-01 3.662839960673355044e+00 2.814522687340763163e+00 -7.320474696245887536e+00 -7.067634247425980121e-01 -7.320474696245887536e+00 9.710433175062544109e+00
1.194789720886943662e+01 2.175537414400833924e+00 2.964454595933569969e+00 2.175537414400833924e+00 -1.395024374925719401e+00 -1.224544363448220707e+00 2.964454595933569969e+00 -1.224544363448220707e+00 -2.252965547703292964e-02
-1.571161860365467611e+01 -1.531478499282922789e-01 1.503975487011707246e-01 -1.531478499282922789e-01 -4.415202759719494274e+00 6.239626538319016369e-01 1.503975487011707246e-01 6.239626538319016369e-01 -4.559142352848301272e+00
-2.036630708682451285e+01 1.534908000629771951e+00 -3.350819121980207260e+00 1.534908000629771951e+00 -1.747230359482412965e+01 -2.440713171660682246e+00 -3.350819121980207260e+00 -2.440713171660682246e+00 -2.628892821637809618e+01
-7.446762502169514519e+00 -7.259654593811028178e+00 -1.476885718978765416e-01 -7.259654593811028178e+00 -1.212377482533793227e+01 5.135472672588154097e+00 -1.476885718978765416e-01 5.135472672588154097e+00 -5.076531907657489739e+00
6.478194420918680363e-01 -5.493161549185594517e+00 9.538875971102207529e-01 -5.493161549185594517e+00 1.469836539009349785e+01 3.781220214379541922e+00 9.538875971102207529e-01 3.781220214379541922e+00 2.005360694620424766e+01
-8.778073943079256480e+00 -1.589175765894107917e+00 2.373334813508194002e-02 -1.589175765894107917e+00 -1.405119434887701679e+01 -5.067700457863929309e+00 2.373334813508194002e-02 -5.067700457863929309e+00 -1.410331209909894845e+01
1.793934067859064285e+01 -4.324275846698396597e-01 -7.430838541000167607e-01 -4.324275846698396597e-01 1.226976442084152907e+01 3.829216240964990359e+00 -7.430838541000167607e-01 3.829216240964990359e+00 1.150213891110685793e+01
-3.435537385177732439e+00 -7.621066634650140337e+00 -1.265016025305868874e+00 -7.621066634650140337e+00 1.162113184631119456e-01 -4.494067785617507305e+00 -1.265016025305868874e+00 -4.494067785617507305e+00 1.080782024203357228e+00
-3.180602560906531551e+01 -1.734170348622582125e+00 8.755466652906065406e-01 -1.734170348622582125e+00 -8.024591919220760872e+00 -9.409151068304922205e+00 8.755466652906065406e-01 -9.409151068304922205e+00 -5.320512162264836142e+00
-4.977017886863611018e+00 -4.295486510360732701e+00 -5.909271832502136057e+00 -4.295486510360732701e+00 -6.355953945921412718e+00 2.015774240001461770e+00 -5.909271832502136057e+00 2.015774240001461770e+00 -4.145212391980152233e+00
-2.031057854647685446e+01 5.558095277726198269e+00 -1.564514726345280327e+00 5.558095277726198269e+00 -1.509665942444299880e+01 2.290961162188223987e+00 -1.564514726345280327e+00 2.290961162188223987e+00 -2.217910954711438265e+01
-1.251728948252102747e+01 2.000079146831043708e+00 3.911912105000762696e-01 2.000079146831043708e+00 -1.379514234726602773e+01 6.976599516777343135e-01 3.911912105000762696e-01 6.976599516777343135e-01 -9.585034581274607390e+00
-2.135127275651269940e+01 -6.752800413129845580e+00 3.451940330417885061e+00 -6.752800413129845580e+00 -1.435237088130441307e+01 2.153663746684665939e-02 3.451940330417885061e+00 2.153663746684665939e-02 -2.272337977886945382e+01
3.725272525200595197e+01 7.530749919957400174e-01 5.141985304377984178e+00 7.530749919957400174e-01 3.305754248816509744e+01 2.049769580086402865e+00 5.141985304377984178e+00 2.049769580086402865e+00 2.787052356930707475e+01
-2.560053549131175998e+01 -1.227417583862305372e+00 2.587701775010828875e+00 -1.227417583862305372e+00 -2.792356678170057549e+01 -2.620605821900665600e+00 2.587701775010828875e+00 -2.620605821900665600e+00 -2.594387842844506054e+01
9.233156475680797115e+00 -6.387969554161444741e+00 -1.854685820016022557e+00 -6.387969554161444741e+00 2.189131659913972783e+01 -3.037202576868352377e+00 -1.854685820016022557e+00 -3.037202576868352377e+00 1.153490055773870893e+01
-4.855888865676272204e+00 4.088393491826285420e+00 6.227630730858947139e+00 4.088393491826285420e+00 -1.293787480092820630e+01 1.035123093523150573e+00 6.227630730858947139e+00 1.035123093523150573e+00 -3.425489000704109999e-01
3.507487915357379649e+01 -1.584858971658634097e+00 2.725943780232111258e-01 -1.584858971658634097e+00 1.141019676252303938e+01 6.043121744797704586e+00 2.725943780232111258e-01 6.043121744797704586e+00 2.510371857172618348e+01
-5.274319004273118061e+00 -5.885000109133622814e+00 -9.801400077794208965e-01 -5.885000109133622814e+00 1.406688385641944272e+01 -7.580236190884113157e+00 -9.801400077794208965e-01 -7.580236190884113157e+00 -7.557243636713227630e+00
-1.585542058277806099e+01 2.848281365160192369e+00 4.773624200245484950e+00 2.848281365160192369e+00 -7.015492905710976501e+00 -3.148939598324599132e+00 4.773624200245484950e+00 -3.148939598324599132e+00 -3.038307055458666994e+01
-2.493428619400036439e+01 -1.860533443732788061e+00 -6.642477395619586389e+00 -1.860533443732788061e+00 -2.041215965397993060e+01 -2.402653041759896357e+00 -6.642477395619586389e+00 -2.402653041759896357e+00 -2.488167217110045115e+01
-1.058122132922327197e+01 3.883391912000845547e+00 2.744529524493843020e+00 3.883391912000845547e+00 -5.651024877654265310e+00 7.989882712958915612e-01 2.744529524493843020e+00 7.989882712958915612e-01 -1.183509392868666232e+01
-2.817675311380511971e+01 -2.901515322796397456e+00 1.331550039248065920e+00 -2.901515322796397456e+00 -2.591606249434695286e+01 -2.956150066672888155e+00 1.331550039248065920e+00 -2.956150066672888155e+00 -1.626948336596382561e+01
-2.115120696412564172e+01 2.722946901998142710e+00 -2.451491380348308713e+00 2.722946901998142710e+00 -1.207773093305073786e+01 3.185422283158668044e+00 -2.451491380348308713e+00 3.185422283158668044e+00 -9.463527096501556102e+00
8.327347448596176704e+00 6.802867699904039389e-01 6.534083341917132692e+00 6.802867699904039389e-01 6.781491322537437583e+00 1.122497353523652741e+01 6.534083341917132692e+00 1.122497353523652741e+01 -1.429806127310136432e+01
3.460084843290102352e+00 -6.586221389039978114e+00 -7.562992807543038154e+00 -6.586221389039978114e+00 4.240229436983050104e-01 1.190488788430370803e+01 -7.562992807543038154e+00 1.190488788430370803e+01 -1.674675254416049697e+01
3.861729440228831134e+00 -7.633433502710450513e-01 9.880693895598917642e-01 -7.633433502710450513e-01 5.360530323804037600e+00 3.499446676685824986e+00 9.880693895598917642e-01 3.499446676685824986e+00 -1.404307027011709508e+01
8.066905858281284480e+00 -1.050566440887212138e+01 -2.730392522067177641e+00 -1.050566440887212138e+01 6.789538713649455381e+00 1.281439372301190094e+00 -2.730392522067177641e+00 1.281439372301190094e+00 7.754062270569385129e-01
-2.312934266458066546e+00 6.363600014774954516e+00 3.568377929687886585e+00 6.363600014774954516e+00 6.007509889203374698e+00 4.207664138555713973e-01 3.568377929687886585e+00 4.207664138555713973e-01 2.925273394244637171e+00
-1.705913153253180781e+01 5.758408170164570627e+00 6.217020322888179074e+00 5.758408170164570627e+00 -1.886162236761447630e+01 6.209986612864526023e+00 6.217020322888179074e+00 6.209986612864526023e+00 -2.634055320582270454e+01
-1.417098612623850151e+01 -1.570148387836447279e+00 -9.912705556225772652e-01 -1.570148387836447279e+00 -5.486380150513643805e+00 -7.915945051366330532e+00 -9.912705556225772652e-01 -7.915945051366330532e+00 9.578849395088077756e+00
9.985097507633740932e+00 -7.663053023090837801e-01 1.144261941124694176e-01 -7.663053023090837801e-01 9.994473342220326018e+00 2.412865904337753609e+00 1.144261941124694176e-01 2.412865904337753609e+00 1.130091101948204013e+01
-1.338271857289064926e+01 3.393321644415304705e-01 -2.011361942640300882e+00 3.393321644415304705e-01 -6.609622716031614331e+00 -2.073851857720451441e+00 -2.011361942640300882e+00 -2.073851857720451441e+00 -4.036466896375709990e-01
-2.254062775737386204e+01 -3.436247821706303718e+00 -4.712982170386853298e+00 -3.436247821706303718e+00 -2.168270449973381986e+01 2.458878587239520908e+00 -4.712982170386853298e+00 2.458878587239520908e+00 -3.801896876172150108e+00
-4.673455041621826567e+00 -1.956457671129441245e+00 -7.787108867718338656e-01 -1.956457671129441245e+00 -1.999451306576290932e+01 8.103760933269464672e+00 -7.787108867718338656e-01 8.103760933269464672e+00 -3.028317300295914549e+01
-9.816179597343714036e+00 -3.640857063247472603e+00 5.659720222288776803e+00 -3.640857063247472603e+00 -2.041255631618362187e+01 3.159244771657783168e+00 5.659720222288776803e+00 3.159244771657783168e+00 -5.769926772482928179e+00
-3.491555405492279363e+01 2.182293988578218047e-01 2.565693384014174239e+00 2.182293988578218047e-01 -1.144651271927349789e+01 -6.195297671250181715e+00 2.565693384014174239e+00 -6.195297671250181715e+00 -2.090301730103079692e+01
3.052169286031753614e+01 1.199612413544639722e+01 9.149290397338226910e+00 1.199612413544639722e+01 2.917207612331352706e+01 2.248347981079109381e+00 9.149290397338226910e+00 2.248347981079109381e+00 2.458952781612104843e+01
1.809605686804703595e+01 -9.584780639732922713e-01 7.817764200023312737e-01 -9.584780639732922713e-01 1.580303700578835624e+01 7.637993720091579952e+00 7.817764200023312737e-01 7.637993720091579952e+00 3.649374416746882588e+01
2.005821569207794752e+01 4.120091799945356570e+00 4.143115203379105438e+00 4.120091799945356570e+00 2.374270077334566054e+01 -1.834228290630228964e+00 4.143115203379105438e+00 -1.834228290630228964e+00 1.938978084700764271e+01
1.241333438002373057e+01 3.873410149833758087e+00 -1.184914849968325967e+01 3.873410149833758087e+00 -7.995565710060453135e+00 1.378381227776007556e+01 -1.184914849968325967e+01 1.378381227776007556e+01 -6.398457442915653104e+00
6.464579381312587358e-01 -4.282068366243707125e+00 -4.530259025288342123e+00 -4.282068366243707125e+00 2.702582927111903732e+00 7.331340724571616008e+00 -4.530259025288342123e+00 7.331340724571616008e+00 -2.983794549533345108e+00
-1.338422799979839262e+01 -5.905602686767642773e+00 -2.562309143418373125e+00 -5.905602686767642773e+00 -1.251787043000200761e+01 2.384618574559577819e+00 -2.562309143418373125e+00 2.384618574559577819e+00 -2.537394833730818178e+01
-6.906147550838078075e+00 -1.035590886715550552e+00 1.963243669377020106e+00 -1.035590886715550552e+00 -1.323649962252131296e+01 -1.322302758688967295e+00 1.963243669377020106e+00 -1.322302758688967295e+00 -1.208827788072402321e+01
-2.102398186897924859e+01 5.583227330175928316e+00 -1.997150468421372560e+00 5.583227330175928316e+00 -1.610109305232134602e+01 7.587350781543019451e+00 -1.997150468421372560e+00 7.587350781543019451e+00 -2.911507371571989822e+01
