-2.737538125945101708e+00 -1.601838580343114993e+00 8.651463930141644054e-01 -1.601838580343114993e+00 -1.593494798572603166e+01 1.992109701665079891e-01 8.651463930141644054e-01 1.992109701665079891e-01 -8.380546017145039883e+00
-3.045630305654306014e+01 6.745728374087636148e-01 2.316977621566501000e+00 6.745728374087636148e-01 -2.872353945623783389e+01 -3.969275220263463133e+00 2.316977621566501000e+00 -3.969275220263463133e+00 -2.501801866865103818e+01
-1.929515490856201154e+01 -1.039766558025473575e+00 -1.553500057749598318e+00 -1.039766558025473575e+00 -6.372498878383297871e+00 3.086265601344198473e+00 -1.553500057749598318e+00 3.086265601344198473e+00 -5.778189654230856398e+00
9.852094024578351039e+00 -1.038666038286670368e+00 5.167448664532121594e-01 -1.038666038286670368e+00 1.189070657412810483e+01 -6.447180520267317694e-02 5.167448664532121594e-01 -6.447180520267317694e-02 1.226237504705472858e+01
3.164874666053707486e+00 -2.205282056405118707e-01 -1.206415701745663371e+00 -2.205282056405118707e-01 -6.667934510790497482e-01 1.950157249785632874e-01 -1.206415701745663371e+00 1.950157249785632874e-01 6.083166148969462839e+00
2.358582336440704097e+01 -3.548576050408560612e+00 -8.674898477682588815e-01 -3.548576050408560612e+00 9.168581419815401645e+00 -1.043282675542046567e-01 -8.674898477682588815e-01 -1.043282675542046567e-01 3.050552941991656297e+01
4.662757492326326414e+00 6.891423787889884300e-01 1.134060743412460104e+00 6.891423787889884300e-01 -6.447871875991290302e+00 -9.557965786930317620e+00 1.134060743412460104e+00 -9.557965786930317620e+00 -1.630691877954013691e+01
-2.554502060621000226e+01 -8.734405060950630073e+00 4.566557043659080217e-01 -8.734405060950630073e+00 -5.750311912863343089e+00 -2.870012518889193842e+00 4.566557043659080217e-01 -2.870012518889193842e+00 -1.974596311834046247e+01
1.629886975647568903e+01 -3.326749709779904807e-01 3.963670771685872118e-01 -3.326749709779904807e-01 1.957595224644957810e+01 -1.676885238536229394e+00 3.963670771685872118e-01 -1.676885238536229394e+00 2.099902307744666530e+01
5.265604323654859087e+00 7.814510029326491303e-01 1.033492057589993962e+00 7.814510029326491303e-01 6.255212806908216017e+00 -1.220113047632025438e+00 1.033492057589993962e+00 -1.220113047632025438e+00 5.589305728371203763e+00
1.449252616500535851e+01 2.194535784162753522e+00 -2.088820657759716592e+00 2.194535784162753522e+00 1.372309400531906753e+01 -6.817189398272783585e+00 -2.088820657759716592e+00 -6.817189398272783585e+00 1.280515988604826205e+01
3.830318390289767283e+00 -2.132159292635914305e+00 -4.616896524292558368e+00 -2.132159292635914305e+00 7.557874556141428890e+00 7.193441079078048972e-01 -4.616896524292558368e+00 7.193441079078048972e-01 8.511047009508997618e+00
4.845358285032730805e+00 3.411881969143650828e+00 2.676478992465072704e+00 3.411881969143650828e+00 4.923206884002883754e+00 -9.259287220344271097e-01 2.676478992465072704e+00 -9.259287220344271097e-01 8.945465551305041174e+00
-1.506532262943640710e+01 -1.775416971136859035e+00 -2.741999328188243990e+00 -1.775416971136859035e+00 -5.639990119071291552e+00 5.239465899962839401e+00 -2.741999328188243990e+00 5.239465899962839401e+00 -4.613511849851075652e+00
2.011810475730334602e+01 1.453832098491390612e+00 -2.119140934962948197e+00 1.453832098491390612e+00 2.369042020189082365e+01 6.036109217847501762e-01 -2.119140934962948197e+00 6.036109217847501762e-01 2.024848463395256459e+01
-1.271761986561643987e+01 7.522373208621842444e+00 -2.465231739217947915e+00 7.522373208621842444e+00 -2.595730098591955137e+00 7.786885118417989027e+00 -2.465231739217947915e+00 7.786885118417989027e+00 5.812181900812498636e-01
2.332129027758305995e+00 -1.213156158250883410e+00 -1.837577992406823180e+00 -1.213156158250883410e+00 3.372883958189649256e+00 4.031009688808428332e-02 -1.837577992406823180e+00 4.031009688808428332e-02 5.896340736883617595e+00
1.328227879630704322e+01 2.648225296593278433e+00 -3.980570682423351769e+00 2.648225296593278433e+00 5.078607216856313222e+00 4.957202205338132828e+00 -3.980570682423351769e+00 4.957202205338132828e+00 -1.029719144556873189e+01
5.042868330153172707e+00 -1.348349208966834301e+00 1.759133638507713038e-01 -1.348349208966834301e+00 5.478248282197500707e+00 7.538042420772196606e-02 1.759133638507713038e-01 7.538042420772196606e-02 9.495296302868574401e+00
1.385202397806603924e+00 -4.802693665305026727e+00 5.379471281362296908e-01 -4.802693665305026727e+00 1.103609250959720356e+01 -1.446816855874848429e+00 5.379471281362296908e-01 -1.446816855874848429e+00 -5.285381520945053868e-01
-1.641665573460024419e+01 -8.927201280466789513e+00 -4.579445954060989976e+00 -8.927201280466789513e+00 -1.552235775230427883e+01 -5.397994132182916793e+00 -4.579445954060989976e+00 -5.397994132182916793e+00 -1.974533390520794285e+01
5.495946124919400155e+00 -2.174602872689753941e+00 -6.078190442009161476e-01 -2.174602872689753941e+00 1.952473373395303824e+01 2.012506556662107648e+00 -6.078190442009161476e-01 2.012506556662107648e+00 6.434896647543494552e+00
-3.237771702860452905e+01 -2.827653212849068343e+00 8.798768401838680600e-03 -2.827653212849068343e+00 -2.274216643214565892e+01 -7.672125343478009007e-01 8.798768401838680600e-03 -7.672125343478009007e-01 -2.339168679299919873e+01
1.753866410998247360e+01 -4.882202493191905579e-01 -1.106072750288217277e+00 -4.882202493191905579e-01 2.261406457174562945e+01 -2.140108340646779350e+00 -1.106072750288217277e+00 -2.140108340646779350e+00 2.512267552905096579e+01
-5.637922874467036216e+00 -9.403609592690584940e-01 -2.220982490207495275e+00 -9.403609592690584940e-01 -1.798944613770865431e+01 6.858501208563174245e+00 -2.220982490207495275e+00 6.858501208563174245e+00 -1.045936293412506934e+01
1.306295810901183607e+01 -1.031272410139345297e+01 -9.589598027194439211e+00 -1.031272410139345297e+01 2.674695238302376321e+00 7.566751387830352726e+00 -9.589598027194439211e+00 7.566751387830352726e+00 6.362418251133521885e+00
-1.637732524131517264e+00 1.121201558535453779e+00 -2.137074371356231239e+00 1.121201558535453779e+00 1.349987671092995001e+01 9.886461432664583882e-01 -2.137074371356231239e+00 9.886461432664583882e-01 3.998115010726594143e+00
-1.819620437182976147e+01 -3.540394358330348545e+00 2.591762931964841865e+00 -3.540394358330348545e+00 -2.242326080952508249e+01 -2.742314309108831338e+00 2.591762931964841865e+00 -2.742314309108831338e+00 -2.073103097863416266e+01
-5.974404267870154328e+00 -2.639115843132261663e+00 -7.005777601511309349e-01 -2.639115843132261663e+00 9.203444887059165913e-02 3.176628167291901672e-01 -7.005777601511309349e-01 3.176628167291901672e-01 -7.913374143364886315e+00
1.811540947661696777e+01 5.597421811800773916e+00 -1.904566377299582447e+00 5.597421811800773916e+00 1.496793808161281270e+01 -6.752932278604625083e+00 -1.904566377299582447e+00 -6.752932278604625083e+00 1.876450872349562005e+01
2.961304272097817769e+00 3.036594135744953515e+00 5.932691180230059702e-01 3.036594135744953515e+00 9.402344883664881081e+00 4.009277418998363984e+00 5.932691180230059702e-01 4.009277418998363984e+00 2.636531697917104733e+00
1.889729216965297054e+00 -1.480482225998731804e+00 -1.128394169314520523e+00 -1.480482225998731804e+00 5.153732296914975919e+00 4.621646238267596019e-01 -1.128394169314520523e+00 4.621646238267596019e-01 6.621016742199152816e+00
2.928501162817288161e+01 -1.465490309886903209e+00 -2.403459134795012941e-01 -1.465490309886903209e+00 2.414106166713673574e+01 7.739943024928017223e+00 -2.403459134795012941e-01 7.739943024928017223e+00 2.738108786712296805e+01
3.684528829350357526e+00 2.344754373092444499e+00 -6.549938583489728350e-01 2.344754373092444499e+00 2.296612479541422225e+00 -1.036621687019348315e+01 -6.549938583489728350e-01 -1.036621687019348315e+01 3.687401904251498053e+00
1.208787806064996806e+00 -1.914844337539361563e+00 2.046266838033512225e-01 -1.914844337539361563e+00 4.186443950798335756e+00 -3.075518260675719207e-01 2.046266838033512225e-01 -3.075518260675719207e-01 4.098413877431415386e+00
2.143483959530590965e+01 -2.007350805004980643e+00 -1.646309180763463331e+00 -2.007350805004980643e+00 2.568713051112668921e+01 5.535712228400877066e+00 -1.646309180763463331e+00 5.535712228400877066e+00 3.504454877410807967e+00
2.009809166633516497e+01 -2.004701003073838805e+00 1.063744042285497682e-01 -2.004701003073838805e+00 8.429579104762384034e+00 2.281804955991268535e+00 1.063744042285497682e-01 2.281804955991268535e+00 -3.641601953773311529e+00
1.085812967592173450e+01 5.489184446616890423e-01 -2.990992993268794198e+00 5.489184446616890423e-01 1.493574301431645779e+01 -2.280816963286137700e+00 -2.990992993268794198e+00 -2.280816963286137700e+00 5.488560593111051489e+00
-1.991540851069254359e+01 8.967232420889736488e+00 1.167283830522502264e+01 8.967232420889736488e+00 -9.660933392128084662e+00 4.050034384758128603e+00 1.167283830522502264e+01 4.050034384758128603e+00 -1.039989551399045631e+01
-6.083192181649830665e+00 6.658470401747191847e-01 2.852225921587937307e+00 6.658470401747191847e-01 9.495859290697294952e+00 1.786315808608614830e+00 2.852225921587937307e+00 1.786315808608614830e+00 3.630712527899140785e+00
2.645690426366209547e-01 3.261345596604032337e+00 -5.563670927917061526e-01 3.261345596604032337e+00 -5.373313022488278357e+00 3.801680945898575081e-01 -5.563670927917061526e-01 3.801680945898575081e-01 -1.512338477810243198e+01
1.541396560453871878e+01 -2.367806597208730879e-01 9.661228529997104575e-01 -2.367806597208730879e-01 7.167206531710542450e+00 9.851638954430275152e-01 9.661228529997104575e-01 9.851638954430275152e-01 7.183980527570211772e-01
4.859724195060821650e+00 -4.768273071892892290e+00 -7.302089049786597563e+00 -4.768273071892892290e+00 1.311352523124574887e+01 8.131848632901949259e+00 -7.302089049786597563e+00 8.131848632901949259e+00 6.064403949407409122e+00
-1.156838648266076408e+00 -1.016816700512604310e+00 1.094548245968437250e+01 -1.016816700512604310e+00 -9.795836322404804619e+00 -5.675997708506662853e+00 1.094548245968437250e+01 -5.675997708506662853e+00 2.321246834304244278e+00
8.229980447405742083e+00 -1.771149352987402059e+00 -2.358482785317949082e-01 -1.771149352987402059e+00 5.110122384020393760e+00 2.830528265200282334e+00 -2.358482785317949082e-01 2.830528265200282334e+00 6.605785398140602283e+00
3.402191739030385964e+00 -1.955243055457293266e+00 -2.850979943824742957e-01 -1.955243055457293266e+00 1.961755849626994008e+00 9.245525657376773010e-01 -2.850979943824742957e-01 9.245525657376773010e-01 7.883376475199271205e+00
1.517823428954473997e+01 7.420482484091061259e+00 -4.715288448589658898e+00 7.420482484091061259e+00 1.458467060389604519e+01 6.151018291689751116e+00 -4.715288448589658898e+00 6.151018291689751116e+00 1.043809235030951932e+01
3.278451740869417819e+01 1.260986604284081436e-01 2.026299021592525562e-01 1.260986604284081436e-01 2.888008664905562384e+01 7.807481853236922120e+00 2.026299021592525562e-01 7.807481853236922120e+00 2.935295813404339071e+01
9.751067997367480089e+00 6.577563046616756726e-01 -8.250658091931210025e-01 6.577563046616756726e-01 1.330359652595901920e+01 -2.624084953713023971e+00 -8.250658091931210025e-01 -2.624084953713023971e+00 1.028908885273253482e+01
3.423865266563591803e+01 -1.845554299861098979e+00 3.512607023252540372e+00 -1.845554299861098979e+00 3.189170032467004390e+01 8.694111172674904964e+00 3.512607023252540372e+00 8.694111172674904964e+00 5.412566284043965936e+01
