2.379261405287577702e+01 6.828692608670720254e+00 -1.557886731943145309e+00 6.828692608670720254e+00 7.137874243454088941e+00 -2.766006087352854248e+00 -1.557886731943145309e+00 -2.766006087352854248e+00 -1.464140919591555701e+01
3.912154762323567070e+01 4.527846658349682585e+00 -1.708219964082778208e+00 4.527846658349682585e+00 3.792774100286615635e+01 -1.415699595387512666e+00 -1.708219964082778208e+00 -1.415699595387512666e+00 2.538078186122007196e+01
-5.735889241794957627e+00 1.619122886806502404e+00 -1.951289117345836877e+00 1.619122886806502404e+00 -4.419347280182269522e+00 -1.841027118818224118e+00 -1.951289117345836877e+00 -1.841027118818224118e+00 3.886578650106282229e+00
1.654560563470166556e+01 6.074541905080486082e-01 4.140388970012128245e-01 6.074541905080486082e-01 1.666278339019216048e+01 9.734541888823536326e-02 4.140388970012128245e-01 9.734541888823536326e-02 7.191665160953907510e+00
7.180427548110128733e+00 -9.592638581194927738e-01 -4.054026226322741677e-01 -9.592638581194927738e-01 1.323703013248549354e+01 1.533021420493511089e+00 -4.054026226322741677e-01 1.533021420493511089e+00 6.527165829721028878e+00
-1.923212082500100450e+00 -4.385380569956227603e-01 1.033319778292625668e-01 -4.385380569956227603e-01 -3.059557140741056003e+00 -8.419566858199670989e+00 1.033319778292625668e-01 -8.419566858199670989e+00 -1.241264512704606737e+01
1.330928834156051366e+01 -3.555703361642651661e+00 6.798797313710840395e-01 -3.555703361642651661e+00 1.506671711681841330e+01 5.230632951326038338e+00 6.798797313710840395e-01 5.230632951326038338e+00 -1.483440051445981744e+01
1.779396965752338389e+01 -1.055565164144843138e+01 2.208451836140635560e+00 -1.055565164144843138e+01 2.655674876655723438e+00 9.063927953253902103e+00 2.208451836140635560e+00 9.063927953253902103e+00 -2.588762319170050930e+01
5.988471780797614663e+00 -3.854846771276261297e+00 6.209958240538671070e-01 -3.854846771276261297e+00 5.653730322078604154e+00 -2.448660147150988065e-01 6.209958240538671070e-01 -2.448660147150988065e-01 -1.742974859934246501e+00
-5.805172567587365329e+00 7.012054661919545628e-01 2.316560571460195561e+00 7.012054661919545628e-01 3.267123723024532023e+00 -2.511315259171098990e+00 2.316560571460195561e+00 -2.511315259171098990e+00 1.403245226688222047e+01
1.224727288562021954e+01 1.249843895749273681e+00 1.613671221848703707e-01 1.249843895749273681e+00 1.239435031916009855e+01 -4.209701167764255958e-01 1.613671221848703707e-01 -4.209701167764255958e-01 5.393089330942081538e+00
4.296806544819725460e+00 4.332049771468387434e+00 -3.977395292205896382e+00 4.332049771468387434e+00 1.011589456274212928e+01 -2.004596120315494723e+00 -3.977395292205896382e+00 -2.004596120315494723e+00 2.563308060353307050e-01
-1.925739102466851449e+01 3.489877386589292918e+00 -2.122296740892532618e+00 3.489877386589292918e+00 -1.532697631943376493e+01 -2.712709406450228844e+00 -2.122296740892532618e+00 -2.712709406450228844e+00 1.429454388241618723e+01
-1.056266466369961687e+00 -1.137900711811364829e+01 -2.219395445952271118e+00 -1.137900711811364829e+01 6.888452085134987968e+00 5.555939683811224050e+00 -2.219395445952271118e+00 5.555939683811224050e+00 1.717873493496732351e+01
-1.295075322243640947e+01 -4.850040579519600215e+00 9.667390645257059045e-01 -4.850040579519600215e+00 6.176518802803142805e+00 4.786236050838563294e+00 9.667390645257059045e-01 4.786236050838563294e+00 5.973589287582546703e+00
1.164497223585105878e+01 -2.449545241213546110e+00 3.614204942716282148e-02 -2.449545241213546110e+00 1.330984494018028386e+01 1.951727370145147189e+00 3.614204942716282148e-02 1.951727370145147189e+00 3.811640248278111898e+01
-7.561739225499901629e+00 4.316216610339973947e+00 -2.323003111163247425e+00 4.316216610339973947e+00 4.490169184734164709e+00 -5.406628891612422549e+00 -2.323003111163247425e+00 -5.406628891612422549e+00 -2.210137633832394499e+01
-1.727660643166494481e+01 -1.033280384690160680e+01 4.370545396637769642e+00 -1.033280384690160680e+01 -1.201572957940722475e+01 5.949882409773166181e+00 4.370545396637769642e+00 5.949882409773166181e+00 -7.440504170463261957e+00
5.750029062758578391e+00 5.691509187919851165e+00 1.462974455806146601e+00 5.691509187919851165e+00 1.897069336550608298e+01 -1.346700897121775320e+00 1.462974455806146601e+00 -1.346700897121775320e+00 -1.731762814696121699e+00
1.586074546269091279e+01 8.014782673904809585e+00 -2.087411119428803641e+00 8.014782673904809585e+00 1.092933482109731180e+01 -6.438988838794632130e+00 -2.087411119428803641e+00 -6.438988838794632130e+00 -1.480070842734326320e+00
-6.001993355205274661e+00 -5.102694528088618675e+00 5.155589097266051191e-01 -5.102694528088618675e+00 3.146125802198033838e+00 1.863060126684421780e+00 5.155589097266051191e-01 1.863060126684421780e+00 1.118508108213729813e+01
2.313176513065309692e+01 2.562846853414154857e+00 1.183062332083252954e+00 2.562846853414154857e+00 2.097633289970290704e+01 -5.222647740405828021e-01 1.183062332083252954e+00 -5.222647740405828021e-01 3.592281859777033759e+01
2.383894426290595003e+00 4.612115012492099986e+00 3.471865561983736997e-02 4.612115012492099986e+00 3.390907151881991766e+00 2.645355503092271743e+00 3.471865561983736997e-02 2.645355503092271743e+00 1.574976733759487768e+00
-7.652916524064329984e+00 -1.820903739123748588e+00 2.588649083453325450e-01 -1.820903739123748588e+00 6.784659289781679092e+00 5.084086195129072117e+00 2.588649083453325450e-01 5.084086195129072117e+00 1.461949297631784361e+01
-4.434021956985904289e+00 -5.865527389552918969e+00 1.344659431337179800e+00 -5.865527389552918969e+00 4.082845363180611642e+00 -1.036194855238382173e+00 1.344659431337179800e+00 -1.036194855238382173e+00 1.602193761752453227e+01
6.312859403880022313e+00 9.280235819399820230e+00 -1.844090491039147850e-01 9.280235819399820230e+00 6.674611839908878297e-02 -1.645150834599507839e+00 -1.844090491039147850e-01 -1.645150834599507839e+00 7.741390990394863891e+00
5.051916552447005770e+00 6.899250440714581600e+00 -2.266568485694191892e+00 6.899250440714581600e+00 3.603323243855546476e+00 -9.163196488415326080e-01 -2.266568485694191892e+00 -9.163196488415326080e-01 1.340559426141004273e+01
6.381954060452775579e+00 -1.009968967348164659e+00 -5.675511842539869845e-01 -1.009968967348164659e+00 1.163608752888897202e+00 3.950396309024553521e+00 -5.675511842539869845e-01 3.950396309024553521e+00 9.698577350328584146e+00
1.827033080405371734e+01 1.094066539563233853e+00 -8.412700299924568137e-01 1.094066539563233853e+00 1.823186905917319933e+01 1.891425668976833396e+00 -8.412700299924568137e-01 1.891425668976833396e+00 1.456612652831838517e+01
1.766983793091772625e+01 -1.760609927239459305e+00 3.484578135222347495e+00 -1.760609927239459305e+00 4.736630820321364510e+00 -4.414199810399086488e+00 3.484578135222347495e+00 -4.414199810399086488e+00 1.740418395510112148e+01
-1.223972114758316110e+01 2.571449414744995110e-01 9.147915917286889576e-01 2.571449414744995110e-01 4.539584340563882492e+00 -4.445612780396039909e+00 9.147915917286889576e-01 -4.445612780396039909e+00 1.579719623745779700e+01
1.155489474391109717e+01 2.618187249444065223e+00 -6.625068018860180707e-01 2.618187249444065223e+00 6.431487165849842036e+00 -2.857692352191296692e+00 -6.625068018860180707e-01 -2.857692352191296692e+00 1.001572495670244045e+01
-1.191305923780708431e+00 -3.873377703914373388e-02 -2.816789695729504661e-01 -3.873377703914373388e-02 -5.059534277341305675e+00 -3.616503229384254947e+00 -2.816789695729504661e-01 -3.616503229384254947e+00 1.571285413028566724e+00
4.421744319551369706e+00 -4.195779281677443073e-01 6.449794468761943511e-01 -4.195779281677443073e-01 -3.996957425134028519e+00 -1.348841523643088625e+00 6.449794468761943511e-01 -1.348841523643088625e+00 5.584298702051821550e+00
-7.533570688655170322e+00 -2.752176226025973449e+00 -3.634889434779349671e+00 -2.752176226025973449e+00 -8.750224845503760562e+00 1.285168530326053604e+00 -3.634889434779349671e+00 1.285168530326053604e+00 -1.037095433294031466e+01
1.193626723595461403e+00 -4.940611747689638733e+00 3.672655268380782823e-01 -4.940611747689638733e+00 5.293292259240033992e+00 1.228570414122562626e+00 3.672655268380782823e-01 1.228570414122562626e+00 5.294144444925001025e+00
1.084689523180969672e+01 -6.997562176799406508e+00 4.010958970719426198e+00 -6.997562176799406508e+00 2.338028794905902785e+01 7.772152788642533450e-01 4.010958970719426198e+00 7.772152788642533450e-01 9.111786434397684431e+00
3.311723223974556163e+01 3.672801603754333399e+00 1.792267474369561020e+00 3.672801603754333399e+00 3.036012790512724990e+01 -2.127802033766575285e+00 1.792267474369561020e+00 -2.127802033766575285e+00 2.436669091086775651e+01
1.407960133616213305e+00 1.742762673835665854e+00 -1.418170342027454289e+00 1.742762673835665854e+00 -1.338250121103872026e+01 1.707661477122444538e+00 -1.418170342027454289e+00 1.707661477122444538e+00 1.628181926816126790e+01
7.568644209491895758e+00 -3.564020620494867231e+00 -1.346258620208967027e+00 -3.564020620494867231e+00 6.060310580346046194e+00 3.872897157872667862e+00 -1.346258620208967027e+00 3.872897157872667862e+00 1.556914633304691264e+01
1.409433977309956099e+01 -2.611956445207991528e+00 -1.501696432020572791e-01 -2.611956445207991528e+00 1.599898354147008561e+01 -2.478978072706673752e-01 -1.501696432020572791e-01 -2.478978072706673752e-01 1.213916378835678778e+01
2.343922480309928247e+01 2.555793470309148940e+00 -1.380323568975230786e-01 2.555793470309148940e+00 2.251749568063059215e+01 -2.148024967407049957e+00 -1.380323568975230786e-01 -2.148024967407049957e+00 1.267491537747870822e+01
5.059761586300666636e+00 3.238958309270744546e-02 -5.650214330080105540e-01 3.238958309270744546e-02 4.075797886647616330e+00 -2.612055640138946533e+00 -5.650214330080105540e-01 -2.612055640138946533e+00 1.614886208877321705e+00
-2.001047708137705072e+01 -3.429111924371418318e+00 4.326801453442721268e+00 -3.429111924371418318e+00 -1.998724091909640777e+01 5.419102032590950913e+00 4.326801453442721268e+00 5.419102032590950913e+00 -2.318373566219300841e+01
7.463100165177992018e+00 7.294111475942772316e+00 -1.532092408105622194e+00 7.294111475942772316e+00 -1.116103164187925101e+00 -5.480350000662728149e+00 -1.532092408105622194e+00 -5.480350000662728149e+00 -4.136031486342447216e+00
-1.506392564383070543e+01 -2.649222963754982008e+00 9.536385538450463384e-02 -2.649222963754982008e+00 9.871480005381373601e+00 -4.299424147168072752e-01 9.536385538450463384e-02 -4.299424147168072752e-01 -1.793956339437932757e+00
1.349210837901051541e+01 2.860350507306440360e+00 -1.505056031208021006e+00 2.860350507306440360e+00 1.297691437074548304e+01 7.259403016396623887e-01 -1.505056031208021006e+00 7.259403016396623887e-01 -1.603015896436745180e+01
2.220057356407652005e+00 1.075607698168145054e+00 -2.502989098128788115e+00 1.075607698168145054e+00 6.012389216287573612e-01 -3.354525699334354627e+00 -2.502989098128788115e+00 -3.354525699334354627e+00 -2.258332050931914026e+00
1.221196471667851036e+01 3.905573681719626267e-01 -8.117280937397393092e-01 3.905573681719626267e-01 1.340886214783629704e+01 -1.692498441508446527e+00 -8.117280937397393092e-01 -1.692498441508446527e+00 1.437010360330798520e+01
-4.996158814785161439e+00 -1.489275691351287234e+00 2.238857124547576127e+00 -1.489275691351287234e+00 -5.914954166620374210e+00 4.036762622874908502e+00 2.238857124547576127e+00 4.036762622874908502e+00 -2.624608156893490474e+00
