-1.689429498783868411e+01 1.882570601279009548e+00 2.811796687676110587e-04 1.882570601279009548e+00 -5.149890472171959388e+00 -3.836478423694491546e-01 2.811796687676110587e-04 -3.836478423694491546e-01 -5.737868671079636940e+00
3.083284818752148482e+01 -2.434730817823763438e+00 -2.929138912683481699e+00 -2.434730817823763438e+00 2.808255450983246959e+01 8.677125785505682032e+00 -2.929138912683481699e+00 8.677125785505682032e+00 4.008583737128120106e+01
1.525736034741680125e-01 -2.070598543312434092e+00 1.492723373044006818e+00 -2.070598543312434092e+00 1.160335018727364620e+01 -1.484171171455190619e+00 1.492723373044006818e+00 -1.484171171455190619e+00 -9.296301305285490368e-01
2.031544360522703485e+01 -9.470850156077825766e-01 -3.647645856117150420e-01 -9.470850156077825766e-01 1.606234769067694401e+01 1.392687731148814834e+00 -3.647645856117150420e-01 1.392687731148814834e+00 2.179321524655184916e+01
-1.342327232098296363e+01 1.204254983353401087e+00 3.290908163133919206e+00 1.204254983353401087e+00 -1.763283620084662218e+01 4.606993775243192424e+00 3.290908163133919206e+00 4.606993775243192424e+00 -1.467388372965131893e+01
1.152134235071825552e+00 -7.864279694630001316e+00 -4.573317445703246165e+00 -7.864279694630001316e+00 1.351003742688097198e+01 -6.318008511342642741e+00 -4.573317445703246165e+00 -6.318008511342642741e+00 1.394756908377835503e+00
7.789267129209773266e+00 6.494742017086885255e+00 7.994629178448080964e+00 6.494742017086885255e+00 -4.698547092548898796e+00 2.868486270441567232e+00 7.994629178448080964e+00 2.868486270441567232e+00 -1.520406880799422744e+01
1.865395276999295149e+01 -3.270149620893095133e+00 -4.789321716925842409e+00 -3.270149620893095133e+00 3.396254046103248214e+01 -9.442955643857432690e+00 -4.789321716925842409e+00 -9.442955643857432690e+00 3.536339037251737238e+01
-2.132180439941394567e+01 -6.242455720097571437e+00 -3.136433755842310767e+00 -6.242455720097571437e+00 -1.242861556455252270e+01 1.104682783494663978e+00 -3.136433755842310767e+00 1.104682783494663978e+00 -1.686342845392241330e+01
7.789267129209773266e+00 6.494742017086885255e+00 7.994629178448080964e+00 6.494742017086885255e+00 -4.698547092548898796e+00 2.868486270441567232e+00 7.994629178448080964e+00 2.868486270441567232e+00 -1.520406880799422744e+01
-1.936786030718197082e+01 -5.234091469133889118e-01 -4.899506763626536310e-02 -5.234091469133889118e-01 -1.557587712124494495e+01 -4.108303134499594833e+00 -4.899506763626536310e-02 -4.108303134499594833e+00 -2.675865904690865804e+01
-2.235725794280463319e+01 -9.790581845122116322e-02 3.853797167361199261e-01 -9.790581845122116322e-02 -1.878887663069136593e+01 3.396098314220158176e+00 3.853797167361199261e-01 3.396098314220158176e+00 -2.756282240910225312e+01
6.102143904366180038e+00 -2.894778730112114840e+00 -1.197768962252226066e+00 -2.894778730112114840e+00 -2.460210195655239573e+01 9.124746754763123135e+00 -1.197768962252226066e+00 9.124746754763123135e+00 -9.910856847171386264e+00
-6.043209780842832002e-01 6.809091790011508216e+00 6.405665035632464033e+00 6.809091790011508216e+00 1.081902436911133636e+00 -6.523987205584451665e-01 6.405665035632464033e+00 -6.523987205584451665e-01 1.719354313850736204e+01
3.177310952508642217e+01 -3.198706596442051353e+00 -2.573154380725518831e+00 -3.198706596442051353e+00 3.468845697419142482e+01 1.014685543699808346e+00 -2.573154380725518831e+00 1.014685543699808346e+00 3.363374684304145745e+01
-9.933104348645304782e+00 1.465310920277942852e+00 1.004220958130098929e+00 1.465310920277942852e+00 -5.004288571305398392e+00 1.244071342893495080e+00 1.004220958130098929e+00 1.244071342893495080e+00 -1.702314035022689964e+01
-1.817739624082486216e+01 1.010884768354037888e+01 2.033828822777785206e+00 1.010884768354037888e+01 -8.026973519100931043e+00 1.227976196421105559e+00 2.033828822777785206e+00 1.227976196421105559e+00 -5.533957091400620421e+00
4.556328235362573587e+00 -1.438732670227034660e+00 -6.311736144458659492e-01 -1.438732670227034660e+00 1.319760109778397528e+01 -1.142519030694789661e+00 -6.311736144458659492e-01 -1.142519030694789661e+00 8.651978634890161501e+00
-2.165994582395918400e+01 2.894200420222415637e+00 1.618396512410145149e+00 2.894200420222415637e+00 -3.127892333161818073e+01 6.883669824360460154e+00 1.618396512410145149e+00 6.883669824360460154e+00 -2.352823725433270141e+01
2.507268563195210742e-01 -4.559978721982591132e+00 -4.449778266546814187e+00 -4.559978721982591132e+00 5.054230403792727699e+00 6.335633558003282317e+00 -4.449778266546814187e+00 6.335633558003282317e+00 -1.633880395918387185e+00
1.144451687278073493e+01 2.720630474323001646e+00 3.664806271401311211e+00 2.720630474323001646e+00 6.403296514221656466e+00 2.796124444731415415e-01 3.664806271401311211e+00 2.796124444731415415e-01 1.051877035212379141e+01
-9.631084484029749149e+00 2.550698151513403733e+00 -1.049298368218782446e-01 2.550698151513403733e+00 -3.948519103881258019e+01 8.529976764265661870e+00 -1.049298368218782446e-01 8.529976764265661870e+00 -1.328569852979137700e+01
8.797941556245721939e-01 -6.732204856899299372e+00 -1.749279613023046354e+00 -6.732204856899299372e+00 -2.136174262930946366e+00 -4.614181978674227302e+00 -1.749279613023046354e+00 -4.614181978674227302e+00 -1.806505506659048166e+01
-6.368381142228772163e+00 7.565018500546996094e-01 -1.107199310902006184e+00 7.565018500546996094e-01 -2.298410045828002524e+01 5.941583073609597143e+00 -1.107199310902006184e+00 5.941583073609597143e+00 1.321263796301803595e+01
1.355831426566364861e+01 -6.467723603060355764e+00 -6.290558708314487824e+00 -6.467723603060355764e+00 1.617868924611591908e+01 3.426290821213897164e+00 -6.290558708314487824e+00 3.426290821213897164e+00 2.725211440654456041e+01
-7.017816065239380841e+00 5.513951518298346954e+00 6.680513216316714242e+00 5.513951518298346954e+00 -1.396735926518762128e+01 3.200999650643085115e+00 6.680513216316714242e+00 3.200999650643085115e+00 -1.150967674098269811e+01
2.534705693265466309e+01 -1.301002602716240908e+00 -1.614150430390573820e+00 -1.301002602716240908e+00 3.591799834274142711e+01 -3.294248138309197493e+00 -1.614150430390573820e+00 -3.294248138309197493e+00 3.372856466278521737e+01
3.543038147041850294e+01 -3.065791633670285954e+00 -2.613861112781867391e+00 -3.065791633670285954e+00 4.067609655004052627e+01 -2.609942867652780274e-01 -2.613861112781867391e+00 -2.609942867652780274e-01 4.243495443483335094e+01
-1.050419930123287493e+01 3.698632036000740086e+00 -2.642673304579713278e+00 3.698632036000740086e+00 -1.728796952180197977e+01 3.614952269059559686e+00 -2.642673304579713278e+00 3.614952269059559686e+00 -1.684911552451998418e+01
-1.279396608985905281e+01 7.953671265202605589e+00 3.267696684708951249e+00 7.953671265202605589e+00 -9.138755878522724529e+00 6.912428582306291425e+00 3.267696684708951249e+00 6.912428582306291425e+00 2.908192266857753783e+00
2.444516146479726970e+01 -1.397976299246888310e+01 -5.669077169281474760e+00 -1.397976299246888310e+01 2.356716780204547845e+01 1.161033830443200243e-01 -5.669077169281474760e+00 1.161033830443200243e-01 2.628093722672741706e+01
2.820453398637273779e+01 -8.490781764093203066e+00 -5.703599708365573839e+00 -8.490781764093203066e+00 2.144519754757323682e+01 1.940997739833178137e+00 -5.703599708365573839e+00 1.940997739833178137e+00 2.570773046137007611e+01
-2.471435309163045702e+01 -3.931605197627117576e+00 -5.604125456992918863e+00 -3.931605197627117576e+00 -4.113634043238348248e+00 -2.110339255294540362e+00 -5.604125456992918863e+00 -2.110339255294540362e+00 -9.045297611839986374e+00
-2.327893296161644088e+01 -1.825147689195319112e+00 -3.589098173415296245e+00 -1.825147689195319112e+00 -2.375546725224136324e+01 1.253209778244695816e+00 -3.589098173415296245e+00 1.253209778244695816e+00 -1.287818880733405891e+01
3.728383453465146857e+01 -8.888907827916808557e+00 -6.167012598846679516e+00 -8.888907827916808557e+00 4.139645207521809311e+01 1.359997735049434553e+00 -6.167012598846679516e+00 1.359997735049434553e+00 4.668011968483495622e+01
-1.083382822391889988e+01 -1.310116848588550598e+00 -5.076094475975441611e+00 -1.310116848588550598e+00 4.508989773758156794e+00 1.721436710290539684e+00 -5.076094475975441611e+00 1.721436710290539684e+00 -1.688717627003372135e+00
-1.088963255002824404e+01 -1.709675456339704080e+00 4.463613253908015110e+00 -1.709675456339704080e+00 1.189624312524570016e+01 5.505637105617883220e-01 4.463613253908015110e+00 5.505637105617883220e-01 2.376128701195994619e+00
3.198268950910927444e+01 3.245463504011246059e+00 2.777910953889240364e+00 3.245463504011246059e+00 3.717182265716493816e+01 -4.130569318420433511e+00 2.777910953889240364e+00 -4.130569318420433511e+00 4.247679586295591037e+01
-2.769520520146793530e+01 3.594879644095771098e+00 6.774036088461869998e-01 3.594879644095771098e+00 -2.338286133111307308e+01 2.206061616658160585e+00 6.774036088461869998e-01 2.206061616658160585e+00 -2.909045271071255456e+01
-1.897301712363426418e+01 -1.973149414170551674e+00 -2.307329205662719041e+00 -1.973149414170551674e+00 -1.533077738534567125e+01 4.152401473009268429e+00 -2.307329205662719041e+00 4.152401473009268429e+00 -1.492196628192453822e+01
1.921591976638368138e+01 -7.339675480233781357e+00 -8.726868250097894020e+00 -7.339675480233781357e+00 6.605473896482337182e+00 3.939590920835004173e+00 -8.726868250097894020e+00 3.939590920835004173e+00 1.330108755376657115e+01
3.255393963713874683e+01 -2.352808634055545689e-01 -3.688136631080426220e+00 -2.352808634055545689e-01 3.371712636722905643e+01 -2.553247868819111144e+00 -3.688136631080426220e+00 -2.553247868819111144e+00 2.533862436492250936e+01
1.013668058139749562e+01 -1.848408046116775116e+00 -1.246793904160342414e+00 -1.848408046116775116e+00 1.716245558805476890e+01 3.251190836133750928e+00 -1.246793904160342414e+00 3.251190836133750928e+00 1.619374332185191534e+01
-2.236441873800247748e+01 3.767374088883168159e+00 6.169010117204159371e+00 3.767374088883168159e+00 -2.596257056201871904e+01 5.518681708138903907e+00 6.169010117204159371e+00 5.518681708138903907e+00 -2.637361487161285467e+01
-2.069617393530919003e+01 6.392625373768221486e+00 3.389808273186190934e+00 6.392625373768221486e+00 -1.843697297566679083e+01 6.442962100125584790e+00 3.389808273186190934e+00 6.442962100125584790e+00 -2.154598127534964647e+01
4.170198213515563523e+00 2.373914347539733682e-01 -2.712901356331078317e-01 2.373914347539733682e-01 9.403943320556575003e+00 -5.039215411755432861e+00 -2.712901356331078317e-01 -5.039215411755432861e+00 2.283569751638725620e+01
-2.017325612668347290e+01 5.018158375314558661e-01 5.873731343845919994e+00 5.018158375314558661e-01 3.009417698815398623e+01 -8.118999588760992481e+00 5.873731343845919994e+00 -8.118999588760992481e+00 -4.882555512145140497e+00
9.769056008298862892e+00 -2.718464076606520452e-01 -5.705348872433598784e-01 -2.718464076606520452e-01 1.947224188762493569e+01 2.524205004629218152e+00 -5.705348872433598784e-01 2.524205004629218152e+00 1.810028296601824138e+01
-7.739718714265588773e+00 1.371840078977190513e+00 -1.869695147924582912e+00 1.371840078977190513e+00 -2.721196092982828052e+00 -2.393434700395221867e-02 -1.869695147924582912e+00 -2.393434700395221867e-02 5.474699682308768800e+00
1.751558746314139370e+01 5.285061801686111060e+00 3.023585606675755599e+00 5.285061801686111060e+00 1.914657860656227584e+01 5.219980093292626577e+00 3.023585606675755599e+00 5.219980093292626577e+00 1.007537138617832007e+01
