1.713833576543401405e+00 6.087455389832790997e-01 -6.511892723488623247e+00 6.087455389832790997e-01 1.280616550797599018e+01 -2.690329339445352463e+00 -6.511892723488623247e+00 -2.690329339445352463e+00 -1.403041692552019626e+01
4.086676284560417094e-01 1.314216266559976365e+00 1.859364088112376079e+00 1.314216266559976365e+00 -8.794387704208292966e-01 -2.020913751192625174e+00 1.859364088112376079e+00 -2.020913751192625174e+00 1.659657104669307159e+01
1.209371601965489162e+01 -8.474479055629499769e+00 4.240441516236630459e-01 -8.474479055629499769e+00 9.507903586955423592e+00 2.160258145636130944e+00 4.240441516236630459e-01 2.160258145636130944e+00 -5.416393382293593817e+01
2.818387989469045607e+01 -4.826423904239213414e+00 -9.715401118163351057e+00 -4.826423904239213414e+00 4.334077252480297204e+01 -4.674582362534098756e+00 -9.715401118163351057e+00 -4.674582362534098756e+00 2.047839324102509195e+01
1.563538535537250596e+01 -2.576400147721727762e+00 1.441964254910150234e-01 -2.576400147721727762e+00 1.845992196976265376e+01 2.647909792134143236e-01 1.441964254910150234e-01 2.647909792134143236e-01 1.491491857722343894e+01
1.917137470428888690e+01 1.670198870083498477e+01 1.465280855186208209e+00 1.670198870083498477e+01 6.906640805688877727e+00 -1.947195084383955832e-01 1.465280855186208209e+00 -1.947195084383955832e-01 1.307060300639065886e+01
9.405197663683900089e+00 3.987445398070900815e+00 4.447815829882851624e+00 3.987445398070900815e+00 1.569101294420468129e+01 2.333259968483060387e+00 4.447815829882851624e+00 2.333259968483060387e+00 1.130916759009707340e+00
8.151894367300343003e-01 -9.238303266441926453e+00 -5.390630623683880657e-02 -9.238303266441926453e+00 1.148886758378756134e+01 1.503702685325070787e+00 -5.390630623683880657e-02 1.503702685325070787e+00 1.669853803485596444e+01
1.024007705171931981e+01 -5.231235943001314226e+00 -5.261177004088377629e+00 -5.231235943001314226e+00 3.845742397019732550e+01 -2.745239778354637394e+00 -5.261177004088377629e+00 -2.745239778354637394e+00 2.256060237934305945e+01
1.470042685460427023e+01 2.361937122871451855e+00 3.093729317447011518e+00 2.361937122871451855e+00 7.253253930472327582e+00 -6.298272188483333700e-02 3.093729317447011518e+00 -6.298272188483333700e-02 -5.016951492853092276e+01
2.540806708865467911e+01 2.088277330890695893e+00 3.919934119183890453e-01 2.088277330890695893e+00 3.270457659987302890e+01 -2.863482588446449872e-01 3.919934119183890453e-01 -2.863482588446449872e-01 2.397541962905536650e+01
3.178480712776974570e+01 1.156720876756294203e+01 8.802044387226532152e+00 1.156720876756294203e+01 1.294567091658701941e+01 5.435153891395287928e+00 8.802044387226532152e+00 5.435153891395287928e+00 3.698642074949427894e+01
3.178480712776974570e+01 1.156720876756294203e+01 8.802044387226532152e+00 1.156720876756294203e+01 1.294567091658701941e+01 5.435153891395287928e+00 8.802044387226532152e+00 5.435153891395287928e+00 3.698642074949427894e+01
3.833150567706544365e+01 -4.181993769918949333e+00 -1.497314097883475803e+00 -4.181993769918949333e+00 3.712779892267119664e+01 -8.066506691047046207e-01 -1.497314097883475803e+00 -8.066506691047046207e-01 2.984732234156334485e+01
2.246397143318780820e+01 -4.805188279265040663e+00 -1.520729667871795643e+00 -4.805188279265040663e+00 3.141294134450105702e+01 -1.438124676396302926e+00 -1.520729667871795643e+00 -1.438124676396302926e+00 2.162671161111943263e+01
-5.405162796094069577e+00 -7.160888265259075069e+00 3.514592500949245579e+00 -7.160888265259075069e+00 -4.678154891913741231e+00 4.335927049945071943e+00 3.514592500949245579e+00 4.335927049945071943e+00 1.907703162768975247e+01
2.057496093420296290e+01 1.832870499769647665e+00 -5.039639986335906624e-02 1.832870499769647665e+00 2.005782594468336200e+01 -2.564395285452228945e-01 -5.039639986335906624e-02 -2.564395285452228945e-01 1.731829063990489814e+01
1.923438475630420141e+00 1.114978373436727566e+01 -3.538917724783166907e+00 1.114978373436727566e+01 -3.449127752175523032e+00 -4.330885662749135889e+00 -3.538917724783166907e+00 -4.330885662749135889e+00 4.407930614078032505e+01
1.837980148337212327e+01 -3.560549009495760586e+00 -1.327511003854251248e+00 -3.560549009495760586e+00 2.417522582971010792e+01 -1.001779629902841195e+00 -1.327511003854251248e+00 -1.001779629902841195e+00 1.226162582466437456e+01
1.750493818651739986e+01 -2.501101366810416060e+00 9.182724615131491186e-01 -2.501101366810416060e+00 2.257186164625279190e+01 8.269206699224209700e-01 9.182724615131491186e-01 8.269206699224209700e-01 1.301781683694884784e+01
1.215237366589726697e+00 7.709493999943672016e+00 -5.770945397540057087e-01 7.709493999943672016e+00 -4.299885758003155090e+00 -2.785649376526292187e+00 -5.770945397540057087e-01 -2.785649376526292187e+00 -3.195131231539682481e+00
4.063084360574382004e+01 -4.635013278424421346e-01 7.966936416285511635e-01 -4.635013278424421346e-01 3.817274668583434760e+01 7.175249021207229516e-01 7.966936416285511635e-01 7.175249021207229516e-01 4.263876656457618708e+01
1.671062940539002284e+01 -4.001029271646348917e+00 -3.592764088328545546e-01 -4.001029271646348917e+00 1.863096622667397639e+01 -7.659614001276426887e-01 -3.592764088328545546e-01 -7.659614001276426887e-01 1.259776204331475036e+01
3.362935204950967716e+01 1.509251123285854757e+00 4.013719745659520832e+00 1.509251123285854757e+00 3.590004668466485072e+01 2.341002601235918856e+00 4.013719745659520832e+00 2.341002601235918856e+00 1.709097946543987945e+01
2.268481605543318125e+01 5.895703763868022085e-01 6.855927056269882636e-01 5.895703763868022085e-01 2.699646124386097767e+01 -1.819124727827561849e-01 6.855927056269882636e-01 -1.819124727827561849e-01 1.784434914101624514e+01
-1.033742393307174900e+01 -5.692140419803351392e+00 -6.239971934124208808e+00 -5.692140419803351392e+00 -9.621000332944946720e-01 -7.383654082413208641e+00 -6.239971934124208808e+00 -7.383654082413208641e+00 -3.385873102173947213e+00
-4.708518892870880990e+00 -3.456323063070158685e+00 -1.051923873771377860e+00 -3.456323063070158685e+00 -1.485338150110918853e+01 -1.030808179888327514e+00 -1.051923873771377860e+00 -1.030808179888327514e+00 2.503797568535603091e+01
1.248678568539287603e+00 -7.286070321094206825e+00 -3.685339572988228340e+00 -7.286070321094206825e+00 8.129661604460480362e+00 -2.694579968038356199e+00 -3.685339572988228340e+00 -2.694579968038356199e+00 -1.200116190423622875e+01
-2.243743728597149811e+01 -4.301956988291754769e+00 -1.254551683025341813e+00 -4.301956988291754769e+00 -1.505329151767189622e+01 -3.254438170515636219e+00 -1.254551683025341813e+00 -3.254438170515636219e+00 -5.202033701812454503e+00
1.444738503940142849e+01 -1.024864893373934160e+00 -2.523904186758735846e-01 -1.024864893373934160e+00 1.685902805944814631e+01 -5.449038933724396072e-01 -2.523904186758735846e-01 -5.449038933724396072e-01 1.019226479926397744e+01
2.775898275491235268e+01 4.946171945593243358e+00 -1.047058442320248695e+00 4.946171945593243358e+00 3.004281122647421398e+01 -9.215235974279801567e+00 -1.047058442320248695e+00 -9.215235974279801567e+00 -5.862847652058474912e-01
2.972582738172772210e+01 -2.330431294087855321e+00 5.557637074353917184e-01 -2.330431294087855321e+00 2.798372755608058782e+01 3.403216164677801969e-01 5.557637074353917184e-01 3.403216164677801969e-01 2.211988654945304944e+01
1.034693753138606631e+01 2.593895320605611232e+00 -1.306879313187703451e+00 2.593895320605611232e+00 1.148717314622516916e+01 1.788436566147647011e-01 -1.306879313187703451e+00 1.788436566147647011e-01 8.400566649957742271e+00
4.683399383469166288e+00 3.696409506237422260e+00 3.309257202825425903e+00 3.696409506237422260e+00 5.741339187455970716e+00 1.289719762407064430e+00 3.309257202825425903e+00 1.289719762407064430e+00 4.425600892335370240e+00
7.882208355957447843e+00 6.208492968098106024e-01 2.146012870399016226e+00 6.208492968098106024e-01 2.966774394126194814e+00 -2.221671133451974534e+00 2.146012870399016226e+00 -2.221671133451974534e+00 3.341383005858276078e+01
2.385972781070306326e+01 2.488745061414495030e+00 9.254816640047818233e-01 2.488745061414495030e+00 2.135171669328883226e+01 6.304489219318036852e-01 9.254816640047818233e-01 6.304489219318036852e-01 1.811377577433777475e+01
1.955568419041775385e+01 -1.270905453867487322e+00 -2.380034623030124197e-01 -1.270905453867487322e+00 1.388481412834485162e+01 -1.238284252660014184e+00 -2.380034623030124197e-01 -1.238284252660014184e+00 1.980616038329902651e+01
3.458871271184244023e+01 -4.800156340782140596e+00 1.112761960048100629e-01 -4.800156340782140596e+00 4.025517877890472818e+01 -2.130729335273034153e-01 1.112761960048100629e-01 -2.130729335273034153e-01 2.754961667677356019e+01
2.403008993286588790e+01 6.194536349217663940e+00 -2.716952463672845486e+00 6.194536349217663940e+00 2.007177991594570443e+01 -2.107489930673119627e+00 -2.716952463672845486e+00 -2.107489930673119627e+00 7.543854094273599209e+00
3.585233397135689870e+01 -1.262485678313156168e+00 -3.712261106791089338e-01 -1.262485678313156168e+00 2.500935159182974132e+01 -3.447620614157721475e-01 -3.712261106791089338e-01 -3.447620614157721475e-01 2.590833154794507465e+01
-2.280422948674601713e+01 5.965892623268566730e+00 -4.624587466704111804e+00 5.965892623268566730e+00 -1.996230797900727438e+01 -4.358497057284904663e+00 -4.624587466704111804e+00 -4.358497057284904663e+00 -2.473515819929881232e+01
2.207488733522023949e+01 -2.309595056823808612e+00 -1.403843169764215359e-01 -2.309595056823808612e+00 3.641494975876211981e+01 1.696206568117520241e+00 -1.403843169764215359e-01 1.696206568117520241e+00 1.655004997019176827e+01
3.931920381023389588e+00 2.150717704934523411e+00 -2.519083011159689356e+00 2.150717704934523411e+00 2.107804235357418321e+01 -1.903501145317213927e+00 -2.519083011159689356e+00 -1.903501145317213927e+00 4.341139843524399566e+01
1.699834451488764131e+01 -2.789899842263023011e+00 3.481319416933869454e-02 -2.789899842263023011e+00 1.932253524775565978e+01 -2.272436524129972657e-01 3.481319416933869454e-02 -2.272436524129972657e-01 1.364593659772070389e+01
-1.235975240667841213e+01 -6.414897418095514503e+00 -5.848822456890568233e+00 -6.414897418095514503e+00 7.177987913836203049e+00 -3.047576727778483097e+00 -5.848822456890568233e+00 -3.047576727778483097e+00 1.968731784508804239e+01
-9.689787204082890293e-01 -1.838524254147420878e-01 -4.346190476271505787e+00 -1.838524254147420878e-01 1.166861410923319831e+01 5.286958256261589995e+00 -4.346190476271505787e+00 5.286958256261589995e+00 3.270581741101021578e+01
1.144769516802580078e+01 2.474185113851907314e+00 5.410709042865769369e+00 2.474185113851907314e+00 1.028961792748000725e+01 2.279007050030985138e+00 5.410709042865769369e+00 2.279007050030985138e+00 1.952615056231522672e+01
9.990167637802489509e+00 -7.963846686776081540e+00 5.666817892577463489e+00 -7.963846686776081540e+00 1.276601716066314474e+01 3.370681863680085044e+00 5.666817892577463489e+00 3.370681863680085044e+00 1.917595937177827992e+01
6.238230068487323976e+00 5.510476263544120457e+00 -1.272506010563854817e+00 5.510476263544120457e+00 -4.452811462052783220e+00 4.271582791631347575e+00 -1.272506010563854817e+00 4.271582791631347575e+00 3.580231603656292094e+01
1.509094017742518723e+01 -6.902968432943992205e-01 6.179368294098808612e+00 -6.902968432943992205e-01 2.164568375200311223e+01 3.885979860551691978e+00 6.179368294098808612e+00 3.885979860551691978e+00 2.943881880232358128e+01
