1.395251758351473192e+01 -3.998839319882528720e+00 -3.352646009493105872e+00 -3.998839319882528720e+00 1.661465502342909417e+01 4.191521518041917638e+00 -3.352646009493105872e+00 4.191521518041917638e+00 1.529124086127048088e+01
-1.254611318092308103e+01 -9.609057470173700821e-01 -4.406658479332462797e+00 -9.609057470173700821e-01 -7.185036525986019385e+00 -6.528777609471721810e+00 -4.406658479332462797e+00 -6.528777609471721810e+00 -4.175948536093604169e+00
3.067288521566733195e+01 1.135555241365488399e+01 1.339966416256223347e+01 1.135555241365488399e+01 2.700568815571350356e+01 8.993983873320845479e-01 1.339966416256223347e+01 8.993983873320845479e-01 9.287533411033370712e+00
1.125630704924647141e+01 -2.803600051359781631e+00 -2.520554052140476120e+00 -2.803600051359781631e+00 1.760572979685003858e+01 -3.458602640040803866e+00 -2.520554052140476120e+00 -3.458602640040803866e+00 7.691025961201908068e+00
1.139988118321525690e+01 1.336303649661048532e+00 1.857124205552510288e-01 1.336303649661048532e+00 1.827388764218646600e+01 -7.682423660763408435e+00 1.857124205552510288e-01 -7.682423660763408435e+00 3.059329054442587648e+01
7.227634576406038569e+00 -5.411575634809395297e+00 -1.036965108861899854e+00 -5.411575634809395297e+00 9.719864776445557908e+00 1.013538850388832291e+00 -1.036965108861899854e+00 1.013538850388832291e+00 -1.014867102404292964e+01
1.371353769587226878e+01 -1.063046440361999778e+01 -4.779411494049458753e+00 -1.063046440361999778e+01 2.710729503913648841e+01 3.461097798500471168e+00 -4.779411494049458753e+00 3.461097798500471168e+00 8.200670255023311483e+00
1.872550978465374882e+01 -1.165860795369017211e+00 5.746571376684814325e+00 -1.165860795369017211e+00 2.445143740342504657e+01 6.588407382467003970e+00 5.746571376684814325e+00 6.588407382467003970e+00 3.365576515537490376e+00
