-1.093422100195386548e+01 -3.475843195107216399e+00 2.320855308954837160e+00 -3.475843195107216399e+00 -6.282342895266663341e+00 -4.131475144820896617e+00 2.320855308954837160e+00 -4.131475144820896617e+00 2.054847863647904305e+01
-5.484056548818113441e+00 4.093178070831942073e+00 5.310189467655416884e+00 4.093178070831942073e+00 -6.100635262380595947e-01 -7.089582526912638016e+00 5.310189467655416884e+00 -7.089582526912638016e+00 1.462394991190579852e+01
2.307884493893471500e+00 -1.274753236061962225e+00 1.962531684937772081e+00 -1.274753236061962225e+00 1.815611826626661207e+00 -1.630384636208926707e+00 1.962531684937772081e+00 -1.630384636208926707e+00 -2.487109486083535437e+00
3.101536901382236522e+01 -1.758862479897578268e-01 1.405950148272050171e-01 -1.758862479897578268e-01 3.097971748778320489e+01 -4.525715248899080390e-01 1.405950148272050171e-01 -4.525715248899080390e-01 1.577868370714042179e+01
1.819373947765003408e+01 3.259356131350102270e+00 7.769218589092122818e-01 3.259356131350102270e+00 1.298382664052630631e+01 2.738432564911684519e+00 7.769218589092122818e-01 2.738432564911684519e+00 8.250818892026742901e+00
2.113560443236637099e+01 2.786121694043575681e-01 -3.442361155630586200e+00 2.786121694043575681e-01 2.312835606306644198e+00 8.339885620936598798e+00 -3.442361155630586200e+00 8.339885620936598798e+00 -1.802972028544822791e+01
6.117717848722547203e+00 2.533109893671471546e+00 -1.765179951854213947e+00 2.533109893671471546e+00 -1.413910864244967147e+00 9.446895394770265852e+00 -1.765179951854213947e+00 9.446895394770265852e+00 1.421464407643331285e+01
-1.277760968432818833e+00 -5.265987644535115031e-01 3.817879568411463032e-01 -5.265987644535115031e-01 1.090686884793271183e+01 -2.908810045666373689e+00 3.817879568411463032e-01 -2.908810045666373689e+00 -2.693619478550773039e+01
1.608540803658782181e+01 5.712286071143067190e+00 3.589724346646818276e+00 5.712286071143067190e+00 -5.886532885242251822e+00 1.177215311967153122e+00 3.589724346646818276e+00 1.177215311967153122e+00 1.010982683864729559e+01
1.456832387158514663e+01 -1.617683983931873071e+00 7.770000489698256768e-03 -1.617683983931873071e+00 2.799785156784054863e+01 -3.169939933656307218e+00 7.770000489698256768e-03 -3.169939933656307218e+00 7.543416307063901094e+00
1.805021904169836233e+01 -4.611657548901328951e+00 -6.974877547215220908e+00 -4.611657548901328951e+00 2.838322906724849304e+01 -2.115346778495470759e-01 -6.974877547215220908e+00 -2.115346778495470759e-01 1.299172847048619950e+01
3.981170847200588270e+01 3.122041813543494637e+00 2.587002396221321998e+00 3.122041813543494637e+00 4.570343982764239854e+01 -3.737196423377701304e+00 2.587002396221321998e+00 -3.737196423377701304e+00 9.336680303805206194e+00
-7.277731599737816914e+00 1.884576439595183395e+00 1.610919137632286446e+00 1.884576439595183395e+00 -6.322347414580285374e+00 -6.697242881513500556e+00 1.610919137632286446e+00 -6.697242881513500556e+00 7.332085392771552357e-01
1.550908753058155654e+01 -1.886645549113404208e+00 -8.431304232924882180e-01 -1.886645549113404208e+00 -4.144649791527711180e+00 5.505267689875665837e+00 -8.431304232924882180e-01 5.505267689875665837e+00 -1.373580890239817442e+01
1.413050863251481637e+01 2.322449232220145099e+00 2.349855979110020698e-01 2.322449232220145099e+00 2.036897325560385141e+01 2.876373177675259907e+00 2.349855979110020698e-01 2.876373177675259907e+00 3.106050677104635227e+01
1.073947877113650939e+01 2.243359495838019857e+00 2.679804491437882685e+00 2.243359495838019857e+00 -1.941016914072035915e+00 4.422806782776491197e+00 2.679804491437882685e+00 4.422806782776491197e+00 -6.418114094376585754e+00
7.078153683411356312e+00 1.446109569290487729e+00 1.226593340528990161e+00 1.446109569290487729e+00 2.452270154859388374e+00 -1.511602515553047921e+00 1.226593340528990161e+00 -1.511602515553047921e+00 -1.679278756731522648e+01
8.285273826173783718e+00 -8.399846394221398782e+00 -1.313177176084169728e+00 -8.399846394221398782e+00 1.277371349350448071e+01 2.601637625971553014e+00 -1.313177176084169728e+00 2.601637625971553014e+00 -2.074824472963207711e+01
-9.622135273984349979e+00 5.027002326294138790e+00 -2.039724178681008304e+00 5.027002326294138790e+00 5.225332119921937135e+00 -1.040985435371070356e+00 -2.039724178681008304e+00 -1.040985435371070356e+00 1.837303511215109708e+01
5.031960557758378805e+00 -1.090292105295685321e+00 2.250907436853601062e+00 -1.090292105295685321e+00 1.106190271997200103e+00 -1.256205663284649887e+00 2.250907436853601062e+00 -1.256205663284649887e+00 -1.886455250760473490e+01
2.749710250341093953e+00 1.001837126896639063e+00 8.736935202682143853e+00 1.001837126896639063e+00 1.236458207200942994e+01 -5.327392721513516172e+00 8.736935202682143853e+00 -5.327392721513516172e+00 4.730562543357911487e+00
1.272780392697688256e+01 3.178537555943033999e-01 1.185628761955447530e+00 3.178537555943033999e-01 3.985926690314748111e+00 8.312084480663740393e+00 1.185628761955447530e+00 8.312084480663740393e+00 1.460790317480918610e+01
-4.846789351957848879e+00 -9.781842543730238759e+00 -4.504313481122213858e+00 -9.781842543730238759e+00 1.364861227837973878e+01 -2.938756029530538161e+00 -4.504313481122213858e+00 -2.938756029530538161e+00 -2.553189307996671076e+01
3.486175661959587391e+00 -3.340420738351802310e+00 -1.433879613514636331e+00 -3.340420738351802310e+00 -3.007943884184863137e+00 -3.508745437588592697e+00 -1.433879613514636331e+00 -3.508745437588592697e+00 4.937746771680473046e+00
3.191259468338045835e+01 -4.899548921610494823e+00 -3.355228406883709713e+00 -4.899548921610494823e+00 2.351186400486590600e+01 4.489077332709814905e-01 -3.355228406883709713e+00 4.489077332709814905e-01 4.114324491771926517e+01
8.146368836943526759e+00 4.294893683986655830e+00 3.228588379250773688e+00 4.294893683986655830e+00 -3.773528240350506380e+00 -1.460095833132751153e+00 3.228588379250773688e+00 -1.460095833132751153e+00 -1.545245256656767374e+01
1.197942686489391662e+01 -9.842300427553054565e-01 -3.857540212201265195e+00 -9.842300427553054565e-01 3.322092762122194642e+01 -2.781099102635352427e+00 -3.857540212201265195e+00 -2.781099102635352427e+00 3.824461781307854125e+01
1.051639787296899975e+01 5.918561678165313644e+00 3.222526382307065784e+00 5.918561678165313644e+00 8.999101673867071938e+00 3.295935128936791969e+00 3.222526382307065784e+00 3.295935128936791969e+00 -1.042380127628838515e+01
6.041297625842676489e+00 9.821260082674673764e-02 2.243203301873687217e+00 9.821260082674673764e-02 1.329754007710716301e+01 -4.324200626710450912e+00 2.243203301873687217e+00 -4.324200626710450912e+00 2.846370599780237498e+01
2.644701867821113339e+01 -7.187659550375347095e-01 -5.783242176411298452e-01 -7.187659550375347095e-01 2.605443046676926500e+01 -1.411323520618670002e-01 -5.783242176411298452e-01 -1.411323520618670002e-01 2.038195545203397430e+01
3.644712047940230093e+01 1.015289591262865221e+00 1.175515655016499350e+00 1.015289591262865221e+00 4.364046353878840279e+01 -2.450150697885904005e+00 1.175515655016499350e+00 -2.450150697885904005e+00 2.006432952417556947e+01
5.264661676948295899e+00 -3.736893486689568444e+00 -8.045820510895307365e-01 -3.736893486689568444e+00 1.236235975295071299e+01 1.638932939530999278e+00 -8.045820510895307365e-01 1.638932939530999278e+00 -1.269723951231172698e+01
1.703101036401521284e+01 -5.723212167720499455e-01 -6.422012318259008312e-01 -5.723212167720499455e-01 7.815020133253341328e+00 8.007476493503634885e+00 -6.422012318259008312e-01 8.007476493503634885e+00 4.991071524515297675e+00
-5.752993408089862371e+00 3.524553411861794938e+00 1.179407477272864213e+00 3.524553411861794938e+00 4.948075536135005059e+00 -1.408088757536944957e+00 1.179407477272864213e+00 -1.408088757536944957e+00 -4.158619036420847515e+00
6.737050020392866934e+00 -1.583246774844387916e+00 2.261621558540231891e-01 -1.583246774844387916e+00 5.243590093752210635e+00 -1.197681494172685213e+00 2.261621558540231891e-01 -1.197681494172685213e+00 -2.204886154497634809e+00
-6.465262298835737553e+00 3.379980587078626364e+00 3.473314086880311180e+00 3.379980587078626364e+00 1.743043832083532862e+01 -2.653329924525531069e+00 3.473314086880311180e+00 -2.653329924525531069e+00 -2.177222933791629700e+01
4.378478016186623245e-01 -2.302262160128838442e+00 4.001903950023190326e+00 -2.302262160128838442e+00 2.684684167341877536e+00 -1.038692490623914333e+00 4.001903950023190326e+00 -1.038692490623914333e+00 -8.883929973310168648e+00
-8.917203580819521136e+00 -5.894015331128570345e+00 3.977288891050489439e-01 -5.894015331128570345e+00 -1.014158362776052202e+00 -4.261702110148195111e+00 3.977288891050489439e-01 -4.261702110148195111e+00 9.807078748846940641e+00
1.803894905590625708e+00 3.983548321334530851e+00 -9.244768684582699292e-02 3.983548321334530851e+00 3.300762335987495355e+00 7.675464638580430377e-01 -9.244768684582699292e-02 7.675464638580430377e-01 -8.745406601824882387e+00
-4.715676522793182279e+00 1.092808866278840885e+00 -2.203006421323788988e+00 1.092808866278840885e+00 6.410611626037643340e+00 -1.052836840997634499e-01 -2.203006421323788988e+00 -1.052836840997634499e-01 1.969733570334484796e+01
-1.340208286556186623e+00 -7.572381510673947824e-01 -1.064491797306110099e+00 -7.572381510673947824e-01 6.105596847609033873e+00 2.445022359254301669e+00 -1.064491797306110099e+00 2.445022359254301669e+00 2.245889134243995722e-01
2.373811382598953656e+01 1.582825554204992047e+00 3.023433631297827606e+00 1.582825554204992047e+00 2.542883734485783620e+01 -3.427484976675519990e-01 3.023433631297827606e+00 -3.427484976675519990e-01 1.875013021410841318e+01
-3.093487132237527248e+00 -5.128585874497768593e+00 -6.461090389602198059e+00 -5.128585874497768593e+00 4.211593242836970674e+00 -5.118926240843781894e-01 -6.461090389602198059e+00 -5.118926240843781894e-01 -2.309182059315779245e+00
3.121915870185987885e+01 1.300753934878668305e+00 3.420717168305550615e+00 1.300753934878668305e+00 1.896590396209632345e+01 3.727023461904695356e+00 3.420717168305550615e+00 3.727023461904695356e+00 -1.749140256285543416e+01
2.243536105693928917e+01 4.899957098142098566e+00 -1.980585103989934259e+00 4.899957098142098566e+00 3.494265460331335760e+01 2.979409803558767944e+00 -1.980585103989934259e+00 2.979409803558767944e+00 3.664579288221067799e+01
1.729865938222900823e+01 -4.328043717727563688e+00 -1.685372502691221408e+00 -4.328043717727563688e+00 1.969057471990932839e+01 3.399478264129252469e+00 -1.685372502691221408e+00 3.399478264129252469e+00 1.744000458625399830e+01
2.171018922226407000e+01 8.887236491357148438e+00 7.363906786335626009e+00 8.887236491357148438e+00 1.707004077160994271e+01 -1.824934963991450276e+00 7.363906786335626009e+00 -1.824934963991450276e+00 4.316418826690954091e+01
7.383401897334227471e+00 -3.854431836367221198e+00 -1.862633130226523326e+00 -3.854431836367221198e+00 1.043760815584614576e+01 -1.379467740084222349e+00 -1.862633130226523326e+00 -1.379467740084222349e+00 8.504185094520488875e+00
-1.851288688273704963e+01 -5.079282204602623141e-01 -1.349654024953989007e+00 -5.079282204602623141e-01 -1.139999209495544363e+01 1.197630720370393975e+00 -1.349654024953989007e+00 1.197630720370393975e+00 8.328441697664553445e+00
-1.146923110100846088e+01 -6.983739776510192732e-01 -2.617369286280526453e+00 -6.983739776510192732e-01 -2.225041283163907035e+00 -9.509250944644435322e+00 -2.617369286280526453e+00 -9.509250944644435322e+00 3.080873184433079892e+00
