-2.920029841959611971e+01 8.446479316923758418e+00 3.432661742030865271e-01 8.446479316923758418e+00 -2.002811123089168177e+01 -1.297273248966778869e+00 3.432661742030865271e-01 -1.297273248966778869e+00 -2.521299869155259188e+01
9.781878655461982319e+00 -2.982052921046165483e+00 -3.037304361601728120e-01 -2.982052921046165483e+00 -2.629132984911551674e+01 -5.606092203845435051e+00 -3.037304361601728120e-01 -5.606092203845435051e+00 -9.677790887377879514e+00
-9.113214856880775372e+00 5.636959491937844291e+00 -5.756351896529787737e+00 5.636959491937844291e+00 -1.297990010860479337e+01 1.131084709536423816e+00 -5.756351896529787737e+00 1.131084709536423816e+00 9.103142396126484570e+00
-3.739767405710856973e+00 1.050021499266481051e+01 -3.415199844456691669e-01 1.050021499266481051e+01 -1.139583333739079052e+00 -1.415300143444280678e+00 -3.415199844456691669e-01 -1.415300143444280678e+00 -8.531914234780650474e+00
1.145902335264644201e+01 2.563293823330951238e+00 -5.990168702105108878e+00 2.563293823330951238e+00 -4.103694204502695619e+00 -1.618996651433896705e+00 -5.990168702105108878e+00 -1.618996651433896705e+00 3.646678737184736452e+00
2.267165417381377068e+01 -3.085459925797914948e+00 -5.368958078774903608e-01 -3.085459925797914948e+00 2.538401435364558978e+01 -3.621926249975798484e+00 -5.368958078774903608e-01 -3.621926249975798484e+00 1.657801393256827183e+01
-2.534804326790923312e+01 -2.134661870005114981e+00 8.793856409759072790e+00 -2.134661870005114981e+00 9.686006777958091618e+00 -3.794007917230924232e+00 8.793856409759072790e+00 -3.794007917230924232e+00 -6.899196154203624864e+00
2.568017020556106189e+01 2.353710958309735979e-01 -3.999474096656601696e-01 2.353710958309735979e-01 2.739991584354693899e+01 6.400295230195695018e-01 -3.999474096656601696e-01 6.400295230195695018e-01 1.770433441499887195e+01
-2.109414777813734543e-01 -4.924503334823965295e-01 -3.853497651397577606e+00 -4.924503334823965295e-01 -1.088068767923362490e+00 2.490073486591786178e+00 -3.853497651397577606e+00 2.490073486591786178e+00 9.974204855957045979e+00
-1.071171350122602206e+01 -3.307404781099730240e+00 3.174874563035279956e-02 -3.307404781099730240e+00 -1.644649190902715219e+01 3.312075811249633350e+00 3.174874563035279956e-02 3.312075811249633350e+00 -1.922796937453927413e+01
2.322572600664848252e+01 1.873819095075134777e+00 -3.910657045378177710e+00 1.873819095075134777e+00 1.850909325844208553e+01 5.983959347176269761e-01 -3.910657045378177710e+00 5.983959347176269761e-01 9.666560595669329459e+00
-9.318448522469026329e+00 -7.690131275728280258e-01 -3.496369220568831704e+00 -7.690131275728280258e-01 1.846168816777402411e+00 -8.637542506133175646e-01 -3.496369220568831704e+00 -8.637542506133175646e-01 -2.043856454726145522e+00
5.067894504054751614e+00 8.749873497326579042e+00 -8.547488056696336045e+00 8.749873497326579042e+00 -8.479102916859202921e+00 -1.058605257372868813e+00 -8.547488056696336045e+00 -1.058605257372868813e+00 5.229180948967647957e+00
1.789302526308736319e+01 -3.598247041266763979e+00 3.865966771192379081e+00 -3.598247041266763979e+00 2.915588626263280858e+01 1.896059583852774288e+00 3.865966771192379081e+00 1.896059583852774288e+00 8.497428050464320037e+00
-2.448822944170209848e+00 1.208772122963021278e+00 5.490579546567383451e-01 1.208772122963021278e+00 -3.757207360051891154e+00 4.187898993424962413e+00 5.490579546567383451e-01 4.187898993424962413e+00 2.918528913579299111e+00
1.926119248250389404e+01 3.615006776618404860e+00 8.356940764233693475e-01 3.615006776618404860e+00 2.181426750466530251e+01 3.029111605449712030e+00 8.356940764233693475e-01 3.029111605449712030e+00 1.193160505158323303e+01
1.275014154952272882e+01 1.850993203291632527e+00 -1.793568305589755330e+00 1.850993203291632527e+00 -7.530699485044837438e+00 -5.909466909140149049e+00 -1.793568305589755330e+00 -5.909466909140149049e+00 1.560684289103353162e-01
2.979041030219988340e+00 -4.696447663961637708e+00 -4.834868289236545991e+00 -4.696447663961637708e+00 -2.498028539494235645e+00 -2.280895701238388806e+00 -4.834868289236545991e+00 -2.280895701238388806e+00 1.144951182944670975e+01
-1.558016888801037503e+01 7.934843399430665301e+00 -9.084393235756857976e+00 7.934843399430665301e+00 1.916546534994895579e+00 2.299152894030588978e+00 -9.084393235756857976e+00 2.299152894030588978e+00 -1.493492567182575570e+01
-2.179183739615801141e+00 -8.622066311019956686e+00 -3.495185466474048486e+00 -8.622066311019956686e+00 -1.309522511903408848e+01 -1.534804073583551309e+00 -3.495185466474048486e+00 -1.534804073583551309e+00 -1.950525775248882265e+00
3.469480285917660467e+01 -2.587253919302357374e+00 -1.049471430682982209e+00 -2.587253919302357374e+00 2.715793245132738676e+01 -3.171279919925757529e+00 -1.049471430682982209e+00 -3.171279919925757529e+00 1.491820990735577901e+01
1.103834547613172568e+01 9.129340356022620506e-01 -1.853144784520502630e-01 9.129340356022620506e-01 1.357605398285041076e+01 2.055735717416292685e-01 -1.853144784520502630e-01 2.055735717416292685e-01 1.315340323430245562e+01
2.488744484421311398e+01 1.516330354803013769e+01 9.067600368641267616e-01 1.516330354803013769e+01 2.560027772379568489e+01 1.155467096363580248e+00 9.067600368641267616e-01 1.155467096363580248e+00 2.939137334347624275e+01
-2.416848906139698272e+00 4.761942545128677651e+00 2.006254543795264578e+00 4.761942545128677651e+00 7.743607523355953148e-01 1.874455702298357673e+00 2.006254543795264578e+00 1.874455702298357673e+00 -3.727823255755168042e+00
1.690278213772423266e+00 -4.617385093702204735e+00 5.438126304318442905e+00 -4.617385093702204735e+00 -1.976007665575356009e+00 -2.033888026202097965e+00 5.438126304318442905e+00 -2.033888026202097965e+00 7.603710209116405494e+00
-1.590830651293808806e+01 1.096799817712568625e+00 -1.769540074568419996e+00 1.096799817712568625e+00 2.311220416960418245e+00 1.005573433300664066e+00 -1.769540074568419996e+00 1.005573433300664066e+00 -1.584799206117278558e+01
2.652301348543094051e+01 -3.413180809077770994e-01 -1.932035272142471616e-01 -3.413180809077770994e-01 2.520173270524638909e+01 -3.885903626813015932e-01 -1.932035272142471616e-01 -3.885903626813015932e-01 2.064092498535086406e+01
8.650252358642660511e+00 -7.945272398173306438e-01 9.729726438502710462e-01 -7.945272398173306438e-01 9.259646298546986287e+00 -3.511936744724236448e+00 9.729726438502710462e-01 -3.511936744724236448e+00 9.126010598335980717e+00
1.432626025510466761e+01 4.427247835120057262e-01 -2.889559780428427663e-02 4.427247835120057262e-01 1.840539017256982035e+01 5.106512367165991773e-01 -2.889559780428427663e-02 5.106512367165991773e-01 2.582419449593120220e+01
-5.610687993844600818e+00 2.172524122842506511e+00 -7.356081417292871238e-01 2.172524122842506511e+00 -1.192488297700145061e+01 -8.087679596860185560e-01 -7.356081417292871238e-01 -8.087679596860185560e-01 -1.135818242283958845e+01
-2.378147991566069663e+01 4.631667836851755204e+00 -5.825874526141768150e+00 4.631667836851755204e+00 -1.641974088084877081e+01 -8.030141383670541089e+00 -5.825874526141768150e+00 -8.030141383670541089e+00 -9.105683068691874382e+00
1.865634196912909459e+01 -7.793703388794488873e+00 6.672893117508288618e+00 -7.793703388794488873e+00 7.108371451473665115e-01 9.523744065636703393e-01 6.672893117508288618e+00 9.523744065636703393e-01 4.515288536093111205e+00
-3.715374420168916281e+00 -2.077731771795365834e+00 3.221926728254038252e+00 -2.077731771795365834e+00 -1.295805650077489624e+01 -1.049727061785549864e+00 3.221926728254038252e+00 -1.049727061785549864e+00 4.841521379768049194e+00
3.227681633676659345e+01 -6.472674091682942610e+00 1.747701884968930974e+00 -6.472674091682942610e+00 3.354037432150506959e+01 3.359734137320949721e+00 1.747701884968930974e+00 3.359734137320949721e+00 1.358411693822264432e+01
2.429530976411843213e+01 -1.555585006123914260e+00 5.623583184089699927e-01 -1.555585006123914260e+00 2.612371449707609017e+01 -6.098136701125208559e-01 5.623583184089699927e-01 -6.098136701125208559e-01 2.217599755369595016e+01
-1.141783164419414653e+01 -3.737544640269814256e+00 -1.449707710743384892e+00 -3.737544640269814256e+00 -5.465082911967940049e+00 -3.976154231619664081e+00 -1.449707710743384892e+00 -3.976154231619664081e+00 -5.824245133006503927e+00
3.863097970674048920e+00 1.090374459388370854e+00 2.780551802904632552e+00 1.090374459388370854e+00 -5.130658228480754701e+00 1.076109344739275997e+00 2.780551802904632552e+00 1.076109344739275997e+00 7.148754920609220243e+00
2.473238978990247006e+01 7.526997726060974392e-01 4.438757255977451299e-01 7.526997726060974392e-01 2.425237902439008053e+01 -6.833026371267264532e-01 4.438757255977451299e-01 -6.833026371267264532e-01 2.301732742486214178e+01
-6.960422183802598362e+00 2.524204804490022713e+00 -6.126018579084472115e+00 2.524204804490022713e+00 -2.545074776943587480e+01 -4.406400961008447581e+00 -6.126018579084472115e+00 -4.406400961008447581e+00 -9.806500089035534273e+00
-5.492809717563326144e-01 3.898426881934383914e+00 -8.677381053005273071e-01 3.898426881934383914e+00 -1.270273553423153512e+00 6.570862316927362778e-01 -8.677381053005273071e-01 6.570862316927362778e-01 -4.637219358446688311e+00
-8.041231404714380915e+00 1.013567270933746212e+00 6.428946802791409176e+00 1.013567270933746212e+00 7.999425922512816811e+00 1.107210448857130825e+00 6.428946802791409176e+00 1.107210448857130825e+00 -1.640415072768676552e+01
7.716484112467210110e-01 6.328579303684134238e-02 3.988983814042517562e+00 6.328579303684134238e-02 -6.617573038136717045e+00 2.448415725301898771e+00 3.988983814042517562e+00 2.448415725301898771e+00 1.474443162799123463e+00
-4.978615080086134626e+00 -2.272662480583402367e+00 -3.704337593919762917e+00 -2.272662480583402367e+00 -1.309185387259625699e+01 -2.659080736358698793e+00 -3.704337593919762917e+00 -2.659080736358698793e+00 9.038647700819045783e-01
2.234449038148171596e+01 2.000250481463993424e+00 5.021936654352814333e-01 2.000250481463993424e+00 2.435178358877977445e+01 -9.236577591058071635e-01 5.021936654352814333e-01 -9.236577591058071635e-01 1.718000251851347571e+01
9.065981974654169662e+00 8.666672482758368545e-01 -4.209406880598468015e-02 8.666672482758368545e-01 5.168393960186059566e+00 6.560409927880240799e-01 -4.209406880598468015e-02 6.560409927880240799e-01 8.631796911970244679e+00
-1.074500728943226457e+00 4.929446309582009356e+00 4.146478077745862301e+00 4.929446309582009356e+00 3.077408958693014895e+00 1.914121818232629724e-01 4.146478077745862301e+00 1.914121818232629724e-01 1.528889885171503225e-02
3.265016467127484390e+01 2.492166528724033991e+00 1.969898712580224753e+00 2.492166528724033991e+00 1.329322317758253647e+01 1.709454954857554387e+00 1.969898712580224753e+00 1.709454954857554387e+00 4.457246053908601624e+00
7.096842747839719578e+00 -3.509968941479831295e-01 9.595396809819486394e-01 -3.509968941479831295e-01 8.300165970225043210e+00 -3.607696276385585210e-01 9.595396809819486394e-01 -3.607696276385585210e-01 7.793218129428558072e+00
3.915460927206542152e+01 4.694961158452886529e+00 -2.477915388966651644e+00 4.694961158452886529e+00 2.357630369975097651e+01 -4.480761932659631519e+00 -2.477915388966651644e+00 -4.480761932659631519e+00 2.351624144609925793e+01
-5.687738404977450202e+00 -2.760408801261258205e+00 5.429238604654741396e-01 -2.760408801261258205e+00 5.557026441224539148e+00 -4.723758646619974577e+00 5.429238604654741396e-01 -4.723758646619974577e+00 3.085527135225279327e+00
