5.475717775566026901e+00 -2.039787601115227389e+00 -1.921396191560169830e+00 -2.039787601115227389e+00 1.749135907614205365e+01 -2.521667736050112740e+00 -1.921396191560169830e+00 -2.521667736050112740e+00 -1.258132843022119829e+01
-7.474690355162891819e+00 3.137661138339596700e+00 5.220311362042667547e+00 3.137661138339596700e+00 -8.059309896899637948e+00 -3.857864769922859649e-01 5.220311362042667547e+00 -3.857864769922859649e-01 5.261758898859925537e+00
1.534380389678000078e+01 -1.229115087511332050e+01 -5.936085991921071781e+00 -1.229115087511332050e+01 4.731183431409461093e+01 -7.212287020221870293e+00 -5.936085991921071781e+00 -7.212287020221870293e+00 1.576126301368780958e+00
2.465608748664471861e+01 -3.483438649321880742e+00 -9.821604336259314172e-01 -3.483438649321880742e+00 2.467704491526412980e+01 6.571774547007059875e-01 -9.821604336259314172e-01 6.571774547007059875e-01 3.438588807338766884e+01
-1.023069934334176345e+01 6.868828617460389196e+00 6.241709381407376966e+00 6.868828617460389196e+00 9.228467631171861640e+00 -3.931243062242885333e+00 6.241709381407376966e+00 -3.931243062242885333e+00 -2.754774766549848319e+00
-9.991707944675528807e+00 3.291673195967873333e+00 -1.238971355842522826e+00 3.291673195967873333e+00 3.832031586661543976e+00 -3.726648870342776032e+00 -1.238971355842522826e+00 -3.726648870342776032e+00 -1.672755974287917624e+01
-7.970991618669499568e-01 -5.059917587721289856e+00 -1.936951996660996267e+00 -5.059917587721289856e+00 -1.923376998951065175e-01 1.408752656664440828e+00 -1.936951996660996267e+00 1.408752656664440828e+00 -6.439172440015151544e+00
-8.252775370079245221e+00 5.183872443328233715e+00 1.526404634448681685e+00 5.183872443328233715e+00 -2.049711883425311854e+01 4.542688168358582246e+00 1.526404634448681685e+00 4.542688168358582246e+00 -1.512259806394689576e+01
2.765512309848457306e+01 -6.531520944759965364e-01 -1.992938369585108560e-01 -6.531520944759965364e-01 2.512045093351981606e+01 2.996625290103228867e+00 -1.992938369585108560e-01 2.996625290103228867e+00 2.201057867088273667e+01
-6.358548593212323574e+00 4.596146556538945660e+00 8.108768226340588470e+00 4.596146556538945660e+00 1.211347019171990702e+01 -9.370615044335144361e-01 8.108768226340588470e+00 -9.370615044335144361e-01 1.996910320788951410e+01
1.001706020127842223e+01 -7.835236648519304126e+00 -2.595892273686817298e+00 -7.835236648519304126e+00 -2.438550806728261744e+00 9.272285998668703400e-01 -2.595892273686817298e+00 9.272285998668703400e-01 -5.243641646575683879e+00
2.104356999715101395e+01 -1.702808792018519313e+00 -2.052996929225608391e-01 -1.702808792018519313e+00 -7.498603453663690299e-01 1.055684234583582182e+01 -2.052996929225608391e-01 1.055684234583582182e+01 1.240340926497709262e+01
2.463630743886544039e+01 2.144668439061387044e+00 -6.367136057837854413e-01 2.144668439061387044e+00 2.276230490872003998e+01 -1.794772726302311383e-01 -6.367136057837854413e-01 -1.794772726302311383e-01 2.358393695433904469e+01
-2.418573148629419123e+01 8.755534400428105490e-01 -3.431582382388784769e+00 8.755534400428105490e-01 -1.254850779546011452e+01 6.564186096211022114e-01 -3.431582382388784769e+00 6.564186096211022114e-01 -3.111908750312028005e+01
2.414401883933002324e+01 1.364897345227565006e+00 -3.609956717229820367e+00 1.364897345227565006e+00 1.914210399292506892e+01 7.278972649845077969e-01 -3.609956717229820367e+00 7.278972649845077969e-01 2.318454957475491440e+01
-2.709026099184002234e+01 5.082913228927772309e+00 -4.191670281463618863e+00 5.082913228927772309e+00 -1.181654662010628343e+01 -5.825512234320489036e+00 -4.191670281463618863e+00 -5.825512234320489036e+00 1.541381741349406420e+00
1.582625682006971068e+01 2.065743774267234212e+00 3.938062272723794610e+00 2.065743774267234212e+00 -1.551737722473842396e-01 1.462211673571094384e+00 3.938062272723794610e+00 1.462211673571094384e+00 1.657924405317412564e+01
2.176734770004389574e+01 2.572954000019933574e-01 9.794882107071913868e-01 2.572954000019933574e-01 2.539758246389365937e+01 4.165104336200088353e-01 9.794882107071913868e-01 4.165104336200088353e-01 2.383223618046152126e+01
-1.931579627895024842e+01 -5.631151932028172880e+00 -2.502104354570052536e+00 -5.631151932028172880e+00 -1.836139964307818673e+01 2.428597860292379451e+00 -2.502104354570052536e+00 2.428597860292379451e+00 -2.350716761682908995e+01
5.054326785774041042e+00 3.420567446684854573e+00 7.407564127131541776e-01 3.420567446684854573e+00 5.938556215866263699e+00 -4.572796637263632391e+00 7.407564127131541776e-01 -4.572796637263632391e+00 1.578730953585752950e+01
-6.639614244980039715e+00 2.370248300079450754e+00 -1.598568445129447291e+00 2.370248300079450754e+00 -4.515608023121183479e+00 3.855752446156485824e+00 -1.598568445129447291e+00 3.855752446156485824e+00 -5.153218153924910006e+00
1.194090574352607170e+01 1.137400971889943602e+00 -9.871913854953997536e-01 1.137400971889943602e+00 1.941164309985364511e+01 -1.638427816839989337e-01 -9.871913854953997536e-01 -1.638427816839989337e-01 9.375003257228526010e+00
-2.008063418848896053e-01 -6.139527316036331506e+00 1.767528576702464438e+00 -6.139527316036331506e+00 -1.813051522536452687e-01 -5.006200081117103906e+00 1.767528576702464438e+00 -5.006200081117103906e+00 -8.784016427328896981e+00
-2.266331159351809887e+01 -3.453824230142365170e+00 1.052602476823164324e+00 -3.453824230142365170e+00 -1.025768826386399013e+01 1.448751218775496730e+00 1.052602476823164324e+00 1.448751218775496730e+00 -1.240670325903973037e+01
1.282953546478237783e+01 -3.885229198243393522e+00 -9.593545536281136155e-01 -3.885229198243393522e+00 5.548279016538325337e+00 2.734075987606601199e+00 -9.593545536281136155e-01 2.734075987606601199e+00 1.665918523934088924e+01
-2.351189211155309522e+01 1.032641554330369793e+01 7.400224474833981603e+00 1.032641554330369793e+01 -1.445889252064553432e+01 -3.730916720319942481e+00 7.400224474833981603e+00 -3.730916720319942481e+00 -2.278272471907741092e+01
1.127474667984629164e+01 4.291470421129915280e+00 8.809468898992296459e-01 4.291470421129915280e+00 1.508389442332119401e+01 -4.532051419834112416e+00 8.809468898992296459e-01 -4.532051419834112416e+00 -5.730819871380841590e+00
-1.683067855919760092e+01 -3.408377549124170347e+00 -5.611976644141824622e+00 -3.408377549124170347e+00 -7.916951372405502951e+00 3.403419715470378470e+00 -5.611976644141824622e+00 3.403419715470378470e+00 -2.447927257030350034e+01
-1.620162644720231171e+01 -6.642354399720695746e+00 4.537254058435660764e-01 -6.642354399720695746e+00 1.913221799163136438e+01 -1.263927837808338950e+01 4.537254058435660764e-01 -1.263927837808338950e+01 1.083758631811039042e+00
-1.477849910094256991e+01 -3.428481681121037239e-01 6.936386609428227823e-01 -3.428481681121037239e-01 -6.777412920450017531e+00 -2.243791121737750860e+00 6.936386609428227823e-01 -2.243791121737750860e+00 -1.153270801070048002e+01
1.459852149445582548e+01 7.728796085205691391e+00 6.833638280993459269e+00 7.728796085205691391e+00 1.168911040176782912e+01 -3.023174830155384907e+00 6.833638280993459269e+00 -3.023174830155384907e+00 1.569215850407976909e+01
1.808147661868098410e+01 -4.932178539575595266e+00 -3.027260669863918618e+00 -4.932178539575595266e+00 1.276769794945077585e+01 3.116963253579894122e+00 -3.027260669863918618e+00 3.116963253579894122e+00 1.769685875778955975e+01
6.454251078592906365e-01 -1.475709334693569852e-01 4.441744387293662832e+00 -1.475709334693569852e-01 1.554654330401529982e+01 -4.623206159241767033e+00 4.441744387293662832e+00 -4.623206159241767033e+00 3.022397016167013284e+00
5.536786983072143897e+00 6.161106891091398197e+00 3.356592788921992643e+00 6.161106891091398197e+00 9.359202018437742243e-01 -9.031563666003549207e-01 3.356592788921992643e+00 -9.031563666003549207e-01 1.441608750710448472e+00
3.702916513139338406e+01 -1.872391919867582688e+00 -3.706941093867782921e+00 -1.872391919867582688e+00 5.728294588904312690e+01 -6.501392932054592677e+00 -3.706941093867782921e+00 -6.501392932054592677e+00 3.148336554847058366e+01
6.584615886343977209e+00 -5.660887973931567174e+00 6.980572108218101590e-01 -5.660887973931567174e+00 9.604851697578521197e+00 -3.754337940330472190e+00 6.980572108218101590e-01 -3.754337940330472190e+00 2.124724570847579130e+01
1.488206400947369268e+01 1.317828365138201008e+00 1.234195783153192894e+00 1.317828365138201008e+00 1.488366547955923025e+01 -5.625364720841104921e-02 1.234195783153192894e+00 -5.625364720841104921e-02 1.705976692747014312e+01
6.663671554772545580e-01 1.166082961202510593e-01 -8.115456158037380741e-01 1.166082961202510593e-01 1.697799637976642018e+01 -1.281077872132596518e+01 -8.115456158037380741e-01 -1.281077872132596518e+01 -3.637497462453919361e+00
-2.477453618857930451e+01 4.304484015496196747e+00 3.681567569490492797e+00 4.304484015496196747e+00 -4.121522808775824842e+01 2.952959372767942181e+00 3.681567569490492797e+00 2.952959372767942181e+00 -2.612425422170626632e+01
-1.657044969062595285e+01 2.073436757337401737e+00 -1.994973890517394821e+00 2.073436757337401737e+00 -2.031127360964994466e+01 -1.870603344404154322e+00 -1.994973890517394821e+00 -1.870603344404154322e+00 -7.279614537438082733e-01
-2.287985436514377913e+00 7.273141194960218492e+00 5.496459547007151336e+00 7.273141194960218492e+00 1.860962456208577009e+01 -5.710252639545111641e+00 5.496459547007151336e+00 -5.710252639545111641e+00 1.331818934174429714e+01
2.240412109676719510e+01 -3.691881430342210946e-01 -3.058236315209717504e-01 -3.691881430342210946e-01 2.177536917787038107e+01 1.131291558047230250e+00 -3.058236315209717504e-01 1.131291558047230250e+00 2.185776933328518723e+01
3.675694012724162629e+00 -9.396892091870698849e+00 -5.454427552558819947e+00 -9.396892091870698849e+00 3.510104394268962924e+00 1.732915546950859031e+00 -5.454427552558819947e+00 1.732915546950859031e+00 1.638592316621540368e+00
1.216255114149355165e+01 -3.733287194842129342e+00 4.559368311135272300e+00 -3.733287194842129342e+00 1.876981872868424261e+01 -6.386951646853624709e+00 4.559368311135272300e+00 -6.386951646853624709e+00 -3.258761465412589597e+00
1.171234086601944924e+01 -2.237856138618627977e+00 -3.294767951198111611e+00 -2.237856138618627977e+00 2.940487658722003417e+01 -8.441849091363495816e+00 -3.294767951198111611e+00 -8.441849091363495816e+00 2.069309056090318677e+01
2.529914101376829194e+01 -2.072303723805692499e+00 -1.697102355537123852e+00 -2.072303723805692499e+00 2.284241148647696562e+01 1.242341078249880049e+00 -1.697102355537123852e+00 1.242341078249880049e+00 2.686745718854107423e+01
4.401166163582485780e+01 -5.114821705408033381e+00 -9.849241120980918751e+00 -5.114821705408033381e+00 4.647735486342948974e+01 2.885282541240380638e+00 -9.849241120980918751e+00 2.885282541240380638e+00 5.520546505510974811e+01
1.001968156779662777e+01 -9.441184142980370453e+00 -7.152449674371403887e+00 -9.441184142980370453e+00 2.662428174981077689e+01 -6.431769357367478790e+00 -7.152449674371403887e+00 -6.431769357367478790e+00 -8.096652030481482853e+00
6.614738835686050145e+00 2.950499288109533977e-02 3.396924629356149250e+00 2.950499288109533977e-02 2.743770115813445898e+01 -6.576315942275950732e+00 3.396924629356149250e+00 -6.576315942275950732e+00 3.385322293458249021e+01
3.686322941725239843e+01 -7.686227436109399846e+00 -5.149304384517504829e+00 -7.686227436109399846e+00 2.985082936671922482e+01 -4.707837754345630898e+00 -5.149304384517504829e+00 -4.707837754345630898e+00 2.616665722957197815e+01
