-2.534536487116620940e-01 2.717919607244632663e-01 -4.567696345478080566e+00 2.717919607244632663e-01 1.121607222242850632e+01 -2.000177343199600166e+00 -4.567696345478080566e+00 -2.000177343199600166e+00 -2.715321137487067382e+00
1.484163237545678582e+00 7.158502120033049643e+00 9.273295907677908678e-01 7.158502120033049643e+00 9.360916943779784560e+00 -3.802137540312219288e-01 9.273295907677908678e-01 -3.802137540312219288e-01 1.455624816409514644e+01
2.208864711112087775e+01 7.335613279016649280e+00 -5.905006547956341834e+00 7.335613279016649280e+00 1.944025072149305799e+01 1.649266154578808541e+00 -5.905006547956341834e+00 1.649266154578808541e+00 7.300516093729167544e+00
1.349044637976248673e+01 1.523643085674745379e+00 2.694989801877863300e+00 1.523643085674745379e+00 1.490492495896852176e+01 -5.569218544516941982e+00 2.694989801877863300e+00 -5.569218544516941982e+00 8.422368289548259668e+00
-1.416836432958283432e+01 5.960168634808392873e+00 3.515147581344338357e-01 5.960168634808392873e+00 -9.043953780484867977e+00 2.604709910510281667e-01 3.515147581344338357e-01 2.604709910510281667e-01 3.030395242152127966e-01
-3.822703679735198090e+00 2.385175736983660588e+00 9.165745581220157145e-01 2.385175736983660588e+00 1.403464091004212477e+01 -2.985861411141024213e+00 9.165745581220157145e-01 -2.985861411141024213e+00 6.593374025806757466e+00
-1.225203586858212956e+00 5.129487172216194324e+00 -3.284454265347161450e-01 5.129487172216194324e+00 -1.624229816184289277e+01 -1.959307941278707776e+00 -3.284454265347161450e-01 -1.959307941278707776e+00 1.576923113443160052e+00
-2.454217859696849757e+01 -4.653328441729640552e+00 1.970969411067518218e+00 -4.653328441729640552e+00 -2.523286935345765514e+01 -1.505190793866295840e+00 1.970969411067518218e+00 -1.505190793866295840e+00 -2.597099858008167317e+01
-4.337169788018977457e+00 -5.912427154344230829e+00 -4.403502990453333155e+00 -5.912427154344230829e+00 7.377505454757001147e+00 -2.522508458334255521e-01 -4.403502990453333155e+00 -2.522508458334255521e-01 1.154352325460414619e+01
-4.566037519964996960e+00 -1.024142507286875281e+00 -6.489713737673415750e+00 -1.024142507286875281e+00 -7.368529907568629689e+00 6.770867349657592626e+00 -6.489713737673415750e+00 6.770867349657592626e+00 -1.389119656841516814e+01
-1.358776713554623683e+01 -8.450658874327727332e+00 4.155760531289337756e+00 -8.450658874327727332e+00 -1.644158410189746533e+01 1.334357966949352159e+00 4.155760531289337756e+00 1.334357966949352159e+00 -1.150133506018664953e+01
6.901139362704459046e+00 -2.578088338451243189e+00 -6.126075111570144394e+00 -2.578088338451243189e+00 -8.112860761727393566e+00 7.435666873771284102e+00 -6.126075111570144394e+00 7.435666873771284102e+00 -3.990742287904334606e+00
1.899682035409344039e+01 -1.385097162460356213e-03 1.546060471864107555e+00 -1.385097162460356213e-03 -2.701967859721027487e+00 5.370171890117381164e-02 1.546060471864107555e+00 5.370171890117381164e-02 1.551533900244498554e+01
2.164842695267726214e+00 1.381830292168055585e-01 2.419699371511562447e+00 1.381830292168055585e-01 -3.407186745206886247e+00 1.508275914289000097e+00 2.419699371511562447e+00 1.508275914289000097e+00 9.012692204617470892e+00
6.426834903583562131e+00 -4.423357855790679416e+00 3.376756395222371587e+00 -4.423357855790679416e+00 1.361509797193323301e+01 -3.643168562755062734e+00 3.376756395222371587e+00 -3.643168562755062734e+00 5.009094791734613139e+00
1.271721416634012591e+01 2.389457585556594044e+00 -4.685882826526719391e+00 2.389457585556594044e+00 8.420720380909179070e+00 -2.924259541094748616e-01 -4.685882826526719391e+00 -2.924259541094748616e-01 1.919578153266081344e+01
3.912357496811278423e+01 -2.725859402367437401e+00 -4.287270241130325954e-01 -2.725859402367437401e+00 9.602454380774568810e-01 -3.693377150899871175e+00 -4.287270241130325954e-01 -3.693377150899871175e+00 2.149956389408363577e+01
1.370905169183504313e+01 -5.111555528735111098e-01 4.573331074177241717e+00 -5.111555528735111098e-01 1.786624716667078161e+01 -1.706709263379251995e+00 4.573331074177241717e+00 -1.706709263379251995e+00 1.469647734970091868e+01
-2.441664450424194666e+00 6.418106504307469429e+00 2.531269707199655272e+00 6.418106504307469429e+00 -1.617200031151777351e+00 2.641597961910910897e+00 2.531269707199655272e+00 2.641597961910910897e+00 4.617965176737903299e+00
-4.050156191365584135e+00 -5.406776334826401076e+00 -3.482261998407748305e+00 -5.406776334826401076e+00 1.054261409429420837e+01 -1.147679896277900236e+00 -3.482261998407748305e+00 -1.147679896277900236e+00 -5.529653864868979696e+00
5.228132040370538469e+00 -2.974364093969816825e+00 1.900026271578629133e+00 -2.974364093969816825e+00 3.992338409348715089e+00 3.247730268283070654e+00 1.900026271578629133e+00 3.247730268283070654e+00 -9.112845905180100292e-01
2.518241082038544221e+01 -3.257916736579983930e+00 -4.821493565502740886e+00 -3.257916736579983930e+00 1.630817731770137868e+01 -4.254969008326986213e+00 -4.821493565502740886e+00 -4.254969008326986213e+00 2.546524674166115076e+01
1.935101740216289201e+01 -7.304634019932861655e+00 -3.392259829056200715e+00 -7.304634019932861655e+00 3.111177184696177633e+01 3.279515090468946958e+00 -3.392259829056200715e+00 3.279515090468946958e+00 1.384935108241794133e+01
-1.731232214277848058e+01 -4.988358506137982928e+00 2.761816554817841052e+00 -4.988358506137982928e+00 -8.447216617959510288e+00 -1.782492468151358089e+00 2.761816554817841052e+00 -1.782492468151358089e+00 -3.518501878397158222e+00
2.813451900604516709e+01 -3.485810590974650847e+00 2.246847256450845265e+00 -3.485810590974650847e+00 2.993505441677796597e+01 3.140069967717936006e+00 2.246847256450845265e+00 3.140069967717936006e+00 2.080100970974277175e+01
1.211568145978987943e+01 -1.399042344968330909e+00 1.084466275094379650e+00 -1.399042344968330909e+00 2.312206499739991372e+01 -2.360612766428670017e+00 1.084466275094379650e+00 -2.360612766428670017e+00 9.897985551553624362e+00
-4.437426855598781472e+00 -3.308952365074782631e-01 -1.288573898529839168e+00 -3.308952365074782631e-01 -2.498084521807216518e+00 -7.306510742011925963e+00 -1.288573898529839168e+00 -7.306510742011925963e+00 -2.615664275000971761e-01
-5.010149070808661342e+00 3.683861708419517100e+00 4.914155228951700316e+00 3.683861708419517100e+00 -6.595649567365582833e+00 4.133411542576505227e+00 4.914155228951700316e+00 4.133411542576505227e+00 -8.089361885869546853e+00
-1.970586454030753831e+00 5.163519119255436385e-01 2.689865264375670417e+00 5.163519119255436385e-01 -3.763922692697435401e+00 2.822766012590723683e+00 2.689865264375670417e+00 2.822766012590723683e+00 -5.284487774403038962e+00
6.210975590877166219e+00 9.087788724140299479e+00 -1.462803672361727703e-01 9.087788724140299479e+00 -2.831257381387985994e+00 -7.593616735678216934e+00 -1.462803672361727703e-01 -7.593616735678216934e+00 1.225309534230465958e-01
1.094112777319440610e+01 -1.381119778212305471e+00 3.984661350884358022e+00 -1.381119778212305471e+00 -2.487293475397772902e+00 -3.541150875840343826e+00 3.984661350884358022e+00 -3.541150875840343826e+00 -4.043013818022800798e+00
2.932984759243121076e+00 -3.330377273468408728e+00 -4.511913200705724436e-01 -3.330377273468408728e+00 -7.790015238270830089e+00 3.653941455665552951e+00 -4.511913200705724436e-01 3.653941455665552951e+00 1.454798927193777791e+00
-7.231695845189826777e+00 3.297820909029663738e+00 2.417673650534374108e+00 3.297820909029663738e+00 -1.102422304956412358e+00 -5.565088394551117368e+00 2.417673650534374108e+00 -5.565088394551117368e+00 -1.000029927091117710e+00
-2.408829755347175805e+01 1.494046477232014780e+00 3.067060112342272049e+00 1.494046477232014780e+00 -5.188966629247660833e+00 3.363087008680019974e+00 3.067060112342272049e+00 3.363087008680019974e+00 -1.922324658093251060e+01
2.343289164211262943e+01 4.979255582964237092e-01 5.346661424372689098e+00 4.979255582964237092e-01 1.753498489910035474e+01 -5.331905227228091348e+00 5.346661424372689098e+00 -5.331905227228091348e+00 1.735866715767723178e+01
5.199414352853771959e+00 -2.090942237091006461e+00 1.456729702040675534e+00 -2.090942237091006461e+00 -1.940857083565006524e+00 -2.201972811878599945e+00 1.456729702040675534e+00 -2.201972811878599945e+00 1.447453793713874859e+01
1.625354441887751733e+01 -2.673714036358286972e+00 3.697991425541028221e+00 -2.673714036358286972e+00 7.824925781279050696e-01 -6.219956139190248035e-01 3.697991425541028221e+00 -6.219956139190248035e-01 1.109427242109077127e+01
1.154265534728658871e+01 8.412298609526111193e+00 6.753430333972794131e+00 8.412298609526111193e+00 -1.506392050588194920e+00 -6.602391612286371725e+00 6.753430333972794131e+00 -6.602391612286371725e+00 5.439394716268704938e-02
-5.872979151494745587e+00 5.047753230580712902e+00 -4.149107429191174756e-02 5.047753230580712902e+00 -2.263749738617352847e+01 5.736271465039327389e+00 -4.149107429191174756e-02 5.736271465039327389e+00 3.333459058549103737e+00
6.034513009657013427e+00 -3.359929310338026998e+00 -5.269364503322991666e+00 -3.359929310338026998e+00 1.443083818967635779e+01 1.031349050320075289e+00 -5.269364503322991666e+00 1.031349050320075289e+00 1.367894812810023630e+01
-5.005102299348349604e+00 -3.899454384861550160e+00 4.031681175195764411e+00 -3.899454384861550160e+00 -2.355209467050106653e+01 2.076253864755590595e+00 4.031681175195764411e+00 2.076253864755590595e+00 -1.661572771366165213e+01
1.690686234775197150e+01 1.205633920894123717e-01 -8.714723824088606463e+00 1.205633920894123717e-01 1.071502056612984077e+01 5.974812122727246155e+00 -8.714723824088606463e+00 5.974812122727246155e+00 9.741668607717965500e+00
1.756219701188222126e+00 1.307764197358427083e+00 3.422178943807619333e+00 1.307764197358427083e+00 1.137272622250847398e+01 -7.714574659020025926e+00 3.422178943807619333e+00 -7.714574659020025926e+00 -7.880572054940956583e+00
6.565980180004619804e+00 -7.765823349593875546e-01 3.775937845052966146e+00 -7.765823349593875546e-01 7.951411689023395901e+00 -3.863039254197161210e+00 3.775937845052966146e+00 -3.863039254197161210e+00 1.280946438747941407e+01
1.972110076064898365e+01 -3.187214533920083692e+00 1.034150492573235658e+00 -3.187214533920083692e+00 1.262066620861019040e+01 -1.504044815541685232e+00 1.034150492573235658e+00 -1.504044815541685232e+00 1.872402842406112100e+01
2.176493314962651482e+01 -9.197835985713691542e-01 -2.543983435886122191e+00 -9.197835985713691542e-01 2.021507862476584805e+01 1.991025673814873276e+00 -2.543983435886122191e+00 1.991025673814873276e+00 1.490097012313736791e+01
-2.360213635351611927e+01 5.982140794644649762e-02 -1.423539031750050698e+00 5.982140794644649762e-02 -9.265963861888701913e+00 2.335873907067647526e+00 -1.423539031750050698e+00 2.335873907067647526e+00 -2.108447763167342970e+01
-1.338544515634560117e+00 6.270754554041741535e+00 3.056698282259775024e+00 6.270754554041741535e+00 3.398385815351225858e+00 -6.821624281981025772e-02 3.056698282259775024e+00 -6.821624281981025772e-02 -4.947207327971838708e+00
-9.684954033695206022e+00 -9.428702349414377348e-01 3.379318003943752036e+00 -9.428702349414377348e-01 -1.329508691017075250e+01 8.240561408078834749e-01 3.379318003943752036e+00 8.240561408078834749e-01 -7.670312644762718790e+00
-2.516615113701569584e+01 -3.268415173274307417e+00 3.712507838081176015e+00 -3.268415173274307417e+00 -1.415729664169257518e+01 -5.440909188947160580e-01 3.712507838081176015e+00 -5.440909188947160580e-01 -2.443612656517356285e+01
