3.492543619303413038e+01 -3.507543706878858192e+00 5.133024933700901293e+00 -3.507543706878858192e+00 1.417658086422301444e+01 5.107649238089049248e-01 5.133024933700901293e+00 5.107649238089049248e-01 2.884984200533173038e+01
1.966102098013819699e+01 -5.032490466823907882e-01 8.843565815690078713e-01 -5.032490466823907882e-01 9.146099375188823544e+00 -1.026037164142563629e+00 8.843565815690078713e-01 -1.026037164142563629e+00 8.523393525848206309e+00
4.052367794174553239e+01 4.713996646217819553e+00 1.894649247471182463e+00 4.713996646217819553e+00 4.642187587722199993e+01 5.722510031668347485e-01 1.894649247471182463e+00 5.722510031668347485e-01 4.501996865035956574e+01
1.586812129664632565e+01 -4.942775185400076765e+00 -4.237901770310791960e+00 -4.942775185400076765e+00 2.261259548312786549e+01 3.964687812120309296e+00 -4.237901770310791960e+00 3.964687812120309296e+00 -1.189160225438279817e+01
9.288805839250198204e+00 5.360581183309992559e-01 -6.308251949949198689e+00 5.360581183309992559e-01 8.474747826186199262e+00 2.036398056425982594e-01 -6.308251949949198689e+00 2.036398056425982594e-01 -1.554175336218108328e+01
1.979920527203406611e+00 -8.334255852937598741e-01 -5.178697043144323553e-01 -8.334255852937598741e-01 4.717140739958320950e+00 1.834905151186863259e+00 -5.178697043144323553e-01 1.834905151186863259e+00 8.817342906829596316e+00
-2.351725781724823250e+01 5.972097137045643933e+00 -3.733002268724504580e-01 5.972097137045643933e+00 -2.068856647788488701e+01 1.568989465881090117e+00 -3.733002268724504580e-01 1.568989465881090117e+00 -2.832335092195425830e+01
4.785408385779893337e+01 2.957870775302629429e+00 -3.196151760973644951e+00 2.957870775302629429e+00 4.748821706465504633e+01 7.125676695886054013e-01 -3.196151760973644951e+00 7.125676695886054013e-01 3.197905256819332109e+01
1.352618123995123156e+01 -7.991769168515201471e+00 -1.014801734803647104e+00 -7.991769168515201471e+00 2.392888221622524725e+01 -2.394923087303518994e+00 -1.014801734803647104e+00 -2.394923087303518994e+00 3.807425238569403092e+01
-3.940331343650506302e+00 1.935672313093157015e+00 -2.961937032203969089e+00 1.935672313093157015e+00 -6.201649406069389414e+00 2.823992167147532761e+00 -2.961937032203969089e+00 2.823992167147532761e+00 2.632218171467497569e+01
1.000042913429078872e+01 1.023756586492929621e+01 -8.370520725913543902e-01 1.023756586492929621e+01 -1.933475253581265152e+00 1.021709279082828603e+00 -8.370520725913543902e-01 1.021709279082828603e+00 -4.068877812102847713e+01
3.612014551276059393e+01 -1.641292750747772589e+00 -9.654749892554197466e-01 -1.641292750747772589e+00 3.178338300094613089e+01 -2.332307979918443852e+00 -9.654749892554197466e-01 -2.332307979918443852e+00 2.633864775770345545e+01
-7.449159327127485852e-01 1.276343254373421887e+00 1.891082116699282611e+00 1.276343254373421887e+00 1.160584949865216942e+01 -3.740218500922602551e+00 1.891082116699282611e+00 -3.740218500922602551e+00 1.430407469859011016e+01
3.437289368987495664e+01 -3.590023461064869026e-01 -2.599660873778217862e+00 -3.590023461064869026e-01 3.452039493219152178e+01 -1.118313063972313559e+00 -2.599660873778217862e+00 -1.118313063972313559e+00 1.784697535684480130e+01
-8.065212989728379966e+00 -9.555349194362875664e+00 9.246174967579284809e-02 -9.555349194362875664e+00 1.270452296699532013e+01 -5.091232451933547232e+00 9.246174967579284809e-02 -5.091232451933547232e+00 1.931245514873934255e+01
1.883398209643390997e+00 6.771661275844529371e+00 7.444596962181805999e+00 6.771661275844529371e+00 2.766473332714995337e+01 -1.363085389335537689e+00 7.444596962181805999e+00 -1.363085389335537689e+00 -2.159222847904693765e+01
1.352853478305890000e+01 8.731234298662676752e-01 9.745215026860751806e-01 8.731234298662676752e-01 3.517210942803603757e+01 -1.221397421857320786e+01 9.745215026860751806e-01 -1.221397421857320786e+01 8.324428332780302142e+00
-1.209807028109605653e+01 1.217482195277443946e+00 -2.975207900240216308e+00 1.217482195277443946e+00 -2.339742631643287751e+01 5.506620693773388586e-01 -2.975207900240216308e+00 5.506620693773388586e-01 1.968572154752130743e+01
1.079387120909214559e+01 1.820711797098923501e+00 -1.397808628218437654e+00 1.820711797098923501e+00 1.307069990706816220e+01 2.030160495728568215e-01 -1.397808628218437654e+00 2.030160495728568215e-01 7.259885194197411629e+00
3.304663794939160937e+01 9.148871244440357486e-01 2.260570857714240933e+00 9.148871244440357486e-01 3.864700571051287170e+01 1.170452064637191730e-01 2.260570857714240933e+00 1.170452064637191730e-01 7.573933383310278877e+00
4.357696995592804257e+01 -5.441846801891984775e+00 -2.063040220963279214e+00 -5.441846801891984775e+00 2.369476424157991445e+01 4.807586654330617826e+00 -2.063040220963279214e+00 4.807586654330617826e+00 4.305551982332426064e+01
4.325377720662918080e+01 -3.343909116283637850e+00 1.425319832947876397e-01 -3.343909116283637850e+00 5.436944064533042820e+01 -1.683604508355311946e+00 1.425319832947876397e-01 -1.683604508355311946e+00 4.303301043548291460e+01
3.060934175905506649e+01 -2.048527285845474832e+00 -1.713577844208115097e+00 -2.048527285845474832e+00 3.522461572077632042e+01 1.520490026868436706e+00 -1.713577844208115097e+00 1.520490026868436706e+00 3.540523450780104753e+01
1.311762251991761730e+01 7.871618510042827310e+00 -5.909621971082088088e+00 7.871618510042827310e+00 3.105272410738558531e+00 9.694218866286552938e+00 -5.909621971082088088e+00 9.694218866286552938e+00 2.504541437683990779e+01
3.984590753957562015e+01 3.753390974486296994e-01 -1.658742953150722510e+00 3.753390974486296994e-01 4.661548443078358162e+01 8.529379854009975226e-01 -1.658742953150722510e+00 8.529379854009975226e-01 2.589815374938018522e+01
-4.093047909833719689e-01 -6.051737599842442750e-01 -2.266037529973615738e-01 -6.051737599842442750e-01 6.766499943856699950e+00 7.411398564340524464e-01 -2.266037529973615738e-01 7.411398564340524464e-01 6.176390809573643281e+00
3.621165209766523674e+00 3.768227249835920389e+00 -7.897142697514872856e-01 3.768227249835920389e+00 -3.754852527855450983e+00 -2.314885166266264616e+00 -7.897142697514872856e-01 -2.314885166266264616e+00 -1.389052899915141914e+01
4.395990653704609841e+00 2.300946276493918141e+00 -3.260041926380488508e+00 2.300946276493918141e+00 -4.583342950308066044e+00 -3.088109437158203630e+00 -3.260041926380488508e+00 -3.088109437158203630e+00 -7.180595066854564834e+00
3.058269676159454065e+01 -4.783953385477238918e+00 4.263757271133315818e+00 -4.783953385477238918e+00 3.029433421210443456e+01 4.778573976737091833e+00 4.263757271133315818e+00 4.778573976737091833e+00 2.322309413400982336e+01
-5.616343046822386498e+00 -4.449095616397841901e+00 3.354662061990979272e+00 -4.449095616397841901e+00 2.263213976338524169e+00 2.387663257468837674e+00 3.354662061990979272e+00 2.387663257468837674e+00 -5.064491868823278509e+00
3.981308265732132412e+01 6.792129898051351589e+00 1.984613205073600284e+00 6.792129898051351589e+00 3.592458987719894026e+01 8.833698884365743798e-01 1.984613205073600284e+00 8.833698884365743798e-01 2.616554936250036789e+01
1.794150781051815580e+00 -8.266456812160569712e+00 1.380530714088273214e+00 -8.266456812160569712e+00 -5.502002669653948352e+00 8.842467905352058288e-01 1.380530714088273214e+00 8.842467905352058288e-01 2.226065631503925601e+01
3.515143402793285077e+01 9.913038649085161857e-01 -2.138293329453193614e+00 9.913038649085161857e-01 3.502322808604470339e+01 -3.549632852102148295e+00 -2.138293329453193614e+00 -3.549632852102148295e+00 7.413392836935689445e+01
6.171801914761895347e+01 -5.381750019993811307e+00 -5.148756179852234105e+00 -5.381750019993811307e+00 5.130452088082127915e+01 1.039501756669630517e+01 -5.148756179852234105e+00 1.039501756669630517e+01 2.364142858526816227e+01
-1.709822477187411849e+01 -1.127428403176425453e+00 -3.943483010238248543e+00 -1.127428403176425453e+00 -9.420373765503684993e+00 -1.851094871057206603e+00 -3.943483010238248543e+00 -1.851094871057206603e+00 1.053426823100332399e+01
1.656709737093632739e+01 5.091497212011436346e+00 6.308865337428815057e-01 5.091497212011436346e+00 1.957702662152839324e+01 -2.178633329138023100e+00 6.308865337428815057e-01 -2.178633329138023100e+00 3.792140745717229589e+00
7.611735247944042548e+00 -1.466801618228969206e-01 3.821756606276107693e-01 -1.466801618228969206e-01 1.942662584177275997e+00 -5.313760784391106107e-01 3.821756606276107693e-01 -5.313760784391106107e-01 6.015611020415185806e+00
4.497588888876369850e+01 2.776457393400096674e+00 -1.347186641995748557e+00 2.776457393400096674e+00 4.383581719650943853e+01 2.387362928297727116e+00 -1.347186641995748557e+00 2.387362928297727116e+00 2.666912485895464968e+01
4.633399710240611569e+01 2.999049870298540643e+00 3.159761793804871655e-01 2.999049870298540643e+00 3.950785474589680035e+01 -1.968965234175299450e+00 3.159761793804871655e-01 -1.968965234175299450e+00 2.052999946878395221e+01
-1.256808616454190286e+01 3.689077053645732462e+00 3.527010605628826845e+00 3.689077053645732462e+00 -5.805061135990442267e+00 4.890782202121622291e+00 3.527010605628826845e+00 4.890782202121622291e+00 -6.699749027941713564e+00
1.444145541902953589e+01 2.379981198734438141e+00 -3.453731169941013146e+00 2.379981198734438141e+00 2.420573144042630176e+01 -7.743502954410889094e-01 -3.453731169941013146e+00 -7.743502954410889094e-01 8.614552548277485400e+00
1.665718807999687812e+01 -4.750942793021059707e+00 -1.271663440407489576e+00 -4.750942793021059707e+00 2.475047552932752382e+01 -7.271380925293557063e+00 -1.271663440407489576e+00 -7.271380925293557063e+00 3.177885346398512922e+01
3.542008087293360319e+01 6.934803233631151365e+00 -1.182117148909715421e-01 6.934803233631151365e+00 1.864688498220635182e+01 -3.135690950068025007e+00 -1.182117148909715421e-01 -3.135690950068025007e+00 3.761910505767652779e+01
1.171156923812422868e+01 -3.159550150318716000e+00 2.935676953887143448e+00 -3.159550150318716000e+00 4.924789356206395574e+00 -2.115687988095059091e-01 2.935676953887143448e+00 -2.115687988095059091e-01 9.286356078090008737e+00
-2.763483268970187812e+00 -3.852292390010814138e-01 5.435967286184135716e+00 -3.852292390010814138e-01 6.128215897033746806e+00 -1.420857380343039766e+00 5.435967286184135716e+00 -1.420857380343039766e+00 -5.565235836604744080e+00
1.164592760104987335e+01 2.388747642145847283e-01 -1.504428167424271212e+00 2.388747642145847283e-01 8.748531380518329570e+00 -1.232311357355237336e+00 -1.504428167424271212e+00 -1.232311357355237336e+00 1.184041209163083685e+01
4.290408696257824950e+00 -1.602364462474032747e+00 -9.983741897000202314e-01 -1.602364462474032747e+00 -3.179135330339162846e-01 2.199061936784218130e+00 -9.983741897000202314e-01 2.199061936784218130e+00 1.245622777618973309e+01
5.551459872791092920e+01 4.211263871857604535e+00 2.610175031931513345e+00 4.211263871857604535e+00 5.516947632438648697e+01 -9.527878954473633755e+00 2.610175031931513345e+00 -9.527878954473633755e+00 4.171341994929372277e+01
3.785183749442305512e+00 5.292055695385992742e+00 -3.983424148141863075e+00 5.292055695385992742e+00 -2.904319228738012626e+00 -2.198444173755673692e+00 -3.983424148141863075e+00 -2.198444173755673692e+00 2.361968878912088954e+00
2.101892274980558284e+01 -1.725945877200272704e+00 3.664031255538538812e+00 -1.725945877200272704e+00 3.552719186425207454e+01 -4.767034019919714538e+00 3.664031255538538812e+00 -4.767034019919714538e+00 4.014546534334916572e+01
