-3.689874513139668744e-01 8.137843212295964079e+00 -1.678207838273557906e+00 8.137843212295964079e+00 -3.246510614201697731e+00 1.988098371467928560e+00 -1.678207838273557906e+00 1.988098371467928560e+00 4.911144889857261830e-01
5.577967727326113012e-01 -1.253156133276183581e+00 2.055397212920692662e-01 -1.253156133276183581e+00 -3.153340153244347022e+00 2.196344231627103571e+00 2.055397212920692662e-01 2.196344231627103571e+00 2.126746295417890309e+01
-1.148345889064951741e+01 -1.232881163600243113e+01 2.340378765010938444e+00 -1.232881163600243113e+01 -1.190147846220734884e+00 -3.453125927136420081e+00 2.340378765010938444e+00 -3.453125927136420081e+00 -5.585519673661840656e+00
1.351756920228130099e+01 3.140848297543918921e+00 8.911805928533038657e-01 3.140848297543918921e+00 8.845763342773003135e-01 -4.610181252289257542e-02 8.911805928533038657e-01 -4.610181252289257542e-02 -1.813547159463753289e+01
3.366704882372927532e+00 5.913031647572193350e-01 2.798513314737460789e+00 5.913031647572193350e-01 -2.441797297763430574e+00 -3.007035682482455119e+00 2.798513314737460789e+00 -3.007035682482455119e+00 -2.326926530820754291e+00
2.923275627239612096e+00 -7.664795347722114016e+00 2.865510046527433907e+00 -7.664795347722114016e+00 3.691548922491996176e+00 -2.178599210521087404e+00 2.865510046527433907e+00 -2.178599210521087404e+00 8.580443111203555517e+00
8.144145222293017183e-02 -4.099519394687420437e+00 -2.968879120476221267e+00 -4.099519394687420437e+00 1.734391984743445025e+00 2.541370165665265635e+00 -2.968879120476221267e+00 2.541370165665265635e+00 -6.202574966735677542e+00
-1.321017929514825617e+01 3.500883599555014047e+00 3.525039006610714676e+00 3.500883599555014047e+00 -1.325078885860560973e+01 -2.455527549862277503e+00 3.525039006610714676e+00 -2.455527549862277503e+00 -2.316659216432963220e+01
-7.852297154667722268e+00 -8.922946973518975256e+00 -2.114703549885733835e+00 -8.922946973518975256e+00 1.102465874251084221e+00 4.012294653329656069e-01 -2.114703549885733835e+00 4.012294653329656069e-01 -1.179411601654785535e+00
2.511789961835386364e+01 -2.024762292077888937e+00 -2.804861784404483860e+00 -2.024762292077888937e+00 2.715669281312219496e+01 -2.448396497622634893e+00 -2.804861784404483860e+00 -2.448396497622634893e+00 -6.424647705919264595e+00
-8.858528264968780874e+00 1.060926164885677458e+01 -5.779245693324442712e+00 1.060926164885677458e+01 -3.903963378926238903e+00 3.776738547432191950e+00 -5.779245693324442712e+00 3.776738547432191950e+00 -9.593084056042723295e-01
1.122798156404403258e+01 7.194876134237629728e+00 -2.757078829105153339e+00 7.194876134237629728e+00 1.328258423037031299e+01 -1.676098249789212291e+00 -2.757078829105153339e+00 -1.676098249789212291e+00 -1.431489595593561148e+01
5.682246832927155822e+00 1.596302630569153536e+01 -1.008558174823752829e+01 1.596302630569153536e+01 2.126875536680064371e+01 9.448108747236588556e+00 -1.008558174823752829e+01 9.448108747236588556e+00 1.057522801982478100e+01
1.567559502815112360e+01 2.792914474453789708e+00 -2.726966695298789212e+00 2.792914474453789708e+00 1.150394302430953708e+01 -7.311729501243557472e+00 -2.726966695298789212e+00 -7.311729501243557472e+00 7.437667041079449426e+00
-3.689509771585358866e+00 -4.392374961149895007e+00 -3.638471964662374436e+00 -4.392374961149895007e+00 -2.188537888959817046e+00 1.086498602939584224e+01 -3.638471964662374436e+00 1.086498602939584224e+01 -5.149145768360764208e+00
-6.363448788655831079e-01 3.443822746026827808e+00 1.124387985599516693e+00 3.443822746026827808e+00 -1.647518371033356033e+01 3.554160826801882944e+00 1.124387985599516693e+00 3.554160826801882944e+00 -8.700299935836367737e+00
-1.249972152844486217e+01 -4.919650791959178093e+00 3.293332653226663798e+00 -4.919650791959178093e+00 -1.083173055959583486e+01 -2.584112084445059576e+00 3.293332653226663798e+00 -2.584112084445059576e+00 -1.267574628678420190e+01
-1.415097400221221413e+01 -5.720892051201476036e+00 -1.012254586186458249e+00 -5.720892051201476036e+00 5.621552625756279786e-01 -4.271566565534564042e+00 -1.012254586186458249e+00 -4.271566565534564042e+00 9.027895573345942282e+00
1.925050330742659854e+00 -7.331876230585804954e+00 2.611772796062180380e+00 -7.331876230585804954e+00 9.799942846529472007e+00 -2.192870018707639979e+00 2.611772796062180380e+00 -2.192870018707639979e+00 2.284429425316903206e+01
-7.330132845654423690e+00 1.519797748189477549e-01 1.966816852282771366e+00 1.519797748189477549e-01 -1.013780055105570455e+01 -2.828825140481269068e-02 1.966816852282771366e+00 -2.828825140481269068e-02 1.105534839479253861e+01
1.638536570071160625e+01 -1.418658861336420074e+01 1.555590831112535266e+00 -1.418658861336420074e+01 -1.245005328593306926e+00 -4.550477006374668676e+00 1.555590831112535266e+00 -4.550477006374668676e+00 -1.439501963119062422e+00
-1.800162927735227925e+01 3.679638417233694447e+00 9.455497294964306798e-01 3.679638417233694447e+00 -7.403572164605228600e+00 3.037857965546224559e+00 9.455497294964306798e-01 3.037857965546224559e+00 5.723452634375028047e+00
1.040956492345070572e+01 -9.051687719508670682e+00 3.590493193632970925e+00 -9.051687719508670682e+00 -1.389316000610881119e+01 -5.810194661048269538e+00 3.590493193632970925e+00 -5.810194661048269538e+00 -6.936426337152439281e+00
1.938443558099194775e+01 -1.948025409674336794e+00 2.718971858224155103e+00 -1.948025409674336794e+00 4.160565703581259100e+01 -1.649711078495058825e+00 2.718971858224155103e+00 -1.649711078495058825e+00 1.829807323696068622e+01
2.347965235708326759e+01 -3.837073832432835285e+00 -2.058077075829781499e+00 -3.837073832432835285e+00 2.923734218027998821e+01 2.415447545984557298e-01 -2.058077075829781499e+00 2.415447545984557298e-01 6.727361529324639378e+00
1.021873221385260422e+01 1.054451967381272404e+01 -4.019527583263433179e+00 1.054451967381272404e+01 3.546764972429895835e+01 -4.481474473734345376e-01 -4.019527583263433179e+00 -4.481474473734345376e-01 4.153081273180647237e+00
4.890557623595217507e+00 5.547763899520084863e+00 -1.549153651617827476e+00 5.547763899520084863e+00 3.075849055604393811e+00 3.579801771463422266e-01 -1.549153651617827476e+00 3.579801771463422266e-01 1.592761667612159826e+01
-1.463262766890542821e+01 6.607463929415251513e+00 -2.390651586959378072e+00 6.607463929415251513e+00 -9.960061135530056120e+00 1.817262252922569876e-01 -2.390651586959378072e+00 1.817262252922569876e-01 -2.748891307854272981e+01
9.443980566048001180e+00 -3.460477342451883320e+00 -6.756317909721942350e+00 -3.460477342451883320e+00 2.300680109552659669e+00 -2.176463054567312039e+00 -6.756317909721942350e+00 -2.176463054567312039e+00 -1.223642979237880724e+01
-7.470900891788068598e+00 4.618192700372026671e+00 -8.890144277465814593e-01 4.618192700372026671e+00 5.297123539189106722e+00 4.797911249198100414e+00 -8.890144277465814593e-01 4.797911249198100414e+00 1.183399048632245787e+01
-3.108759952035679675e+00 -1.726710482203503316e+00 2.956366323313626143e+00 -1.726710482203503316e+00 -2.110881207076009858e+01 -1.605944107443223912e+00 2.956366323313626143e+00 -1.605944107443223912e+00 -2.680736642340087350e+00
1.868606482473282426e+01 -1.328417881270140022e+01 5.938048353658015976e+00 -1.328417881270140022e+01 1.807234785766465279e+01 -1.223420192664381068e+00 5.938048353658015976e+00 -1.223420192664381068e+00 1.480852231772326455e+01
-7.667558716857640455e+00 2.538891871406828926e+00 2.153265825658492894e+00 2.538891871406828926e+00 -4.107446769623560812e+00 -2.125478255564639873e+00 2.153265825658492894e+00 -2.125478255564639873e+00 -8.307191356077103350e+00
-1.385572592450266205e+00 2.290634798178657672e+00 1.740889528415240362e+00 2.290634798178657672e+00 2.650894583127686666e+00 -3.107298030406295375e+00 1.740889528415240362e+00 -3.107298030406295375e+00 1.741153037232382683e+00
8.695423674220139176e+00 -8.247475572839986668e+00 4.332442169126587750e+00 -8.247475572839986668e+00 3.928137039139252273e+00 -4.976577883885219933e+00 4.332442169126587750e+00 -4.976577883885219933e+00 1.926595649529790322e+01
-2.303268866889115696e+00 -4.892384519906534557e+00 2.649838819738012052e+00 -4.892384519906534557e+00 1.062631725547078432e+01 2.884059374485049343e+00 2.649838819738012052e+00 2.884059374485049343e+00 2.148147124854570933e+00
-8.904693711895250718e-01 3.134259205031403983e+00 -6.789129262474860038e-01 3.134259205031403983e+00 1.228941446008188221e+00 -3.201943672492264081e+00 -6.789129262474860038e-01 -3.201943672492264081e+00 -7.085330667275178129e+00
1.255847755715826786e+01 -7.867925606749135881e+00 2.483151900292818459e-01 -7.867925606749135881e+00 6.505080076341662298e+00 -7.088991524534402622e+00 2.483151900292818459e-01 -7.088991524534402622e+00 -1.545084773233587860e+01
-6.909098074635093845e+00 4.055985464357294568e+00 2.163415816247356460e+00 4.055985464357294568e+00 -2.281324660030374485e+00 -6.269088886989572451e+00 2.163415816247356460e+00 -6.269088886989572451e+00 1.295449120403736565e+01
1.098188522917750554e+01 -3.367850613254632641e+00 -9.260831119680172918e-01 -3.367850613254632641e+00 1.632812542367745223e+01 2.118271115883914479e+00 -9.260831119680172918e-01 2.118271115883914479e+00 1.889099995539596932e+01
-1.247253639927837021e+01 4.756533421742179080e+00 -3.730354045726486767e+00 4.756533421742179080e+00 1.508637030721589589e+01 -1.878398139749488882e+00 -3.730354045726486767e+00 -1.878398139749488882e+00 -1.087971438427178228e+01
1.816668742096532796e+01 -1.227281322793789009e+01 2.001441521633877230e+00 -1.227281322793789009e+01 5.599330555069863991e+00 5.380289742420139909e+00 2.001441521633877230e+00 5.380289742420139909e+00 2.146054158006471368e+01
-1.593716573152088323e+01 -8.419449886872238942e-01 -2.360309200362960880e+00 -8.419449886872238942e-01 -2.601379115980646528e-01 -4.770493853193191747e+00 -2.360309200362960880e+00 -4.770493853193191747e+00 -9.614567959384707763e+00
-4.651894239790077101e+00 2.068535019202190739e+00 -9.687957944925643106e-02 2.068535019202190739e+00 -4.246819191837648333e+00 5.548345335663661615e+00 -9.687957944925643106e-02 5.548345335663661615e+00 3.388207654144899106e+00
2.310208622558534985e-01 -3.904489759030680851e+00 -3.225497409300506768e-01 -3.904489759030680851e+00 -1.943037585372917153e+00 -5.342867371139256250e+00 -3.225497409300506768e-01 -5.342867371139256250e+00 -1.203525896032260567e+00
-1.812552401499726429e+01 5.091392677774314812e+00 -2.099108888110453819e+00 5.091392677774314812e+00 -1.164885901474222152e+01 1.363026858271803032e+00 -2.099108888110453819e+00 1.363026858271803032e+00 -1.479087038938422083e+01
5.169369136524060160e-01 -7.613550972889761681e+00 -1.004993929671235975e+01 -7.613550972889761681e+00 -3.011897832548153353e+00 -2.842428654890758466e+00 -1.004993929671235975e+01 -2.842428654890758466e+00 -1.083750635153096731e+01
9.424750372921490538e+00 -7.797586756732532542e+00 2.079763515040071287e+00 -7.797586756732532542e+00 1.349430317719580508e+01 -7.097725364249956925e+00 2.079763515040071287e+00 -7.097725364249956925e+00 1.074557046354768453e+01
2.375471404010033316e-01 -4.870127751858904230e-01 -5.996940976948377244e-01 -4.870127751858904230e-01 -4.332104645519291530e+00 -2.633906839931580368e+00 -5.996940976948377244e-01 -2.633906839931580368e+00 -4.973053642373015393e+00
-1.919591058247210569e+01 -1.209025746389539524e+00 2.349757807783252606e+00 -1.209025746389539524e+00 6.985814580076430858e+00 -1.691838069363534203e+00 2.349757807783252606e+00 -1.691838069363534203e+00 1.167876626943399998e+01
