2.676713974577966937e+01 -2.242550882258159017e+00 -3.044356052752842934e-01 -2.242550882258159017e+00 1.981824124114898211e+01 3.769704855638605245e+00 -3.044356052752842934e-01 3.769704855638605245e+00 1.908611311249735110e+01
7.353096224349150445e-01 -3.275992653511851316e+00 5.414079056323012340e-01 -3.275992653511851316e+00 1.896248675219102253e+01 -3.030147985498797603e+00 5.414079056323012340e-01 -3.030147985498797603e+00 9.086152567699185667e+00
-2.343094102702531956e+01 9.783417206095310625e-01 -4.856290931975244085e+00 9.783417206095310625e-01 -2.144691839358327456e+01 1.162080980988805301e+00 -4.856290931975244085e+00 1.162080980988805301e+00 -3.351900812744679570e+01
-1.512122640260534823e+01 -1.311583606355534393e+00 2.574141337242438432e+00 -1.311583606355534393e+00 -1.110096006124299706e+01 -2.937191017159064832e-01 2.574141337242438432e+00 -2.937191017159064832e-01 -1.596038609565800748e+01
1.547624063378041193e+01 1.447218160902484785e+00 1.986073384836457290e-01 1.447218160902484785e+00 1.837354271584558418e+01 7.199472756743205415e-02 1.986073384836457290e-01 7.199472756743205415e-02 1.573336532005707511e+01
-1.942852631135191288e+01 8.305555380488497619e+00 4.896618584733136714e+00 8.305555380488497619e+00 -1.086580490341106575e+01 -2.323564784792877980e+00 4.896618584733136714e+00 -2.323564784792877980e+00 -1.348084118103354712e+01
-2.847647271891712961e+00 -2.326283167515648564e+00 -4.242217088814377313e+00 -2.326283167515648564e+00 3.607077839011205711e+00 7.973239427636635845e-01 -4.242217088814377313e+00 7.973239427636635845e-01 1.313069603554372655e+01
1.145601845268432034e-01 1.288167699293075286e+00 5.588004750034115953e-02 1.288167699293075286e+00 -1.073296038152137810e-01 -2.114122495967668325e+00 5.588004750034115953e-02 -2.114122495967668325e+00 3.128175037222737931e-01
3.454036610816450548e+01 -1.244662568180953599e+01 -2.760636569466128343e-01 -1.244662568180953599e+01 3.175101505055193840e+01 -3.041484834158847850e+00 -2.760636569466128343e-01 -3.041484834158847850e+00 2.747657009634768244e+01
1.994112625103521097e+01 8.777765242865310791e-01 9.701812918105393591e-01 8.777765242865310791e-01 1.966064321462489417e+01 1.344559051561758700e+00 9.701812918105393591e-01 1.344559051561758700e+00 1.957121835873467219e+01
-4.613645473573395606e+00 -8.183068832228944656e-01 1.580633934995537171e+00 -8.183068832228944656e-01 -6.538529575388744242e+00 1.972725287872806987e+00 1.580633934995537171e+00 1.972725287872806987e+00 3.952765667735564925e+00
2.394035145269619136e+01 1.142781350546901331e+00 -6.103926105362202037e+00 1.142781350546901331e+00 2.730463558676769509e+01 2.699459606607252926e+00 -6.103926105362202037e+00 2.699459606607252926e+00 1.797929881123643270e+01
7.758004949620438850e+00 2.806785876922702094e+00 9.602337614909348118e-02 2.806785876922702094e+00 1.773137428930754567e+01 -2.579408004173339819e+00 9.602337614909348118e-02 -2.579408004173339819e+00 1.814535670099109765e+01
2.080975065756368281e+01 -1.433592036678070114e+00 3.250924826726671324e-02 -1.433592036678070114e+00 1.927680557019252561e+01 1.638076744654739514e+00 3.250924826726671324e-02 1.638076744654739514e+00 1.886529540181765086e+01
2.599246337503956639e+01 -3.918379504575137950e+00 -2.514092060655741978e+00 -3.918379504575137950e+00 3.068840836406934969e+01 -2.601619279489463921e+00 -2.514092060655741978e+00 -2.601619279489463921e+00 2.678859358747041242e+01
-2.202328340157004405e+01 5.044689102410143677e-01 -4.137589173948927446e+00 5.044689102410143677e-01 -3.502179572594570089e+01 -1.191616101014208340e+00 -4.137589173948927446e+00 -1.191616101014208340e+00 -1.765867751498701921e+01
-1.521715532671108839e+01 5.113943118816851374e+00 -2.793467565996956115e+00 5.113943118816851374e+00 -1.494742331938674340e+01 3.194197847141712288e+00 -2.793467565996956115e+00 3.194197847141712288e+00 -1.657262916185288404e+01
-2.866318099720216495e+01 1.763354907402017169e+00 5.293115567641064168e+00 1.763354907402017169e+00 -3.349279395110688995e+01 1.438394430449797756e+00 5.293115567641064168e+00 1.438394430449797756e+00 -2.371329203216038906e+01
4.991716705528049580e+00 1.108137684954110247e+00 1.596580182096410672e-01 1.108137684954110247e+00 8.149944219591874983e+00 1.434162694951188532e+00 1.596580182096410672e-01 1.434162694951188532e+00 6.019514019499438540e+00
1.606255747073216167e+00 -1.245688089610067939e+00 2.111371356238692376e-01 -1.245688089610067939e+00 -4.784584475131276604e-01 3.879769020461272810e-01 2.111371356238692376e-01 3.879769020461272810e-01 -1.047114320275017274e+00
-3.057260298758594885e+01 6.283865269455897185e-01 -1.574064998388097214e+00 6.283865269455897185e-01 -2.443092625116150174e+01 -1.366355926972362633e+00 -1.574064998388097214e+00 -1.366355926972362633e+00 -2.390112325408945537e+01
1.885700551094095445e+01 -7.209098880319300129e+00 -2.539875717232404018e+00 -7.209098880319300129e+00 5.671210894783221157e+00 5.937399371071086840e+00 -2.539875717232404018e+00 5.937399371071086840e+00 1.409784619189369437e+01
-1.062556349817124257e+01 3.268800324987879868e+00 6.780310565561999958e-01 3.268800324987879868e+00 -8.651099127476488349e+00 7.868950712698883354e-01 6.780310565561999958e-01 7.868950712698883354e-01 -8.586157016894228278e+00
-1.560404241385811019e+01 -5.065454024065951799e-01 1.823610846611976033e+00 -5.065454024065951799e-01 -2.266398697258789241e+01 4.978171206627325929e-01 1.823610846611976033e+00 4.978171206627325929e-01 -1.534357051897497470e+01
-3.660964812884541431e+01 4.474135986559544698e+00 -1.877337378367794241e+00 4.474135986559544698e+00 -2.225439456719254849e+01 -2.512842400261959153e+00 -1.877337378367794241e+00 -2.512842400261959153e+00 -2.069062459900889550e+01
1.810606241969700747e+01 -7.884318381784380492e+00 4.884879645287122152e+00 -7.884318381784380492e+00 1.621553413355535866e+01 -2.393912362509461822e+00 4.884879645287122152e+00 -2.393912362509461822e+00 1.329271204743275092e+01
6.821668925853405785e-01 9.323402649283790700e-02 6.320817904873410331e-02 9.323402649283790700e-02 2.309904166829164662e+00 -1.671009889050378491e-02 6.320817904873410331e-02 -1.671009889050378491e-02 1.508566319878807738e+00
-2.984534602728169261e+01 -4.545252355025256819e+00 1.140672356049117653e+00 -4.545252355025256819e+00 -2.260203299955254153e+01 -2.085043234397034428e+00 1.140672356049117653e+00 -2.085043234397034428e+00 -2.191535532049557844e+01
1.035991476200945449e+01 -4.826811673003327918e+00 -3.895283376332987935e+00 -4.826811673003327918e+00 1.826147495153722744e+01 3.254659781380239703e-02 -3.895283376332987935e+00 3.254659781380239703e-02 1.945015626721732005e+01
-9.988139439610689507e+00 1.431693299892225379e+00 4.667123279985139206e+00 1.431693299892225379e+00 -2.954129658148703541e+00 -3.998193631869833009e+00 4.667123279985139206e+00 -3.998193631869833009e+00 -9.778783785448672550e-01
1.132937138476411398e+01 2.957539848761829404e+00 3.078344107469855206e+00 2.957539848761829404e+00 7.102036646064846082e+00 -6.189293618047401191e-01 3.078344107469855206e+00 -6.189293618047401191e-01 1.126033235696956147e+01
-3.244487064201837967e+01 -1.060918828573439165e-01 5.199234426239754292e+00 -1.060918828573439165e-01 -9.758348867555001860e+00 8.254800687947180804e-02 5.199234426239754292e+00 8.254800687947180804e-02 -1.446865065462238142e+00
-1.639083433594205630e+01 4.719965243934131638e-01 -4.176148534186898686e-01 4.719965243934131638e-01 -1.231077804630925066e+01 -2.252309187166312565e+00 -4.176148534186898686e-01 -2.252309187166312565e+00 -9.788950391373145266e+00
1.150180474040844558e+01 -5.482849364466536590e-01 -1.407116127769302949e+00 -5.482849364466536590e-01 1.038583724640187000e+01 -1.514876282491266934e+00 -1.407116127769302949e+00 -1.514876282491266934e+00 1.052809502269958131e+01
-2.584066049610256144e+01 8.433376258423223026e-01 -1.306146560611036511e+00 8.433376258423223026e-01 -1.907262541390970512e+01 -1.522507867206393639e+00 -1.306146560611036511e+00 -1.522507867206393639e+00 -2.098570765370116931e+01
-2.061240591677051626e+01 -3.064918455025530619e+00 4.057225618676940648e-01 -3.064918455025530619e+00 -2.579955178358318335e+01 6.705844294030629982e+00 4.057225618676940648e-01 6.705844294030629982e+00 -9.795492045450050256e+00
-1.546127969011381886e-01 -5.434935405438298339e+00 -3.679250801903183987e+00 -5.434935405438298339e+00 2.239325463120737325e+01 -8.624819854387904883e+00 -3.679250801903183987e+00 -8.624819854387904883e+00 1.664142371134605014e+01
2.324082669109794441e+00 1.596189210002362469e+00 1.054209984109033771e+00 1.596189210002362469e+00 2.236011015141757152e+00 -6.285033405263957818e-01 1.054209984109033771e+00 -6.285033405263957818e-01 4.441176000092935117e-01
3.454036610816450548e+01 -1.244662568180953599e+01 -2.760636569466128343e-01 -1.244662568180953599e+01 3.175101505055193840e+01 -3.041484834158847850e+00 -2.760636569466128343e-01 -3.041484834158847850e+00 2.747657009634768244e+01
3.737805878355362932e+00 -2.327395191805849972e+00 -7.466506290152190584e-01 -2.327395191805849972e+00 3.764889898936509383e+00 -6.830664920966907916e-01 -7.466506290152190584e-01 -6.830664920966907916e-01 3.524085876691970931e+00
1.173799833651632163e+01 -8.787211196800646107e-01 5.266820935048307506e-01 -8.787211196800646107e-01 1.809359596970787365e+01 -1.169344502159356702e+00 5.266820935048307506e-01 -1.169344502159356702e+00 1.642580445565689828e+01
3.670750039866824022e+00 -3.189631587416584257e-01 -3.089760493035837441e-01 -3.189631587416584257e-01 -1.628790076518750185e+00 1.136826638372333553e+00 -3.089760493035837441e-01 1.136826638372333553e+00 1.402975598479764052e+00
-2.336302014841168528e+01 -1.275843885127930566e+00 1.366954793397206158e+00 -1.275843885127930566e+00 -1.710377002853902084e+01 1.119290153551680378e+00 1.366954793397206158e+00 1.119290153551680378e+00 -1.590438320071127620e+01
2.258857954289090131e+01 -8.246444421686272008e+00 -2.238602565863760940e+00 -8.246444421686272008e+00 2.239695972299043447e+01 -1.453769841154022545e-02 -2.238602565863760940e+00 -1.453769841154022545e-02 2.384011480913860481e+01
-1.075819901133830081e+00 -5.625064579520936192e+00 7.689477468813253891e-01 -5.625064579520936192e+00 2.416350743020824154e+01 -7.947370159514096422e+00 7.689477468813253891e-01 -7.947370159514096422e+00 4.754850465929671088e+00
-4.234355476214525460e+00 1.479051391597620446e+00 2.658430807790400419e+00 1.479051391597620446e+00 -3.632802617156470681e+00 5.969525886861674069e-01 2.658430807790400419e+00 5.969525886861674069e-01 -9.404533907055341757e+00
1.543131765478812367e+00 -7.024771002311663848e-01 1.731275564817689849e+00 -7.024771002311663848e-01 -1.573095145317194898e+01 3.884917451881879202e+00 1.731275564817689849e+00 3.884917451881879202e+00 -1.044973879148882823e+01
1.144613263584418128e+01 -2.080565513584531789e+00 -6.385276732532879640e-01 -2.080565513584531789e+00 1.045860093123190282e+01 2.542380719753484231e-01 -6.385276732532879640e-01 2.542380719753484231e-01 1.187987102654374283e+01
4.712180938349825432e+00 2.429098094152774223e+00 1.409168882688944802e+00 2.429098094152774223e+00 6.923115153979688685e+00 4.299410185751417757e+00 1.409168882688944802e+00 4.299410185751417757e+00 1.483871405385752063e+01
1.836547572001653705e+01 -8.391661263583090502e+00 1.876983474212815528e+00 -8.391661263583090502e+00 2.320944392631646380e+01 -2.523567325749144441e+00 1.876983474212815528e+00 -2.523567325749144441e+00 1.689217158685490716e+01
