-8.753003673209498459e+00 1.546453174350027160e+00 3.689839540946919516e-02 1.546453174350027160e+00 -1.449336432068704106e+01 4.908807914344633261e+00 3.689839540946919516e-02 4.908807914344633261e+00 -8.567744372554102483e+00
1.004922680519652545e+01 6.366087427344735872e+00 -1.456827241292321329e+00 6.366087427344735872e+00 1.860627117505415384e+01 3.700885535953096994e+00 -1.456827241292321329e+00 3.700885535953096994e+00 2.213395867238078196e+01
1.567074793053977899e+01 -3.372123847050189638e-01 2.608245945250434517e+00 -3.372123847050189638e-01 2.414854845495281666e+01 -1.849636551403829321e+00 2.608245945250434517e+00 -1.849636551403829321e+00 1.257447585028758752e+01
-1.614935528448860680e+01 -1.719998178704970959e+00 1.894606941350691187e+00 -1.719998178704970959e+00 -2.637972102065766578e+01 1.216513034339744115e+00 1.894606941350691187e+00 1.216513034339744115e+00 2.040059957592127660e+01
-1.606488180904642959e+01 1.239233951746185003e+00 1.320155803769774483e+00 1.239233951746185003e+00 -9.479500659736526558e+00 2.062418345920865370e+00 1.320155803769774483e+00 2.062418345920865370e+00 -4.080341423739699103e+00
1.516409334603672576e+01 8.892686061302769174e-01 -2.560622614996866386e-01 8.892686061302769174e-01 1.860574258064307784e+01 -1.473421736955341288e+00 -2.560622614996866386e-01 -1.473421736955341288e+00 2.810826400212235399e+01
-3.124166531280367920e+01 3.865926979553105713e+00 -1.622574441164818804e-01 3.865926979553105713e+00 -2.829047403894115931e+01 5.780211553044596329e-01 -1.622574441164818804e-01 5.780211553044596329e-01 -2.526432491500946753e+01
9.277915641967346971e+00 -7.108347042967650076e+00 1.845247685299668539e-01 -7.108347042967650076e+00 -2.761574856074367368e+00 -1.588115300712270583e-01 1.845247685299668539e-01 -1.588115300712270583e-01 2.831510852865315542e+01
-4.437905887240339631e+00 4.777610880702918728e+00 -5.127977607650913150e+00 4.777610880702918728e+00 2.785770665693293680e+01 6.282170887805921922e+00 -5.127977607650913150e+00 6.282170887805921922e+00 1.149260271362117614e+01
-1.295226330040514107e+01 -6.558380313343307177e-01 7.151770670395465324e+00 -6.558380313343307177e-01 -8.932625801866048931e+00 -1.482604834520144799e+00 7.151770670395465324e+00 -1.482604834520144799e+00 2.247841371415135114e+01
1.133686092315111438e+01 -5.884849578836596207e-01 1.171943311180300817e+00 -5.884849578836596207e-01 2.000171414215863663e+01 3.602735492563080122e+00 1.171943311180300817e+00 3.602735492563080122e+00 2.732255751653416453e+01
-5.563748222473977378e+00 4.922790562761682587e+00 -1.635207425661379776e+00 4.922790562761682587e+00 -1.276839125546145937e+01 1.848634189928282545e+00 -1.635207425661379776e+00 1.848634189928282545e+00 2.482808191703894352e+01
4.013771429934748225e-01 -8.005669358819105241e-01 -6.009288048455726505e-01 -8.005669358819105241e-01 5.287052585808295291e+00 -1.078741504145001695e+00 -6.009288048455726505e-01 -1.078741504145001695e+00 9.626172327852730248e+00
2.491453040841554767e+01 -4.618259473274029858e+00 -3.694106914732636859e+00 -4.618259473274029858e+00 1.327800106101437194e+01 3.464570168592310040e+00 -3.694106914732636859e+00 3.464570168592310040e+00 1.754062168868471616e+01
2.441844165445550630e+01 -4.039189028836138728e-01 1.290755011520790863e+00 -4.039189028836138728e-01 2.426641813401830916e+01 4.683347298342400933e+00 1.290755011520790863e+00 4.683347298342400933e+00 1.027063518315640067e+01
-2.190985426328862573e+01 1.952369948773505559e+00 -1.093789301241556045e+00 1.952369948773505559e+00 -9.119993182171354462e+00 -1.249821078262661755e+00 -1.093789301241556045e+00 -1.249821078262661755e+00 -1.364861792197703849e+01
-1.176878413204895857e+01 3.378628629584935261e+00 -4.134844957964557643e+00 3.378628629584935261e+00 -1.596235867205878023e+01 8.627454186810371572e-01 -4.134844957964557643e+00 8.627454186810371572e-01 -2.457482965807530562e+00
3.749002361210576950e+00 1.831407242481160491e+00 -6.548126307238454347e-01 1.831407242481160491e+00 2.191603820489526733e+00 2.266198254867489714e-01 -6.548126307238454347e-01 2.266198254867489714e-01 1.127802893681583285e+01
1.740739512630631225e+01 4.649609430087325634e+00 -5.338268503518446284e-01 4.649609430087325634e+00 2.106559968383843540e+01 -4.551801053676679309e+00 -5.338268503518446284e-01 -4.551801053676679309e+00 8.486865874628653827e+00
-3.450662499390607962e+01 1.691463823980638281e+01 7.638724867137532959e-01 1.691463823980638281e+01 2.107580772807641001e+00 -3.706089926675995905e+00 7.638724867137532959e-01 -3.706089926675995905e+00 -3.517567367043751148e+01
4.849492751353951192e+00 -1.139844863026983068e+00 1.059165564664015458e+00 -1.139844863026983068e+00 4.779173839119062350e+00 1.314795643848391649e+00 1.059165564664015458e+00 1.314795643848391649e+00 6.366066954180523041e+00
2.686108486526791950e+01 -1.421669478007441534e-01 -2.598111997450621158e-01 -1.421669478007441534e-01 2.304269235406674809e+01 5.965192813014963846e+00 -2.598111997450621158e-01 5.965192813014963846e+00 1.227300944041532205e+01
1.675328376254567075e+01 -1.385897402943910839e+00 2.183665680487441862e-01 -1.385897402943910839e+00 2.251798873478126950e+01 -1.038256377247038786e+00 2.183665680487441862e-01 -1.038256377247038786e+00 2.366673719607574711e+01
9.273622252120489184e-02 -3.101853576902478871e+00 -2.010936408952503474e+00 -3.101853576902478871e+00 6.092097614974197883e-01 5.000288844431565849e+00 -2.010936408952503474e+00 5.000288844431565849e+00 2.155855583785918128e+01
3.263325782169329159e+01 4.781211804821164257e+00 2.122370070714067580e+00 4.781211804821164257e+00 3.537281408224005474e+01 3.880266816069188884e-01 2.122370070714067580e+00 3.880266816069188884e-01 1.591514010407743740e+01
-2.103382432254633727e+01 4.478410980667456576e-01 1.585283393501216720e+00 4.478410980667456576e-01 -1.856187897688035271e+00 -8.113630087929186274e+00 1.585283393501216720e+00 -8.113630087929186274e+00 -1.534215169139319634e+01
1.625887131225136173e+01 -2.783032487293017443e+00 -5.494092069589319394e+00 -2.783032487293017443e+00 1.911794304093969288e+01 -2.255311344737152890e+00 -5.494092069589319394e+00 -2.255311344737152890e+00 1.695041709058950730e+01
-9.416166612910577882e+00 8.488638120410398891e-01 -2.021063513816242718e+00 8.488638120410398891e-01 -1.800526982447294699e+01 -5.253054627780119112e+00 -2.021063513816242718e+00 -5.253054627780119112e+00 -5.512634364304705770e+00
1.929747212743982487e+01 2.486445798977121868e-01 -6.147851843807206063e-01 2.486445798977121868e-01 1.500316787300020849e+01 6.622455529584757805e+00 -6.147851843807206063e-01 6.622455529584757805e+00 8.644187920223028954e+00
-2.308328027248767178e+00 6.777802494407728418e+00 -1.270613485698657730e+00 6.777802494407728418e+00 8.810112893012185253e+00 1.195631961776387753e+00 -1.270613485698657730e+00 1.195631961776387753e+00 -6.151683641208002262e-01
1.153806419072349598e+01 -1.479371134450743863e+00 6.770954240601771978e-01 -1.479371134450743863e+00 3.078335337351030709e+00 -2.042774276292679936e+00 6.770954240601771978e-01 -2.042774276292679936e+00 2.801897913889227709e+00
3.691278475578724283e+01 1.882810899814100214e+00 2.160010343059343807e+00 1.882810899814100214e+00 2.455047147052600209e+01 7.790970865983558369e+00 2.160010343059343807e+00 7.790970865983558369e+00 2.372992883577624568e+01
1.237227273136604921e+01 2.313039466209838579e+00 6.496371280539206872e+00 2.313039466209838579e+00 3.700076106936265319e+00 2.809709568539900726e+00 6.496371280539206872e+00 2.809709568539900726e+00 -1.404219124128824348e+01
2.700114765080896539e+00 -5.471052757710581638e-01 8.905921734765264164e-01 -5.471052757710581638e-01 7.514882300379716717e+00 -1.299990592142606927e+00 8.905921734765264164e-01 -1.299990592142606927e+00 9.052355185150929628e+00
2.092983710027058741e+00 2.235337790648022516e+00 2.989154186200961849e+00 2.235337790648022516e+00 1.618238137592719283e+01 3.644217327867771417e+00 2.989154186200961849e+00 3.644217327867771417e+00 -2.307456242202418650e+01
2.756175107096030530e+00 -2.957950936255855923e-01 -1.058401503003639554e+00 -2.957950936255855923e-01 9.556064863653842778e+00 -1.072556252747997929e+00 -1.058401503003639554e+00 -1.072556252747997929e+00 9.031440001078001600e+00
8.337995662862919488e+00 9.038129262421866983e+00 -2.725800817869358239e-01 9.038129262421866983e+00 4.205610670497990533e+00 3.025960917924824578e+00 -2.725800817869358239e-01 3.025960917924824578e+00 3.643575945952460415e+01
2.322834513580383131e+01 -3.430667038283893522e+00 -1.572732121051521492e+00 -3.430667038283893522e+00 3.462185349669213252e+01 3.873483132013294750e+00 -1.572732121051521492e+00 3.873483132013294750e+00 1.648914366175829649e+00
9.474974411483709780e-01 -3.214484487705890903e-01 -2.134653538569842302e-01 -3.214484487705890903e-01 6.760970121558647961e+00 -3.710946739572871245e-01 -2.134653538569842302e-01 -3.710946739572871245e-01 1.069901704098708883e+01
3.940696485937569804e+01 -2.514725068225699633e+00 -4.705455479112387596e-01 -2.514725068225699633e+00 3.250623642812434611e+01 -3.014500490751673034e+00 -4.705455479112387596e-01 -3.014500490751673034e+00 2.350604191412732646e+01
3.691278475578724283e+01 1.882810899814100214e+00 2.160010343059343807e+00 1.882810899814100214e+00 2.455047147052600209e+01 7.790970865983558369e+00 2.160010343059343807e+00 7.790970865983558369e+00 2.372992883577624568e+01
2.590647691567457045e+01 -1.353564210259806000e+00 -1.516136840723395718e+00 -1.353564210259806000e+00 3.196423749314880070e+01 -5.138934018654116587e-01 -1.516136840723395718e+00 -5.138934018654116587e-01 1.313316436305035850e+01
2.970416297303120512e+00 -2.998054088935965034e+00 5.813397589116900410e-02 -2.998054088935965034e+00 -6.861874660318545427e-01 -8.542196423068565414e-02 5.813397589116900410e-02 -8.542196423068565414e-02 -5.019164214425883230e+00
1.476770770323208382e+01 -1.362421098518962648e+00 8.480959501451951210e-01 -1.362421098518962648e+00 9.823668222378689308e+00 3.362581861948501061e+00 8.480959501451951210e-01 3.362581861948501061e+00 1.308312379897155608e+01
2.269715710833743927e+01 4.266131031433837428e+00 -4.119090161649738846e+00 4.266131031433837428e+00 1.051566510238869512e+01 -6.273259378070924486e-01 -4.119090161649738846e+00 -6.273259378070924486e-01 3.679462006498600601e+01
6.428237678562011281e-02 1.680785597922092034e+00 1.381174060359207090e+00 1.680785597922092034e+00 3.235216629532376764e+00 3.519664413032928429e+00 1.381174060359207090e+00 3.519664413032928429e+00 -1.055558900797204558e+01
1.788098322361091519e+01 -1.251547860961305547e+00 -4.474477074700145551e-01 -1.251547860961305547e+00 1.912849164992964646e+01 -1.838582209555101876e-01 -4.474477074700145551e-01 -1.838582209555101876e-01 2.641293047069710198e+01
1.045121241110688892e+01 -1.167774800399852264e+00 -2.383874125640719654e+00 -1.167774800399852264e+00 3.354321694224129402e+00 -2.224463348675545404e+00 -2.383874125640719654e+00 -2.224463348675545404e+00 5.375658492133496225e+00
3.691278475578724283e+01 1.882810899814100214e+00 2.160010343059343807e+00 1.882810899814100214e+00 2.455047147052600209e+01 7.790970865983558369e+00 2.160010343059343807e+00 7.790970865983558369e+00 2.372992883577624568e+01
1.646431990503041476e+01 -3.898974941274293560e-01 6.700380506430271277e-01 -3.898974941274293560e-01 7.443045892502711425e+00 -1.245449094571766446e+00 6.700380506430271277e-01 -1.245449094571766446e+00 1.513281264362250766e+01
