1.832432787110777994e+01 2.532670896297586349e+00 8.249031139567701842e+00 2.532670896297586349e+00 -3.668141305130406149e+00 6.120649839149381322e+00 8.249031139567701842e+00 6.120649839149381322e+00 3.184665407143086657e+00
1.105033385189780049e+01 5.736704413955743931e+00 3.796202640774384740e+00 5.736704413955743931e+00 1.833317993445985294e+01 2.037865435024096783e+00 3.796202640774384740e+00 2.037865435024096783e+00 -5.323824597825438154e+00
1.093982748033527486e+01 -2.656524599984942281e+00 4.823492508564591330e-01 -2.656524599984942281e+00 1.571128485817168041e+01 -3.194030419576795232e+00 4.823492508564591330e-01 -3.194030419576795232e+00 2.213260307866817200e+01
-2.568723691115154040e+01 -4.050434444775025788e+00 -4.164839292035489748e+00 -4.050434444775025788e+00 -1.273575553959617501e+01 -2.842052527643390114e+00 -4.164839292035489748e+00 -2.842052527643390114e+00 -7.630981861084363826e-01
-7.402366991526261764e+00 -5.909793255117332222e+00 5.335876237562074742e+00 -5.909793255117332222e+00 -2.170122134387223056e+01 4.441196950208839311e+00 5.335876237562074742e+00 4.441196950208839311e+00 1.492880341639387431e+01
-1.528140892613608770e+01 1.734488773972786835e-01 -1.455262908602747540e+00 1.734488773972786835e-01 -2.608770279761478239e+00 -3.457867803187706812e+00 -1.455262908602747540e+00 -3.457867803187706812e+00 6.232197431460441805e+00
-1.766701708591055464e+01 -2.573247988356087701e-01 -2.248284107543708554e+00 -2.573247988356087701e-01 -1.574592519706583893e+01 1.887698971924520075e+00 -2.248284107543708554e+00 1.887698971924520075e+00 -3.615410208502398604e+01
1.209176228854507862e+01 7.982297514765097191e+00 3.628523482061851269e+00 7.982297514765097191e+00 3.829656683822496355e+00 8.944723048565847989e+00 3.628523482061851269e+00 8.944723048565847989e+00 2.344781763065805880e+00
1.749021115622473488e+01 -3.845507464900062455e+00 -2.239422545469190950e+00 -3.845507464900062455e+00 1.744885344243913394e+01 -1.387928700810332483e+00 -2.239422545469190950e+00 -1.387928700810332483e+00 2.607441982938969716e+01
1.512236108294116832e+01 -2.261380226184352527e+00 -1.071847632240421788e+00 -2.261380226184352527e+00 1.136551907409218920e+01 1.191036315991599315e+00 -1.071847632240421788e+00 1.191036315991599315e+00 1.844026367760109153e+01
-3.367077556231279800e+01 -1.175470699386194973e+00 1.543924400729174140e+00 -1.175470699386194973e+00 -2.655328052021301843e+01 -1.251425300121998152e+00 1.543924400729174140e+00 -1.251425300121998152e+00 -4.136501419551152736e+01
-2.451000617966703032e+01 -9.467798663415813998e-01 1.763956084455132745e+00 -9.467798663415813998e-01 -1.482091623220154730e+01 -7.678348247156918660e+00 1.763956084455132745e+00 -7.678348247156918660e+00 1.893228197471286567e+00
2.324516021491379902e+01 7.548256320705005962e+00 4.807002251043375196e+00 7.548256320705005962e+00 2.086188268358508324e+01 -5.649471598430786390e-01 4.807002251043375196e+00 -5.649471598430786390e-01 3.334394134281427569e+01
-3.911167257954810239e+00 -2.989958391557257844e+00 1.572753835847210846e+00 -2.989958391557257844e+00 1.828933174516866700e+01 -4.598606816737821568e+00 1.572753835847210846e+00 -4.598606816737821568e+00 1.982606146575241723e+01
1.627720194124707476e+01 1.471762750870943270e-01 1.145482378627212583e+00 1.471762750870943270e-01 1.310347336164996790e+01 4.099585694844921413e+00 1.145482378627212583e+00 4.099585694844921413e+00 4.228571745380431679e+00
1.416462973366002132e+01 -4.350099232305637109e+00 -6.416285691285097403e-01 -4.350099232305637109e+00 -3.202514834704968560e+00 6.761833788771056675e+00 -6.416285691285097403e-01 6.761833788771056675e+00 -3.157367825793891924e+01
5.214469965724647382e-01 7.693322651640635890e+00 6.094030464922099100e+00 7.693322651640635890e+00 -6.131494227453215373e+00 6.879911237328386608e-01 6.094030464922099100e+00 6.879911237328386608e-01 -2.221232241918914596e+01
-3.012600215849815299e+01 2.125956783937638317e+00 2.386821078230943360e+00 2.125956783937638317e+00 -2.094924732676251722e+01 -2.390849029775586665e+00 2.386821078230943360e+00 -2.390849029775586665e+00 -2.356991474420843957e+01
5.187576415006846631e+00 -3.106918123168116441e+00 -2.648084690340556602e+00 -3.106918123168116441e+00 -4.112504869448281752e+00 2.869900728925459887e+00 -2.648084690340556602e+00 2.869900728925459887e+00 -1.066686855203795936e+01
3.130630020152244342e+01 4.158733320598080319e+00 -1.230777447628691457e+00 4.158733320598080319e+00 3.834956523861782784e+01 -7.451515405270863202e-01 -1.230777447628691457e+00 -7.451515405270863202e-01 1.803554403563009245e+01
1.584455320134141409e+01 3.013231840705337561e+00 5.257748808852071853e+00 3.013231840705337561e+00 1.819128603601874872e+01 -1.131135125114182571e+00 5.257748808852071853e+00 -1.131135125114182571e+00 2.750135597456432635e+01
-5.263746216411923307e+00 5.954296975190064956e+00 -5.626205545417969134e+00 5.954296975190064956e+00 1.427473873432342444e+00 -2.005613740904878650e+00 -5.626205545417969134e+00 -2.005613740904878650e+00 -6.510438021417365384e+00
5.117767347169678516e+00 9.495505806939855020e+00 4.528692057710173025e+00 9.495505806939855020e+00 7.959422164796913890e+00 -5.223762477117696257e+00 4.528692057710173025e+00 -5.223762477117696257e+00 2.652139699426689745e+01
-7.942271299254807460e+00 -7.800075292872496568e+00 -4.895672339745795298e+00 -7.800075292872496568e+00 -1.415821940714472760e+01 -1.345961331692340890e+00 -4.895672339745795298e+00 -1.345961331692340890e+00 -2.837604041678508082e+01
-1.350993617101548061e+01 -1.098342844771975635e+00 -2.094941334770771491e+00 -1.098342844771975635e+00 -8.827314439260772971e+00 -1.811247610543648967e-01 -2.094941334770771491e+00 -1.811247610543648967e-01 -3.793698616138698299e+00
6.801424276180525474e+00 -3.539840533828089608e+00 -5.684721471258943559e+00 -3.539840533828089608e+00 1.981132583853219131e+01 -1.885266186425172408e-01 -5.684721471258943559e+00 -1.885266186425172408e-01 1.924407875277734803e+01
-1.010198055623906654e+01 -3.204906980737628253e+00 -1.555037823232288785e+00 -3.204906980737628253e+00 -1.999581358889667015e+01 6.732859733367900112e+00 -1.555037823232288785e+00 6.732859733367900112e+00 -2.144629963557818542e+01
-8.852470749081790657e+00 5.836592705235577050e+00 2.531236923157624830e+00 5.836592705235577050e+00 -3.017093796573107056e+00 3.280367387568233539e+00 2.531236923157624830e+00 3.280367387568233539e+00 7.436684614864318199e+00
3.133844629001102078e+01 -7.846129406220342162e+00 5.945368158964511096e+00 -7.846129406220342162e+00 3.264861935051094832e+01 4.107415413638533686e+00 5.945368158964511096e+00 4.107415413638533686e+00 3.159123177057855614e+01
-1.491955686152830296e+01 -8.660501598315768490e+00 -5.992052884631975829e+00 -8.660501598315768490e+00 -5.195984982688999665e+00 -6.887314259893467572e+00 -5.992052884631975829e+00 -6.887314259893467572e+00 -1.172773693102313963e+01
1.126432706788400040e+01 3.119199956957918296e+00 3.919574460724921106e-01 3.119199956957918296e+00 2.868056481459192142e+01 -7.993863925944025617e+00 3.919574460724921106e-01 -7.993863925944025617e+00 2.613260535520570116e+01
-1.668023307501778518e+01 1.607782986361931510e+00 -1.694974531151533792e-01 1.607782986361931510e+00 -2.123308320299115337e+01 6.873425300975585239e-01 -1.694974531151533792e-01 6.873425300975585239e-01 -4.155260968941716015e+01
-2.079038914585263953e+01 5.248250679986780076e-01 9.280987572480797754e-01 5.248250679986780076e-01 -2.829845650476805119e+01 3.242355720355932558e+00 9.280987572480797754e-01 3.242355720355932558e+00 -4.566376658178378989e+01
-2.264636139341166299e+01 5.093056320294353512e+00 7.920935319191393376e+00 5.093056320294353512e+00 -2.430342730705696397e+01 2.274679296814194895e+00 7.920935319191393376e+00 2.274679296814194895e+00 -3.724874489607849171e+01
-4.556858632332390968e+00 3.520460894686034070e+00 -6.882243100491122756e-02 3.520460894686034070e+00 -1.057665220175577225e+01 1.536726766267584310e+00 -6.882243100491122756e-02 1.536726766267584310e+00 -2.754018787355312270e+01
-3.870183083366832477e+01 -2.852925291160108401e+00 -2.791881745228094180e-01 -2.852925291160108401e+00 -2.131932428292788373e+01 -4.957900110074620059e+00 -2.791881745228094180e-01 -4.957900110074620059e+00 -3.699251031449409055e+01
1.758941136227720037e+01 8.770631842618982432e+00 9.544323786132391518e+00 8.770631842618982432e+00 1.641556874221961948e+00 3.391309852225536936e+00 9.544323786132391518e+00 3.391309852225536936e+00 -1.259436925182244593e+01
-2.069395639299585810e+01 -5.608519305114146869e-01 -1.065564545712786026e+00 -5.608519305114146869e-01 -1.717585671910454792e+01 2.540193142318516895e+00 -1.065564545712786026e+00 2.540193142318516895e+00 -4.152733523284717876e+01
7.869164466843538985e-01 4.214905676138065438e+00 4.109564565105416456e+00 4.214905676138065438e+00 1.824272687256936010e+01 -1.588158997723040367e+00 4.109564565105416456e+00 -1.588158997723040367e+00 3.450805930854698289e+01
4.355459341376833216e+00 4.044325340827044646e-01 -2.672113518865044224e+00 4.044325340827044646e-01 -2.236576843978921314e+00 4.378538025890495455e-01 -2.672113518865044224e+00 4.378538025890495455e-01 2.571705037540381866e+01
2.032705846174942099e+00 -9.814042360496301853e+00 3.099424215505997449e+00 -9.814042360496301853e+00 3.271395273714051921e+00 -1.050433195015735510e+00 3.099424215505997449e+00 -1.050433195015735510e+00 -2.386643822192082709e+01
-2.156244232741107325e+01 -3.077765675090718300e+00 -6.246982290518554581e-01 -3.077765675090718300e+00 -8.318032120772507199e+00 -1.084038207995486752e-01 -6.246982290518554581e-01 -1.084038207995486752e-01 1.453963098552577904e+01
-1.366828057544847042e+01 1.276052895712238344e+00 6.319323226009315730e-01 1.276052895712238344e+00 -5.038762188068265147e+00 1.796078720729160638e+00 6.319323226009315730e-01 1.796078720729160638e+00 2.007957687427954951e+01
3.029650285465064741e+01 -1.316501492731877443e+00 -1.716232970029044402e+00 -1.316501492731877443e+00 2.453588655074645075e+01 2.098767532380836798e+00 -1.716232970029044402e+00 2.098767532380836798e+00 2.404593543757915342e+01
1.747266069285199208e+01 1.560276629651711877e+00 -2.383103759231404606e+00 1.560276629651711877e+00 1.159351505768940704e+01 4.400485803585811873e+00 -2.383103759231404606e+00 4.400485803585811873e+00 3.792089121528320339e-01
-8.617881869306247555e-01 -1.106034191197359240e+00 4.490431210230892312e+00 -1.106034191197359240e+00 -5.251616405562128165e+00 2.767125074120325934e+00 4.490431210230892312e+00 2.767125074120325934e+00 -3.790522424867206031e+00
2.674674030206114139e+01 4.980440609067059848e-02 -1.205454169721660307e+00 4.980440609067059848e-02 1.835255935356027024e+01 -7.596251309129032903e-01 -1.205454169721660307e+00 -7.596251309129032903e-01 1.679875542982416647e-01
1.843693203216277254e+01 8.093249092807349721e-01 -2.024727293068367129e-01 8.093249092807349721e-01 7.822110662608910303e+00 4.465564379632565917e+00 -2.024727293068367129e-01 4.465564379632565917e+00 6.777573932793628408e+00
-2.735554373379065485e+00 -1.392018461402288576e+00 1.075035617232460794e+01 -1.392018461402288576e+00 -5.735293956209343236e+00 4.359010215477930217e+00 1.075035617232460794e+01 4.359010215477930217e+00 -9.468511249263160678e-01
-2.425752905206186938e+01 -3.508559950319230847e+00 -3.630580946022741173e+00 -3.508559950319230847e+00 -3.182559408006402890e+01 3.636206404957879723e+00 -3.630580946022741173e+00 3.636206404957879723e+00 -4.712756236126033826e+01
