3.585177814950634811e+00 -1.409413920136460829e+00 -3.152067346267434789e-01 -1.409413920136460829e+00 -3.157340884820899252e+00 2.160186246046327696e+00 -3.152067346267434789e-01 2.160186246046327696e+00 6.425016506502826630e+00
2.145263695043684748e+01 -6.347033407069333499e-01 -2.438815419880181690e+00 -6.347033407069333499e-01 2.040283012063240875e+01 -6.591180267572853690e-01 -2.438815419880181690e+00 -6.591180267572853690e-01 2.329582015267487449e+01
3.989489119408029083e+00 3.372025368217025587e+00 2.339679442430213197e+00 3.372025368217025587e+00 5.580905877603362653e-01 8.700702479289648128e-01 2.339679442430213197e+00 8.700702479289648128e-01 2.340381603490261586e+00
-1.260825498117752197e+01 4.826303403844383055e+00 1.660916210981412400e+00 4.826303403844383055e+00 -1.839498399206710388e+01 -1.959491011694545426e+00 1.660916210981412400e+00 -1.959491011694545426e+00 -2.334774317022300760e+00
-2.256316095794341781e+00 7.086792201014981314e-03 1.887546218054729774e+00 7.086792201014981314e-03 -1.691468188727470512e+00 -3.977260859787936642e-01 1.887546218054729774e+00 -3.977260859787936642e-01 -2.534061413054140566e+00
-4.186078258119977136e+00 -3.646055461923508378e+00 -2.387439176031680876e+00 -3.646055461923508378e+00 1.363369494858200470e+00 -1.846272960147955944e+00 -2.387439176031680876e+00 -1.846272960147955944e+00 -8.956559022761920730e+00
1.347339448376788429e+00 6.858036998862420575e+00 1.320131550026482969e+00 6.858036998862420575e+00 -2.549527824435630641e-01 2.413081964177274941e+00 1.320131550026482969e+00 2.413081964177274941e+00 -7.627966731200302775e+00
7.963589518684690560e-01 4.207360507725647736e+00 3.760995243234243279e+00 4.207360507725647736e+00 -3.593668871634792872e+00 1.098673921591353020e+00 3.760995243234243279e+00 1.098673921591353020e+00 -9.368236815312863897e+00
-3.484886747316771505e+00 -2.193527062253679105e+00 -1.451433802568442566e+00 -2.193527062253679105e+00 -4.024609288585045519e+00 -1.519094905595745670e+00 -1.451433802568442566e+00 -1.519094905595745670e+00 4.363685182891116732e+00
3.331756544086400318e+00 3.015072798558883438e+00 1.005374452970348553e+00 3.015072798558883438e+00 -1.022756623219562044e+01 5.502004119583124186e+00 1.005374452970348553e+00 5.502004119583124186e+00 7.651469486585277480e+00
-7.145836272773649966e+00 1.704348179049213652e+00 9.754870182892802499e-02 1.704348179049213652e+00 -7.037989415980138830e+00 7.806816272579067961e-01 9.754870182892802499e-02 7.806816272579067961e-01 -7.122487037357725370e+00
9.036939696420066781e+00 -7.612236419172492274e-01 -1.198591496588674588e+00 -7.612236419172492274e-01 7.178727638420526524e+00 -3.430543920045471817e-01 -1.198591496588674588e+00 -3.430543920045471817e-01 1.041514746873114916e+01
-2.902887141689948880e+00 -1.475693176216543057e+00 9.249154762422767684e-01 -1.475693176216543057e+00 -3.297461973263110302e+00 3.064570771241111879e-01 9.249154762422767684e-01 3.064570771241111879e-01 -5.232796091437012187e+00
8.269221451864494199e+00 -7.887103975083546992e-01 -2.712871286569300544e+00 -7.887103975083546992e-01 -1.085530233224800689e+00 2.064995571212222103e+00 -2.712871286569300544e+00 2.064995571212222103e+00 2.741203340643007191e+00
-8.127687515483554392e+00 1.837700021588190458e+00 7.402558265939268578e-01 1.837700021588190458e+00 -1.176876396293964433e+01 -2.212142697885513876e+00 7.402558265939268578e-01 -2.212142697885513876e+00 -7.163419820704911345e+00
-7.361013353012236138e+00 6.793622341470171300e-01 -2.905469081946486232e-01 6.793622341470171300e-01 -4.624588591885120614e+00 -1.574939414712819730e+00 -2.905469081946486232e-01 -1.574939414712819730e+00 -5.883111593331741496e+00
1.207323706897637017e+00 -1.995517157432189048e+00 -3.472693803345917818e+00 -1.995517157432189048e+00 -1.077837378400744583e+01 4.517770398929083164e+00 -3.472693803345917818e+00 4.517770398929083164e+00 -6.469231581613654747e+00
-5.195794255801602368e-01 1.093754886465494014e+00 3.319255061805792550e+00 1.093754886465494014e+00 -1.280635929865200140e+00 1.445194111505234025e+00 3.319255061805792550e+00 1.445194111505234025e+00 3.060502617681003734e+00
-9.925260569193984139e+00 -4.189869639860166473e+00 -3.206387580568971440e+00 -4.189869639860166473e+00 -1.613549649585899104e+01 2.342191436751580813e+00 -3.206387580568971440e+00 2.342191436751580813e+00 -1.454669297551642870e+01
-8.525115552329346258e+00 5.320586465984415980e+00 5.131946843726369778e+00 5.320586465984415980e+00 -7.290323012314740225e+00 7.797440886529762860e-01 5.131946843726369778e+00 7.797440886529762860e-01 -5.348149578661746339e+00
-2.542366281734256273e+00 3.345323438423980722e+00 -6.810742261202288317e-01 3.345323438423980722e+00 -7.029434679975585354e+00 1.480898397398075161e+00 -6.810742261202288317e-01 1.480898397398075161e+00 -1.036761032330656285e+01
-6.500625235899374132e+00 2.600321266636338002e+00 1.479753572038408738e+00 2.600321266636338002e+00 -7.108399018871271124e+00 -1.866834767753581037e+00 1.479753572038408738e+00 -1.866834767753581037e+00 4.998967459263564450e+00
2.053067432351951105e+00 7.001365667804458681e+00 2.442852537846354366e+00 7.001365667804458681e+00 -3.813755941999228849e+00 2.010681438862760739e+00 2.442852537846354366e+00 2.010681438862760739e+00 -6.585498506779399186e+00
1.604333018158910384e+00 -1.150807288319557253e+00 -1.543521126447391145e+00 -1.150807288319557253e+00 -4.542552487181834131e+00 4.055936116731293950e+00 -1.543521126447391145e+00 4.055936116731293950e+00 -1.816105657346914315e+00
-4.672166833624003424e+00 -1.451751777302570309e-02 1.506014432704280592e+00 -1.451751777302570309e-02 3.956845119884656370e+00 -2.350173880319020192e+00 1.506014432704280592e+00 -2.350173880319020192e+00 -1.859233692480362909e-01
-8.616139801234284690e+00 -1.395273897998844159e+00 6.485146085350330658e-01 -1.395273897998844159e+00 -4.197969365954174137e+00 1.001458707473188658e+00 6.485146085350330658e-01 1.001458707473188658e+00 -3.045707979623043515e-01
-2.496425192094058332e+00 4.958793040835227650e-01 2.360713605987279917e-01 4.958793040835227650e-01 4.981202502205899663e+00 -4.553279283311375991e+00 2.360713605987279917e-01 -4.553279283311375991e+00 -1.928664415281274025e-01
-1.761483058245786282e+01 -6.021066524116291063e+00 -6.112093068853204691e+00 -6.021066524116291063e+00 -1.226657693383731740e+01 -1.151422900922497661e+00 -6.112093068853204691e+00 -1.151422900922497661e+00 -2.513615639669328772e+01
5.504203635328224209e-01 6.078313695912457293e-01 1.300611183864337272e+00 6.078313695912457293e-01 2.644735387128384740e+00 -4.183627051490955151e-01 1.300611183864337272e+00 -4.183627051490955151e-01 -4.238522584850969110e+00
1.140617350388431994e+01 -3.972450568873476584e+00 -2.698861798835865855e+00 -3.972450568873476584e+00 1.239117496781970651e+01 -1.475833682836585892e+00 -2.698861798835865855e+00 -1.475833682836585892e+00 1.010717923963948550e+01
-5.525052078382881149e+00 -1.101928684734284847e+00 -4.160641615361131862e+00 -1.101928684734284847e+00 1.568678901907004430e+00 -2.817947717745378777e-01 -4.160641615361131862e+00 -2.817947717745378777e-01 4.380363262973901994e-02
2.204803881972956514e+00 4.968324100060380388e+00 1.715149913170870954e+00 4.968324100060380388e+00 -1.695614959316102288e+00 8.288983105613585423e-01 1.715149913170870954e+00 8.288983105613585423e-01 -1.782090322889138534e+01
-1.567951392632680196e+01 -8.741849414841926347e+00 -4.607459634663307213e+00 -8.741849414841926347e+00 -8.326616864093320913e+00 -3.925444575747443765e-01 -4.607459634663307213e+00 -3.925444575747443765e-01 -1.491392800807899377e+01
2.019914839013936259e-01 -3.774407856995270483e-01 1.224280397052957658e+00 -3.774407856995270483e-01 4.107859766302988547e+00 -6.355053163346130463e-01 1.224280397052957658e+00 -6.355053163346130463e-01 2.000829338915824263e+00
-4.278500403113683626e-01 -1.325679065866730566e+00 -1.494194845597232479e+00 -1.325679065866730566e+00 3.831639690864852010e-01 9.085064741639385932e-01 -1.494194845597232479e+00 9.085064741639385932e-01 4.052054720691700140e+00
-2.709486557165205589e+00 2.672252216618064224e+00 4.389693693405953390e+00 2.672252216618064224e+00 1.017950408945381824e+01 -6.284989645747556253e+00 4.389693693405953390e+00 -6.284989645747556253e+00 1.394633810653428085e+01
-5.611070714326543474e+00 -5.929196216033457922e+00 -2.947479268197287894e+00 -5.929196216033457922e+00 -2.939917775671116118e+00 -5.118075623863106216e+00 -2.947479268197287894e+00 -5.118075623863106216e+00 -6.629463905545823543e+00
1.641083826146037428e+00 -2.507435188648396984e-01 -4.236668559192928285e+00 -2.507435188648396984e-01 -1.599442258920545090e-01 2.889301678701805098e+00 -4.236668559192928285e+00 2.889301678701805098e+00 1.223133488438291394e+01
-5.876190359979360345e+00 -6.803107091352397440e+00 -3.294653840230413522e+00 -6.803107091352397440e+00 5.205686546585591046e+00 -3.709189508830220916e+00 -3.294653840230413522e+00 -3.709189508830220916e+00 4.036897921106427312e+00
3.007898447225069299e-02 5.417612537678573759e+00 3.943167017414503039e+00 5.417612537678573759e+00 -1.675523883673999126e-01 8.227975883598993567e-01 3.943167017414503039e+00 8.227975883598993567e-01 -5.888983801991681588e+00
-1.024350562359976013e+00 1.175364605777179161e+00 2.565069629396008466e-01 1.175364605777179161e+00 1.765264735311545374e+00 -2.280457049496588784e+00 2.565069629396008466e-01 -2.280457049496588784e+00 -8.186541006712174662e-01
3.216912796081089709e+00 -1.141575370747504703e+00 -1.451807366341091088e+00 -1.141575370747504703e+00 1.514692948449177345e+00 8.649430420906047967e-01 -1.451807366341091088e+00 8.649430420906047967e-01 4.394724143762169355e+00
8.112689288760568829e+00 -2.752417200049038226e-01 1.184387318505824904e+00 -2.752417200049038226e-01 7.793744627220887899e+00 -3.947377436479810875e-01 1.184387318505824904e+00 -3.947377436479810875e-01 7.157900252701763222e-01
6.146201176577872349e-01 -2.947173052648799363e-01 3.456800188315709566e-01 -2.947173052648799363e-01 2.834158484317256477e+00 -6.026724323618398715e-01 3.456800188315709566e-01 -6.026724323618398715e-01 -1.446426367771464605e+00
1.610578291754010349e+00 -8.342071696928776703e-02 1.862523551930156951e-01 -8.342071696928776703e-02 -1.002070910585898567e+01 3.222130768091476583e+00 1.862523551930156951e-01 3.222130768091476583e+00 -2.056355767412274993e+00
2.481316175032406335e+01 1.184318540244571949e+00 8.577522731868298944e-01 1.184318540244571949e+00 9.008224524745415351e+00 2.740259813452146087e+00 8.577522731868298944e-01 2.740259813452146087e+00 -6.499519164097117274e-01
2.139419010952938649e+01 9.371280146874610972e-01 1.324181555801302590e+00 9.371280146874610972e-01 2.593410994600554176e+01 -2.566919041799089474e+00 1.324181555801302590e+00 -2.566919041799089474e+00 3.301190924059938681e+01
4.815625881653105900e+00 1.423220464126851992e+00 1.153345158417958594e+00 1.423220464126851992e+00 -3.352389456386544175e+00 1.542552810096040172e+00 1.153345158417958594e+00 1.542552810096040172e+00 -4.357613655183187440e+00
-4.797020752741476990e+00 2.179852337850137989e+00 2.588921351001168603e+00 2.179852337850137989e+00 2.641893930581717065e+00 -1.187289158765603148e+00 2.588921351001168603e+00 -1.187289158765603148e+00 4.883143492811108377e-01
5.682719744521612881e+00 -1.191581508284816904e+00 -3.859016275819244779e+00 -1.191581508284816904e+00 4.248141888822882350e+00 1.048838268708174037e-01 -3.859016275819244779e+00 1.048838268708174037e-01 7.138150818287290811e+00
