-1.894940929702717547e-01 2.468460320074979120e-01 -8.752056982854162781e-01 2.468460320074979120e-01 7.581087097848360212e-01 -9.132611167322401968e-01 -8.752056982854162781e-01 -9.132611167322401968e-01 3.829086963391078458e-01
-4.856714967259188498e+00 -4.278993538934124929e-01 1.134223433241283496e+00 -4.278993538934124929e-01 -1.190880666714965130e+01 -4.760203436836075497e+00 1.134223433241283496e+00 -4.760203436836075497e+00 -6.287172535064478929e+00
7.063614245279569381e+00 -4.534592218716708700e-01 -1.440975637902321693e-01 -4.534592218716708700e-01 1.004879930808785460e+01 2.923171326395332503e+00 -1.440975637902321693e-01 2.923171326395332503e+00 7.306540505239800254e+00
1.168885169288237691e+01 4.847658544579603324e-01 -6.143691486786122535e-01 4.847658544579603324e-01 1.200400136784085170e+01 -4.656664502115885895e-01 -6.143691486786122535e-01 -4.656664502115885895e-01 1.130901442953366143e+01
1.472892599559895288e+01 1.850847132829397945e-01 3.283701609291130641e+00 1.850847132829397945e-01 1.309428972481709508e+01 2.407227041996626848e+00 3.283701609291130641e+00 2.407227041996626848e+00 1.171524976755414649e+01
-1.161771594153747422e+01 -7.211330582465432792e-01 -2.535980536991573775e+00 -7.211330582465432792e-01 -2.011683417194646140e+01 9.323527665768940320e-01 -2.535980536991573775e+00 9.323527665768940320e-01 -1.317293550174100147e+01
-2.691405241906815959e+01 5.834679908837385298e+00 2.241605216202764428e+00 5.834679908837385298e+00 -3.235417038600321860e+01 -9.321029697937998071e-01 2.241605216202764428e+00 -9.321029697937998071e-01 -2.503947596029813383e+01
-1.436966797896649695e+01 -3.452559848043468271e+00 -7.373397548484351693e-01 -3.452559848043468271e+00 -2.601507315576220236e+01 6.296164186536098439e-01 -7.373397548484351693e-01 6.296164186536098439e-01 -1.559061032836124561e+01
2.084389237199683009e+01 -3.001254532016514043e-01 -1.539388397699125832e+00 -3.001254532016514043e-01 1.420225249489962138e+01 4.015495596395655120e+00 -1.539388397699125832e+00 4.015495596395655120e+00 1.919043141332599589e+01
1.143075001175361471e+01 -2.018870451359360274e+00 1.342729513222021609e+00 -2.018870451359360274e+00 1.272179388026018998e+01 1.737402727093683152e+00 1.342729513222021609e+00 1.737402727093683152e+00 1.263407960067956992e+01
-9.353114145621731268e+00 -7.331339440162825127e+00 4.119661096127391620e-01 -7.331339440162825127e+00 1.090604342931361614e+01 -1.118612564085031957e+00 4.119661096127391620e-01 -1.118612564085031957e+00 -3.650960320498478406e+00
-1.810053370637569259e+01 2.799474133499687753e-02 -3.694356300220076328e+00 2.799474133499687753e-02 -1.884052670094683890e+01 -8.514399797427355532e-01 -3.694356300220076328e+00 -8.514399797427355532e-01 -1.722088733727397170e+01
-8.347985897959409485e+00 -1.203023947851697084e+00 -9.343734558543212998e-01 -1.203023947851697084e+00 -1.379834231232329422e+01 -2.101059552631292959e+00 -9.343734558543212998e-01 -2.101059552631292959e+00 -1.401826562802425435e+01
-1.195314800519178000e+01 5.501303507656410963e-01 1.355480177786498319e-01 5.501303507656410963e-01 -1.027503606535328373e+01 -4.621377034362467384e+00 1.355480177786498319e-01 -4.621377034362467384e+00 -5.146467174148313006e+00
-5.243642854147849697e+00 -1.184717613542005443e+00 3.726923748143183168e+00 -1.184717613542005443e+00 -6.800213303036790613e+00 -9.704095182732197511e-01 3.726923748143183168e+00 -9.704095182732197511e-01 1.880269578250711504e+00
-3.541324463329337480e+00 3.861491691048465569e+00 5.811949658598952517e+00 3.861491691048465569e+00 -1.350284618116020674e+01 -8.751194017964779581e-01 5.811949658598952517e+00 -8.751194017964779581e-01 -1.928534123852344706e+01
-8.921294189899445115e+00 -2.622080460911667465e+00 -1.928308770034024455e+00 -2.622080460911667465e+00 -8.695611860516988756e+00 1.200309323115148263e+00 -1.928308770034024455e+00 1.200309323115148263e+00 -4.472891364463693620e+00
9.133735190312147978e+00 -2.213367591075517463e-02 1.023389762773867284e+00 -2.213367591075517463e-02 6.088466630186514905e+00 6.216680699057229587e-02 1.023389762773867284e+00 6.216680699057229587e-02 6.887670310439216514e+00
8.240663641934064643e+00 1.033895475896885907e+00 9.850569496552129545e-01 1.033895475896885907e+00 9.332804594678323351e-01 1.299796244426885128e+00 9.850569496552129545e-01 1.299796244426885128e+00 6.569754723844238420e+00
-3.991931599592560609e+00 9.578934643805024907e-01 -8.042752013935265953e-01 9.578934643805024907e-01 -6.208469526629700752e+00 -1.288359565464880063e+00 -8.042752013935265953e-01 -1.288359565464880063e+00 -3.881677628729671703e+00
7.126353013692666494e+00 -6.683407796582309379e-02 -1.757037975756608361e+00 -6.683407796582309379e-02 1.368572298075276095e+01 8.849913086582132937e-01 -1.757037975756608361e+00 8.849913086582132937e-01 1.044978944709399826e+01
-3.287211226555595722e+00 -5.855383567641355924e+00 -4.556698131912769734e-01 -5.855383567641355924e+00 -8.329036811126909967e+00 6.139138674913009019e+00 -4.556698131912769734e-01 6.139138674913009019e+00 -7.997399457389311905e+00
-1.099298335584107811e+01 1.517310647306496563e+00 2.354240561818986333e+00 1.517310647306496563e+00 3.167565067348438568e+00 -1.103095497780590017e+00 2.354240561818986333e+00 -1.103095497780590017e+00 -3.287824755775213270e-01
-8.740716177732261727e+00 -9.966661053307236395e-01 3.789203253302066532e+00 -9.966661053307236395e-01 -9.994059622097351436e+00 -5.609757994764563716e-01 3.789203253302066532e+00 -5.609757994764563716e-01 -1.110436563611928840e+01
8.341674264871134170e+00 -5.397338671601195514e+00 1.529907428698955352e+00 -5.397338671601195514e+00 1.042249999905143021e+01 3.838762453015702292e+00 1.529907428698955352e+00 3.838762453015702292e+00 1.076813368685352224e+01
7.046731547800570539e+00 -6.069592715376267433e-01 -9.892255530644831207e-01 -6.069592715376267433e-01 7.727458076554366784e+00 7.252748063308125381e-01 -9.892255530644831207e-01 7.252748063308125381e-01 1.158385966087023000e+01
1.309031608014313974e+01 -3.595867159361020970e+00 -3.345247186728090849e+00 -3.595867159361020970e+00 -2.906233137780899756e-01 3.696824186386787225e+00 -3.345247186728090849e+00 3.696824186386787225e+00 1.187221845502229201e+00
1.032723712724071774e+01 -2.397598368618522047e-01 4.933024945105650705e-01 -2.397598368618522047e-01 3.042796242778768701e+00 1.115834313458933691e+00 4.933024945105650705e-01 1.115834313458933691e+00 2.708672888000447365e+00
-9.299561164428709503e+00 1.446556978309468389e-01 1.198898403934202800e-01 1.446556978309468389e-01 -8.537397885580421786e+00 1.584916319434297227e+00 1.198898403934202800e-01 1.584916319434297227e+00 -3.519835168737538655e+00
7.725741452493457118e+00 7.038841351211113651e-01 1.139241353759532061e+00 7.038841351211113651e-01 7.004507271868347651e+00 1.217718078787140445e+00 1.139241353759532061e+00 1.217718078787140445e+00 3.364980141460868879e+00
-1.073783919462270298e+01 1.368340198119669671e+00 -5.632423732647243719e-01 1.368340198119669671e+00 -7.942856177381556471e+00 -7.651926098582543245e-01 -5.632423732647243719e-01 -7.651926098582543245e-01 -8.612499439175032023e+00
-1.148414861339721149e+01 4.673105778199862392e+00 1.481985795959885444e+00 4.673105778199862392e+00 -5.418003513873514976e+00 -4.778817208944865058e+00 1.481985795959885444e+00 -4.778817208944865058e+00 -2.574096949287363323e+00
-1.248166519437272415e+00 -2.341756341840083522e+00 -1.435133519010420411e+00 -2.341756341840083522e+00 -7.319597077235953542e+00 1.575639179932067258e+00 -1.435133519010420411e+00 1.575639179932067258e+00 3.941724001109492725e+00
1.054913695298824905e+01 9.010368440282158886e+00 -7.213005549367462521e+00 9.010368440282158886e+00 8.918423287263154364e+00 -5.855711899205497950e+00 -7.213005549367462521e+00 -5.855711899205497950e+00 1.440931042219362546e+01
-6.871651305722824288e-02 1.487026221707794527e-01 -1.840306903541673311e-01 1.487026221707794527e-01 8.632972132565501500e-02 4.457369753695779035e-01 -1.840306903541673311e-01 4.457369753695779035e-01 1.996430095909461411e+00
2.069489303818725290e+01 -2.738175013791322332e+00 2.171874152312670336e+00 -2.738175013791322332e+00 1.848223575356762538e+01 7.415010506133202783e-01 2.171874152312670336e+00 7.415010506133202783e-01 1.947903354735628412e+01
-1.973934255741594157e+01 5.550866594559458633e+00 1.800922059782242401e+00 5.550866594559458633e+00 -1.743309659397226952e+01 -1.609920797602203857e+00 1.800922059782242401e+00 -1.609920797602203857e+00 -1.118093760747850851e+01
-8.200459643180440850e+00 6.523864722262984195e-02 -2.830035501169672063e+00 6.523864722262984195e-02 -1.891137612710091620e+00 2.300976496691550466e+00 -2.830035501169672063e+00 2.300976496691550466e+00 -1.138476370468040955e+01
8.549744850765788939e+00 2.487719840422330186e+00 1.650627472448352506e+00 2.487719840422330186e+00 4.562513204664770949e-01 -1.418632143477268182e+00 1.650627472448352506e+00 -1.418632143477268182e+00 9.855378805703637113e+00
-1.460003534588789620e+01 -6.815112768444351765e+00 4.809501851305626019e+00 -6.815112768444351765e+00 -1.232392751548175092e+01 -1.154255745020341895e+00 4.809501851305626019e+00 -1.154255745020341895e+00 -1.705540282728102497e+01
-6.031335618798549625e+00 4.627649281551368787e+00 2.062124468014320922e+00 4.627649281551368787e+00 -1.748621163113569299e+00 -1.578833312974501357e+00 2.062124468014320922e+00 -1.578833312974501357e+00 1.047044011065197067e+00
-1.058062056115688243e+01 -1.445996443786866203e+00 -2.210119499300562396e+00 -1.445996443786866203e+00 3.063281607011191010e+00 2.761334262712780152e+00 -2.210119499300562396e+00 2.761334262712780152e+00 -7.355324495426783571e+00
-1.013143422056643761e+00 4.862719888432788795e-01 -4.966453306001366030e-01 4.862719888432788795e-01 -2.068852369910723965e+00 3.355226268488270547e-02 -4.966453306001366030e-01 3.355226268488270547e-02 -1.212381232976951884e+00
2.732440357255054852e+00 2.966877642353928035e+00 -3.859144713934124393e+00 2.966877642353928035e+00 1.408716900638762759e+00 -4.663365427947189445e+00 -3.859144713934124393e+00 -4.663365427947189445e+00 5.679155532648722193e+00
-8.113097297507589900e+00 -4.782212578890652765e-01 1.088231262017947731e+00 -4.782212578890652765e-01 -1.473024943746153781e+01 -3.743996279807534577e+00 1.088231262017947731e+00 -3.743996279807534577e+00 -1.128802580368220099e+01
1.530457208535164759e-01 -1.620710858734604742e-01 -1.525007351786817233e+00 -1.620710858734604742e-01 -4.275307867859711841e+00 -1.430943550585457302e+00 -1.525007351786817233e+00 -1.430943550585457302e+00 -7.293494961084462602e+00
1.595658291724371125e+00 2.271514410835393960e+00 1.900357819075246812e-01 2.271514410835393960e+00 9.056474762135501066e+00 -7.945663158789517233e+00 1.900357819075246812e-01 -7.945663158789517233e+00 1.203248218494086785e+01
-1.432948411765354813e+00 1.660549570345887016e+00 4.300408649047112952e+00 1.660549570345887016e+00 5.406637148498243839e+00 1.305014180612977803e+00 4.300408649047112952e+00 1.305014180612977803e+00 1.247995166614120421e+01
-1.905012441979213733e+01 -2.657400529939842326e-01 6.145203256401804426e-01 -2.657400529939842326e-01 -1.749102265968057068e+01 -1.284412147822074690e+00 6.145203256401804426e-01 -1.284412147822074690e+00 -1.687245602092834318e+01
8.925719351881797436e+00 -1.829195804648382495e+00 3.275355534559024617e-01 -1.829195804648382495e+00 5.305472402596027592e+00 2.805275241029101085e+00 3.275355534559024617e-01 2.805275241029101085e+00 1.010120411553700492e+01
