-1.468244568065003719e+01 -6.175627709756395411e+00 -4.257025736125138238e+00 -6.175627709756395411e+00 -9.533479318684936032e+00 -2.569730524289222995e+00 -4.257025736125138238e+00 -2.569730524289222995e+00 1.090586119704159174e+01
1.366527716424075578e+01 7.300442663674745480e-01 2.014369211077071675e-01 7.300442663674745480e-01 1.323794212979241358e+01 -2.055626307978153378e+00 2.014369211077071675e-01 -2.055626307978153378e+00 1.286239684171483511e+01
3.748698057697205099e-01 -1.183135047484788149e+00 -7.179774779664275464e+00 -1.183135047484788149e+00 2.755589522716394679e+00 -8.141134543088094366e-01 -7.179774779664275464e+00 -8.141134543088094366e-01 -1.476104085143758304e+01
2.237971246128090286e+00 8.141902149162506319e+00 -2.390830403663784409e+00 8.141902149162506319e+00 -8.054954951729595081e+00 -8.543614075700158017e-02 -2.390830403663784409e+00 -8.543614075700158017e-02 -5.816764519358405217e+00
-1.281318172438209047e+01 -1.741408251228876436e+00 7.704354906283052140e-02 -1.741408251228876436e+00 -8.953816243954806353e+00 -2.492343039081940326e+00 7.704354906283052140e-02 -2.492343039081940326e+00 1.220471988219297366e+01
-3.274181569889530241e+00 4.089901763816770952e+00 -2.800042604977330374e+00 4.089901763816770952e+00 7.181790506596414936e+00 -3.161213301409348642e+00 -2.800042604977330374e+00 -3.161213301409348642e+00 -1.746275438889416165e+01
-1.124968714087825639e+01 -3.183926553702872697e-01 3.459417176569003605e+00 -3.183926553702872697e-01 -6.254560600541197779e+00 -3.982516101506533568e-01 3.459417176569003605e+00 -3.982516101506533568e-01 -9.933823768375940944e+00
3.403530024162656531e+01 1.612543505608470706e+00 7.780143646553634440e-01 1.612543505608470706e+00 2.366574515729942263e+01 1.806994722475171011e+00 7.780143646553634440e-01 1.806994722475171011e+00 1.244149973730326408e+01
9.476869561868669578e+00 -5.873625747994500657e+00 4.721064959025396135e+00 -5.873625747994500657e+00 -6.149741583672879486e+00 1.973500388623445900e+01 4.721064959025396135e+00 1.973500388623445900e+01 3.621540611127404929e+01
-6.947409970245800537e+00 -8.483851962394632906e+00 1.395662110565214276e+00 -8.483851962394632906e+00 -1.236670288255510286e+01 1.172203177627129778e+00 1.395662110565214276e+00 1.172203177627129778e+00 7.519604985884981829e+00
2.526532829652148493e+01 2.410002322672973651e+00 -2.467113349416514001e-01 2.410002322672973651e+00 2.952347190378265651e+01 -2.529536754043491875e+00 -2.467113349416514001e-01 -2.529536754043491875e+00 2.158934659997108341e+01
-4.736822511761306309e+00 -9.820538737921157946e+00 -1.674560696385837932e+00 -9.820538737921157946e+00 -1.463120207027743369e+01 1.518141766630653589e+00 -1.674560696385837932e+00 1.518141766630653589e+00 -1.059720730322754889e+01
-4.177007673927344200e+01 4.274185038715495821e+00 -1.879287441387348379e+00 4.274185038715495821e+00 -2.996092233284296213e+01 -1.476566395676994103e+00 -1.879287441387348379e+00 -1.476566395676994103e+00 -3.444588322772826672e+01
-6.276508441948594808e+00 1.112191216479397671e+00 7.776240816752646445e-01 1.112191216479397671e+00 -6.732010936497973219e+00 1.865701033797149577e+00 7.776240816752646445e-01 1.865701033797149577e+00 -3.437987473702750929e+00
-3.936767258957510673e+00 2.239043877754161915e+00 -6.207565203149941979e+00 2.239043877754161915e+00 1.175448929239816920e+01 -1.197995625919818252e+01 -6.207565203149941979e+00 -1.197995625919818252e+01 -8.710938006255835475e+00
-2.717136000561791320e+01 1.252088481968190781e+00 3.917115420365771872e+00 1.252088481968190781e+00 -1.933256238646733394e+01 -9.971147674095876212e+00 3.917115420365771872e+00 -9.971147674095876212e+00 -1.524364052117140567e+01
1.956825378829665496e+01 4.430770342397578609e+00 6.776378202499635517e-01 4.430770342397578609e+00 1.680583557893594104e+01 7.714017106155237613e+00 6.776378202499635517e-01 7.714017106155237613e+00 -3.869626514063128075e-01
4.260292854567397924e+00 -9.153490567501274544e-01 1.050566061789839217e-01 -9.153490567501274544e-01 3.339540324252958658e+00 -1.045394347079931174e+00 1.050566061789839217e-01 -1.045394347079931174e+00 1.052685544135041695e+01
3.407893068528653657e+01 2.456598887882549320e+00 -1.745870340882600624e+00 2.456598887882549320e+00 3.420702093355399853e+01 1.343698314978315933e+00 -1.745870340882600624e+00 1.343698314978315933e+00 2.231758625911023586e+01
3.692684465548186079e+00 -2.469408023968952204e+00 -1.134963190848109038e+00 -2.469408023968952204e+00 3.701254391340377925e+00 -5.558269174732476392e-01 -1.134963190848109038e+00 -5.558269174732476392e-01 -8.354931651741081211e+00
-7.142594201842946688e+00 6.857732482154907494e+00 4.570728805671834927e+00 6.857732482154907494e+00 -6.236756051195833983e+00 -2.416397009698523224e+00 4.570728805671834927e+00 -2.416397009698523224e+00 2.212836738437155226e+00
-1.938490713488834771e+01 6.285477552002318724e+00 3.005005862407858164e+00 6.285477552002318724e+00 -1.327251781152876298e+01 -4.782615156071583051e+00 3.005005862407858164e+00 -4.782615156071583051e+00 -2.380661629799684675e+01
3.302626715635393850e+01 -1.472372306948244258e+01 -4.593098626117436467e+00 -1.472372306948244258e+01 2.675306043975852432e+01 -2.763511354859806146e-01 -4.593098626117436467e+00 -2.763511354859806146e-01 1.249232361755619358e+01
1.012683207027469656e+01 5.535157014476916437e+00 -2.195471532856063224e+00 5.535157014476916437e+00 7.496357915240411174e+00 1.008071905655238298e+00 -2.195471532856063224e+00 1.008071905655238298e+00 1.863341698463263807e+00
-2.750081983740850688e+01 -5.421484784775617349e+00 -1.653102554327684937e+00 -5.421484784775617349e+00 -2.930683833863557908e+01 -1.020504505144373686e-01 -1.653102554327684937e+00 -1.020504505144373686e-01 1.949282260559438029e+01
3.093906883129544383e+01 1.039218613953401693e+01 -3.675891205390514838e+00 1.039218613953401693e+01 4.008714799555490060e+01 -5.063650135644355288e+00 -3.675891205390514838e+00 -5.063650135644355288e+00 -1.788102252409346860e-03
-1.495471017870764108e+01 7.680170374644301745e+00 -3.620017814497118902e+00 7.680170374644301745e+00 -2.930376027386735771e+01 5.294412145246997881e+00 -3.620017814497118902e+00 5.294412145246997881e+00 -1.985326269426522927e+01
1.565142324325252510e+01 9.697882498080121039e+00 1.479864850508302965e+00 9.697882498080121039e+00 1.586807892371379758e+00 8.923946746496216775e+00 1.479864850508302965e+00 8.923946746496216775e+00 8.428425981984858595e+00
-5.440448618551568138e+00 4.622220244802914380e+00 -3.098254201889200754e+00 4.622220244802914380e+00 -9.877040272289178802e+00 1.139280396417508667e+00 -3.098254201889200754e+00 1.139280396417508667e+00 -1.397169391683834938e+01
1.333329379066361042e+01 -9.997973998397934992e+00 -6.024941825589531952e+00 -9.997973998397934992e+00 -3.650515889121183633e-01 -6.750841362258833023e+00 -6.024941825589531952e+00 -6.750841362258833023e+00 1.905280490115756464e+01
3.311942078593656191e+01 2.379817108179588470e+00 -2.742524331621192801e-01 2.379817108179588470e+00 2.920557726976851498e+01 2.492784508383413478e+00 -2.742524331621192801e-01 2.492784508383413478e+00 -4.244136206841367276e+00
2.770268384349123281e+01 -2.528354307202101303e+00 1.297651860523716616e+00 -2.528354307202101303e+00 1.961418904199654278e+01 4.903854265605704477e+00 1.297651860523716616e+00 4.903854265605704477e+00 2.259869198255263711e+01
4.911532830306957642e+00 2.859561628837425040e+00 -3.014364043261616444e-01 2.859561628837425040e+00 1.269496111341552513e+01 2.446398408612171060e+00 -3.014364043261616444e-01 2.446398408612171060e+00 -3.217255778848687697e+01
6.829248082624745919e+00 1.574336955062546561e+00 -6.183997961040574864e+00 1.574336955062546561e+00 2.407290664580577655e+01 -7.157366405924355135e+00 -6.183997961040574864e+00 -7.157366405924355135e+00 1.615886503469970492e+01
7.113042407071676010e+00 -2.842339251849611781e+00 -3.232877292643149048e+00 -2.842339251849611781e+00 -2.244387842887439977e+00 -5.073248708762973180e+00 -3.232877292643149048e+00 -5.073248708762973180e+00 -1.678084354497314123e+01
1.558545678233453025e+01 1.181045732703213114e+00 -2.091714223888951896e-01 1.181045732703213114e+00 2.941360329366677462e+01 -2.610185166721619154e-01 -2.091714223888951896e-01 -2.610185166721619154e-01 3.096907344510869819e+01
-3.464062905438585460e+01 -1.181524323239925289e+00 -2.022087838221097167e-01 -1.181524323239925289e+00 -3.641262763784336443e+01 -7.288492160746606885e+00 -2.022087838221097167e-01 -7.288492160746606885e+00 8.014770335040504179e+00
9.373430210869136303e+00 5.076901151687690517e-01 3.899878893032177607e-01 5.076901151687690517e-01 7.971217590536714859e+00 -4.443000071319570310e+00 3.899878893032177607e-01 -4.443000071319570310e+00 -1.863209752396297603e+00
-2.370864042084008361e+00 2.334338618318982650e-01 -2.876231536743372619e+00 2.334338618318982650e-01 -1.583052785412510932e+00 1.279127876403093333e+00 -2.876231536743372619e+00 1.279127876403093333e+00 2.769987054252643333e+01
-8.091504034119695987e+00 1.391264065619485679e+00 -2.130881964428010367e+00 1.391264065619485679e+00 -2.028194554411843598e+01 -2.514111574812935679e+00 -2.130881964428010367e+00 -2.514111574812935679e+00 -3.372253063386042982e+01
3.685967887571921864e+01 7.585837571382019195e-01 -1.476019430771863483e+00 7.585837571382019195e-01 3.682446113577927349e+01 -1.867566678038455441e+00 -1.476019430771863483e+00 -1.867566678038455441e+00 1.893175584368510656e+01
3.585788848350975666e+00 -3.921941775363136928e-01 1.009551298432061373e+00 -3.921941775363136928e-01 6.800102214730111783e+00 -2.280488199067350674e+00 1.009551298432061373e+00 -2.280488199067350674e+00 -1.257972469582643704e+01
1.499938713674811197e+01 1.964840582962648963e+00 4.253349478484169666e+00 1.964840582962648963e+00 8.760765451990517150e+00 -2.375865828393237678e+00 4.253349478484169666e+00 -2.375865828393237678e+00 3.228404866114598804e+01
-2.592360966601881600e+01 2.175502043899572024e-01 -3.909789117642917144e+00 2.175502043899572024e-01 -1.525701197408541354e+01 1.673650718066522991e+00 -3.909789117642917144e+00 1.673650718066522991e+00 -1.914964914080814751e+01
2.593439324788353595e+00 -5.920585019310061980e+00 3.077492675774636144e+00 -5.920585019310061980e+00 -1.007449499041814533e+01 1.859710281704912260e+00 3.077492675774636144e+00 1.859710281704912260e+00 1.717707414021216650e+01
3.694123318699541869e+01 7.449804824472139764e+00 -9.111764706002308145e+00 7.449804824472139764e+00 1.740875343602980863e+01 5.221352238533672363e+00 -9.111764706002308145e+00 5.221352238533672363e+00 1.494181911469825863e+01
1.932292569561944973e+01 -6.991853776225965156e+00 2.751246788734155180e-01 -6.991853776225965156e+00 1.008748811881743102e+01 -1.064166058088989608e+01 2.751246788734155180e-01 -1.064166058088989608e+01 1.240144014940677408e+01
1.188271187538984641e+01 1.138666118804558591e+00 -3.026744970257760237e+00 1.138666118804558591e+00 7.890431991799598421e+00 -3.126130361591714202e+00 -3.026744970257760237e+00 -3.126130361591714202e+00 7.840237892926509300e-01
5.170041890870532342e+01 1.547224436021542182e+01 3.084488784969493747e+00 1.547224436021542182e+01 5.604714287153932872e+01 -2.057635741291092391e+00 3.084488784969493747e+00 -2.057635741291092391e+00 5.420092251191302068e+01
6.665699383596981775e+00 -5.628749452159508060e+00 1.202977949668261770e+00 -5.628749452159508060e+00 -5.930689376948202529e+00 2.651471840191089946e+00 1.202977949668261770e+00 2.651471840191089946e+00 -9.397553455667093658e+00
