1.970072552210588768e+01 1.959942287520357374e+00 -1.682836606219173081e+00 1.959942287520357374e+00 6.454300343885504887e+00 -6.119600896356983677e-01 -1.682836606219173081e+00 -6.119600896356983677e-01 1.989420004841894141e+01
-1.582080094984222285e+01 7.166498419840060308e+00 -1.017406478504738843e+01 7.166498419840060308e+00 -1.100078781043829146e+01 2.745626775116354334e+00 -1.017406478504738843e+01 2.745626775116354334e+00 -1.380063600040117855e+01
2.643007968594091595e-01 -2.318786242271585252e+00 2.793490322058657771e+00 -2.318786242271585252e+00 -1.286324805972220631e+01 -5.270789451604482423e+00 2.793490322058657771e+00 -5.270789451604482423e+00 8.133659299530242137e+00
2.297032623973353171e+00 5.282794969093087545e-01 -1.939786949765371693e+00 5.282794969093087545e-01 -1.106388052169512193e+00 2.393673594678840111e+00 -1.939786949765371693e+00 2.393673594678840111e+00 -1.198370598682747712e+01
5.493218817613416682e+00 -9.441212988274952922e-01 1.513684791718359124e+00 -9.441212988274952922e-01 3.541738329668920215e+00 -9.430701038047936136e-01 1.513684791718359124e+00 -9.430701038047936136e-01 7.110709618392634823e+00
-9.022783100246721810e-01 -1.027932659769437373e+00 3.242172304989703741e-02 -1.027932659769437373e+00 -2.583319421236141000e+00 -6.814874178971490337e-02 3.242172304989703741e-02 -6.814874178971490337e-02 -3.287766182927493119e+00
8.197869860943949760e+00 4.095826414737174126e+00 -3.501295521797579191e+00 4.095826414737174126e+00 -3.635914208509998247e+00 1.903991603281733003e+00 -3.501295521797579191e+00 1.903991603281733003e+00 -2.702409035210888710e+00
6.262700576328110280e+00 -5.461620661086697970e-01 3.161316944611025637e-01 -5.461620661086697970e-01 3.428740461512044480e+00 -1.370828949295775472e-02 3.161316944611025637e-01 -1.370828949295775472e-02 6.069589892544044574e+00
-4.395741592849806700e+00 -1.196052748317766534e+00 2.125064309556029318e+00 -1.196052748317766534e+00 -1.072932784935436645e+00 -6.785536760902323161e-01 2.125064309556029318e+00 -6.785536760902323161e-01 -1.030630730853388854e+01
1.182775463111380887e+01 1.555349853765033652e+00 1.942925240356934979e-01 1.555349853765033652e+00 9.257778139058100209e+00 -1.930302492134972736e+00 1.942925240356934979e-01 -1.930302492134972736e+00 8.999902678283895341e+00
7.014350787168902812e+00 2.664126108552952399e+00 -4.603573848233149524e-01 2.664126108552952399e+00 8.382049297283622025e+00 2.548213876264705524e-01 -4.603573848233149524e-01 2.548213876264705524e-01 4.756907947236743261e+00
8.019724059730796384e+00 -1.540817962580475875e+00 -1.057691574240404053e+00 -1.540817962580475875e+00 1.011411906315756859e+01 2.272328343062560041e+00 -1.057691574240404053e+00 2.272328343062560041e+00 2.915015712481754950e-01
1.212475847059762479e+01 8.450710804161987610e+00 -1.042132871197877453e+00 8.450710804161987610e+00 2.079198948118751389e+00 1.431006323172704153e+00 -1.042132871197877453e+00 1.431006323172704153e+00 2.938784207754653011e+01
-1.251260173936369069e-01 4.351269673401644056e+00 -1.161314024901247244e+00 4.351269673401644056e+00 -8.280983357702343284e+00 2.582952311515702259e+00 -1.161314024901247244e+00 2.582952311515702259e+00 -2.846024505024023910e+01
-5.200646209469979298e-02 2.341633167148790662e+00 3.584364231973838688e+00 2.341633167148790662e+00 -8.072520862017611876e+00 -1.276944793790111055e+00 3.584364231973838688e+00 -1.276944793790111055e+00 -7.683576707752932222e+00
3.898091416345679683e+00 -1.597438912947495071e+00 -2.324123106731727229e-01 -1.597438912947495071e+00 3.002541778288795093e+00 6.515024141093207488e-01 -2.324123106731727229e-01 6.515024141093207488e-01 -8.194599011442280201e+00
1.222990820120579514e+01 5.229448632011555631e+00 -3.777370898032102797e+00 5.229448632011555631e+00 1.865470931815111300e+01 6.846350927819321308e-01 -3.777370898032102797e+00 6.846350927819321308e-01 1.198856461814547991e+01
4.833058142606282637e+00 3.313640679374615150e+00 -7.466825765322110398e-01 3.313640679374615150e+00 -1.157297526028551538e+01 2.181646280242961033e+00 -7.466825765322110398e-01 2.181646280242961033e+00 7.282881287398534020e+00
1.711321525719151282e+01 2.829354853325582564e+00 -7.514669924808853319e-01 2.829354853325582564e+00 2.143631960513690871e+01 1.582198267908599743e+00 -7.514669924808853319e-01 1.582198267908599743e+00 -9.469177672714602423e+00
8.651428619829607314e+00 1.063204018619366487e+01 -5.440744532292129065e+00 1.063204018619366487e+01 1.543965204058686602e+01 8.533548434988041720e+00 -5.440744532292129065e+00 8.533548434988041720e+00 1.464493151657306491e+01
-1.485614146655898260e+01 -1.119561722186401820e+00 -2.544610239589001566e+00 -1.119561722186401820e+00 -1.264962979638562324e+01 1.892152849288750494e+00 -2.544610239589001566e+00 1.892152849288750494e+00 6.159077301008193395e+00
8.411153622530898488e+00 1.450548385785171535e+00 -3.826879085055467922e+00 1.450548385785171535e+00 9.329942895316309048e+00 2.314114389588791454e+00 -3.826879085055467922e+00 2.314114389588791454e+00 -1.461189006181655703e+00
-1.171595397599616284e+01 8.644505861329801477e-02 2.272377406579080550e-02 8.644505861329801477e-02 -1.301357911310969406e+01 6.269274795051539284e-01 2.272377406579080550e-02 6.269274795051539284e-01 2.249480471179515995e+00
9.994268139433604148e+00 3.276286542995087370e+00 -8.541910477183309425e+00 3.276286542995087370e+00 1.913342019533523697e+01 6.228656246697353183e+00 -8.541910477183309425e+00 6.228656246697353183e+00 2.190049984469041533e+01
1.212627437181175338e+01 -6.468039766323640194e+00 6.928018336270516997e+00 -6.468039766323640194e+00 1.262352539405192253e+01 3.897936326014224684e-01 6.928018336270516997e+00 3.897936326014224684e-01 -4.691071500576490472e+00
-1.074060804439845307e-01 1.682036277058593488e+00 -5.356121557021131796e-01 1.682036277058593488e+00 1.545798657014463284e+00 8.381980177478515204e-02 -5.356121557021131796e-01 8.381980177478515204e-02 -9.168482802672443199e+00
2.447740222897444085e+00 -9.554761629348808294e-02 2.867342101216611150e-01 -9.554761629348808294e-02 1.557341687191993840e+00 -9.607020259313416854e-01 2.867342101216611150e-01 -9.607020259313416854e-01 -4.440868939849081265e+00
7.593191971607003765e+00 -2.239989880392037058e+00 3.426056303277533299e+00 -2.239989880392037058e+00 4.590401444780859208e+00 -4.333688842019827625e+00 3.426056303277533299e+00 -4.333688842019827625e+00 1.406516113918974220e+01
6.347548097975053594e+00 -4.414297361448481283e+00 3.360698277060316652e+00 -4.414297361448481283e+00 1.825900025879889910e+01 -4.447585487544581717e+00 3.360698277060316652e+00 -4.447585487544581717e+00 -1.201408092291702268e+01
7.029528052740293020e+00 1.638750964396918697e+00 -2.110455875302487350e+00 1.638750964396918697e+00 1.151517524909931112e+01 -1.120279936408373755e+00 -2.110455875302487350e+00 -1.120279936408373755e+00 9.088073072585073353e-01
-8.473578660327524048e+00 -2.797681586182642732e+00 4.793456367250828798e+00 -2.797681586182642732e+00 -6.534628825445279787e+00 -1.875109437699961079e+00 4.793456367250828798e+00 -1.875109437699961079e+00 2.382812102490971640e+00
-1.302301123288562046e+01 -1.040890365427727282e+00 -1.399315956452846343e+00 -1.040890365427727282e+00 -1.057755223472946149e+01 9.227372560502509202e-01 -1.399315956452846343e+00 9.227372560502509202e-01 -2.534625639457337343e+01
5.272652158728185157e+00 1.751721930983490161e+00 -2.487057702560430350e+00 1.751721930983490161e+00 1.045039480629145068e+01 4.299458921106714904e+00 -2.487057702560430350e+00 4.299458921106714904e+00 7.191436356023031884e+00
-2.475920910275031694e+00 -4.845114710401496501e-03 -6.460010203923490790e-01 -4.845114710401496501e-03 -7.852430101946830110e-01 1.851867688547687241e+00 -6.460010203923490790e-01 1.851867688547687241e+00 -4.796312822670297571e+00
-2.162114915278879734e-03 -2.988424864810609094e+00 7.353549188731391517e+00 -2.988424864810609094e+00 -4.242547562238190850e-01 -8.539692261231399684e+00 7.353549188731391517e+00 -8.539692261231399684e+00 -3.082187016433240956e+01
1.300101200393476653e+01 -3.680056462764888181e+00 3.175444980790697258e+00 -3.680056462764888181e+00 7.172920853228105242e-01 -4.585005407683493961e-01 3.175444980790697258e+00 -4.585005407683493961e-01 6.759401618459442318e+00
1.829597062103496818e-01 -5.580474623611937801e+00 6.180916983083006855e-01 -5.580474623611937801e+00 3.386530383474794625e+00 -3.674140429309559863e+00 6.180916983083006855e-01 -3.674140429309559863e+00 6.637953425288792175e+00
4.310845386338487906e+00 -1.622723849707971233e+00 2.872776645183972466e+00 -1.622723849707971233e+00 6.812010349285928079e+00 -5.938997490999821771e+00 2.872776645183972466e+00 -5.938997490999821771e+00 -4.487963761180220779e+00
3.054338155866613036e+01 -4.027335806239146443e+00 3.610191616450726837e+00 -4.027335806239146443e+00 1.322896704807744328e+01 -3.262412400797413348e+00 3.610191616450726837e+00 -3.262412400797413348e+00 5.196607225892208026e-02
-2.042398641453340957e+01 1.782033424308614222e+00 3.707005263435557030e+00 1.782033424308614222e+00 -2.302085977806368433e+01 1.818263419060365815e-01 3.707005263435557030e+00 1.818263419060365815e-01 -1.065093128426460822e+01
4.281367431665517920e+00 -5.254704096441888961e-01 -1.165407671614937107e-01 -5.254704096441888961e-01 -1.640503890388234076e-02 9.966009389726413481e-01 -1.165407671614937107e-01 9.966009389726413481e-01 -1.835882812086273219e+01
-7.265946593724125435e+00 -3.358699536539480501e+00 3.616819552075235755e+00 -3.358699536539480501e+00 -1.619467647393765475e+01 -2.118316144935259882e+00 3.616819552075235755e+00 -2.118316144935259882e+00 -1.181176217105864801e+01
-1.622598738277001074e+00 -1.271332987630627409e+00 -7.885267408594429650e-01 -1.271332987630627409e+00 -1.001048825324995617e+00 1.335528945126967182e+00 -7.885267408594429650e-01 1.335528945126967182e+00 -3.690971675116553996e+00
-5.138118511824266044e+00 2.754664362557944557e+00 -1.255839083365757336e+00 2.754664362557944557e+00 2.710035439441563998e+00 1.522970885324145263e+00 -1.255839083365757336e+00 1.522970885324145263e+00 -2.763373169091315162e+01
2.295837903393406876e+00 8.291931860847160385e-01 -2.369568350505905752e+00 8.291931860847160385e-01 2.760611588849459341e+00 -2.916702971847920711e+00 -2.369568350505905752e+00 -2.916702971847920711e+00 -6.744322680142858850e+00
1.466838976442368470e+01 -1.887136591675688591e+00 5.492585225450911102e-01 -1.887136591675688591e+00 1.313273843274312291e+01 -1.217054949070584202e+00 5.492585225450911102e-01 -1.217054949070584202e+00 1.828702050760523834e+00
-1.132390383653243582e+01 -2.510059392296168923e+00 -2.345889782311233684e+00 -2.510059392296168923e+00 -1.107498545502413734e+01 2.894829376805699850e-01 -2.345889782311233684e+00 2.894829376805699850e-01 -2.477734959243252533e+01
-1.247153274815389778e+01 -8.300459951129157687e+00 2.139076961423540535e+00 -8.300459951129157687e+00 -1.402185857506704103e+01 -4.577361249936771515e+00 2.139076961423540535e+00 -4.577361249936771515e+00 -3.085622635945061631e+01
1.093168226968439294e+00 -1.317450673947665463e+00 3.970210449527898922e-01 -1.317450673947665463e+00 1.338694825047646031e+00 -1.822428794647255601e-01 3.970210449527898922e-01 -1.822428794647255601e-01 1.945038472803548135e+00
7.144775461881962109e+00 -9.747267075707712891e-01 -6.121642796100924544e-01 -9.747267075707712891e-01 7.503886038750755105e+00 8.421556149114031165e-01 -6.121642796100924544e-01 8.421556149114031165e-01 3.916398210221735177e+00
