3.004459405536223571e+01 1.446418890523720435e+01 -1.385523985522100432e+01 1.446418890523720435e+01 1.435512441387408167e+01 2.766435656376874164e+00 -1.385523985522100432e+01 2.766435656376874164e+00 2.262857241657074781e+01
2.369476358621414391e+01 1.099249807787729516e+01 -2.279093787849719277e+00 1.099249807787729516e+01 2.474211899523584179e+01 1.848868816000905024e+00 -2.279093787849719277e+00 1.848868816000905024e+00 1.380247292472567189e+01
3.527752024470383674e+01 5.524469495421163501e+00 3.463118541377633974e+00 5.524469495421163501e+00 3.638293185057322887e+01 -7.536513692738895376e-01 3.463118541377633974e+00 -7.536513692738895376e-01 3.019662464161014270e+01
1.310568976590797519e+01 -2.423014928150474923e+00 -1.813715809055554740e+00 -2.423014928150474923e+00 4.512550523148878057e+00 1.288032850247181216e+01 -1.813715809055554740e+00 1.288032850247181216e+01 -4.113971993524849324e+00
6.841720239575830931e+01 -3.686166162623615516e+00 1.971770559258578359e+00 -3.686166162623615516e+00 5.621663779251471027e+01 -8.587537918469225318e+00 1.971770559258578359e+00 -8.587537918469225318e+00 4.262437784416194120e+01
2.665955113955252287e+01 6.543583406343453035e+00 4.016857353474462045e+00 6.543583406343453035e+00 2.375611608278258657e+01 -4.620940018338868804e-01 4.016857353474462045e+00 -4.620940018338868804e-01 1.027767703625209172e+01
-9.563917243454901351e-01 4.845404550847399960e+00 3.222718294095706426e+00 4.845404550847399960e+00 -9.600285253285665732e+00 -3.460324549732550548e+00 3.222718294095706426e+00 -3.460324549732550548e+00 1.276521315335286122e+00
3.680339952248980495e+01 8.146067324294621326e-01 1.534085242605358612e-01 8.146067324294621326e-01 4.310090853518316578e+01 -7.304660324357179491e-01 1.534085242605358612e-01 -7.304660324357179491e-01 2.381849788518392685e+01
1.414356296422702997e+01 4.519136726581479913e+00 5.129636815070579559e-01 4.519136726581479913e+00 -1.078108156822253605e+01 -3.102724556479688367e+00 5.129636815070579559e-01 -3.102724556479688367e+00 -1.969611139395552613e+01
2.692413408427457355e+01 3.228283734695734264e+00 -8.853189068991014210e+00 3.228283734695734264e+00 2.815652976600914315e+01 1.997255322637227604e+00 -8.853189068991014210e+00 1.997255322637227604e+00 2.898760512623408658e+01
2.950685798494416545e+01 1.623950731142966564e-01 -1.158980025120895707e+00 1.623950731142966564e-01 1.912402752540534578e+01 -2.100839360302435566e+00 -1.158980025120895707e+00 -2.100839360302435566e+00 1.527675361076656735e+01
8.858107349948586062e+00 1.054579909681106109e+01 -1.503262970040289526e+00 1.054579909681106109e+01 1.324255871006855712e+00 -4.714446175542280848e+00 -1.503262970040289526e+00 -4.714446175542280848e+00 -8.926558404411018444e+00
1.736745939700500330e+01 -2.914096353833996123e+00 -6.100142177968349344e+00 -2.914096353833996123e+00 1.553365670266194698e+01 -7.200090730487306523e+00 -6.100142177968349344e+00 -7.200090730487306523e+00 -2.849313332985380920e-01
4.317928035069069637e+01 1.881086861122776843e-01 9.226731053807220029e-01 1.881086861122776843e-01 3.148103768856221762e+01 3.572356474990185049e+00 9.226731053807220029e-01 3.572356474990185049e+00 2.597285082904856068e+01
-2.510924953489440625e+01 4.850348088517387524e+00 -1.616613660351265969e+00 4.850348088517387524e+00 -1.526567743476368477e+01 -5.266936869856333026e+00 -1.616613660351265969e+00 -5.266936869856333026e+00 7.636332302661067217e+00
9.587164556119258663e+00 -9.273663389122111411e+00 -4.150743608461222145e+00 -9.273663389122111411e+00 4.071822155575534619e-01 4.130882353555184849e+00 -4.150743608461222145e+00 4.130882353555184849e+00 3.185475712387430036e+01
-1.715189630726635883e+01 -3.574184819928645673e+00 -1.633647946189320521e+00 -3.574184819928645673e+00 -2.336446329462810922e+01 -6.467178305802293359e+00 -1.633647946189320521e+00 -6.467178305802293359e+00 -8.957337659416669595e+00
5.038037145081187873e+01 -1.940444910757562313e+00 1.510359208593756497e+00 -1.940444910757562313e+00 6.162901172088410817e+00 -2.507278486753361069e+00 1.510359208593756497e+00 -2.507278486753361069e+00 1.747635401614756745e+01
6.179466452092917450e+00 1.267846424310816733e+00 -2.428260087347474006e+00 1.267846424310816733e+00 5.296921587219689975e+00 -1.766879578553353092e+00 -2.428260087347474006e+00 -1.766879578553353092e+00 -4.150614562275465325e+00
2.529778328403132903e+01 1.377854136553719355e+00 2.253884530925635843e-01 1.377854136553719355e+00 3.023340148387580584e+01 1.206668625820052299e+00 2.253884530925635843e-01 1.206668625820052299e+00 1.447096279552182274e+01
2.568889864128388822e+01 2.303173117011221016e-01 3.375142452391049819e+00 2.303173117011221016e-01 7.372288289812573225e+00 3.430120674195719088e-01 3.375142452391049819e+00 3.430120674195719088e-01 1.218434477634991531e+01
4.023687101074028760e+01 -1.268786496276242293e+00 1.620242966699318776e+00 -1.268786496276242293e+00 4.721441895063881589e+01 6.904875455257483141e-01 1.620242966699318776e+00 6.904875455257483141e-01 2.843786842403480364e+01
-1.465042440117550271e+01 1.383710715481110798e+00 2.282335030570009859e+00 1.383710715481110798e+00 -1.547567924163857001e+01 7.622303172365490376e+00 2.282335030570009859e+00 7.622303172365490376e+00 1.310866661999897786e+01
4.183962775190198613e+01 3.923904911010232532e-01 -1.554295055831525829e+00 3.923904911010232532e-01 3.881810947209602602e+01 -9.977985380018633554e-01 -1.554295055831525829e+00 -9.977985380018633554e-01 2.851622702391686914e+01
1.925396312935262699e+00 -3.522407431361023633e+00 -5.961459928539516895e+00 -3.522407431361023633e+00 8.011538782196341302e-01 -3.284376837150408068e+00 -5.961459928539516895e+00 -3.284376837150408068e+00 -2.886766333444552135e+00
1.382009862374688325e+01 -4.585927878803865099e+00 -9.621699335335961223e+00 -4.585927878803865099e+00 2.880374384741391580e+01 3.047955671591430882e+00 -9.621699335335961223e+00 3.047955671591430882e+00 3.902151129025227050e+01
9.395008312291235342e+00 -2.060755283265971016e+00 -9.186604386246827181e-01 -2.060755283265971016e+00 1.726429960440157174e+01 -3.989651271722891579e+00 -9.186604386246827181e-01 -3.989651271722891579e+00 -1.179180017676739567e+01
1.761002985618223349e+01 3.019632468153913840e-01 -5.582382227907479733e-01 3.019632468153913840e-01 9.697753223823617930e+00 3.353665141905488589e+00 -5.582382227907479733e-01 3.353665141905488589e+00 -4.477976366412366183e-01
1.446703076580724634e+01 3.750140648851158165e+00 -1.627711647162094044e+00 3.750140648851158165e+00 -1.034987156406458109e+00 -2.687248255039556000e+00 -1.627711647162094044e+00 -2.687248255039556000e+00 6.882065740716185154e+00
3.904247668534692650e+01 -1.198099664685441823e+01 4.878792298144426276e+00 -1.198099664685441823e+01 4.725637449092026543e+01 6.073465253095637451e+00 4.878792298144426276e+00 6.073465253095637451e+00 1.355244009364523095e+01
2.260705603297158106e+01 -1.722758056888761546e-01 -3.337171309028603261e+00 -1.722758056888761546e-01 2.539780600752170869e+01 -7.877983354721093123e-01 -3.337171309028603261e+00 -7.877983354721093123e-01 1.492423605167624068e+01
-1.459332105343530905e+01 -3.730815661463061428e+00 -5.604641497315992815e+00 -3.730815661463061428e+00 -7.412480242695037580e-01 7.545335520458947620e+00 -5.604641497315992815e+00 7.545335520458947620e+00 -1.196481583940837545e+01
1.698207296772688579e+01 -1.129583196607369056e+00 2.722438585455713600e+00 -1.129583196607369056e+00 7.667180415582400599e+00 -1.308259167629330477e+01 2.722438585455713600e+00 -1.308259167629330477e+01 4.316829084360239044e+00
3.184299286508861826e+01 1.387868542987724751e+01 1.123294483005355104e+01 1.387868542987724751e+01 2.234421832818620146e+01 -1.633577567800019503e+00 1.123294483005355104e+01 -1.633577567800019503e+00 8.493777306865533561e+00
2.356016711791842511e+01 -2.434928236515522926e+00 -1.097786431978688526e+00 -2.434928236515522926e+00 3.492885229918277190e+01 2.681529213375574372e+00 -1.097786431978688526e+00 2.681529213375574372e+00 1.288522533448942653e+01
3.763514762885213827e+01 7.622384328776314888e+00 2.541825909385909465e+00 7.622384328776314888e+00 3.606259894619940098e+01 1.118968189585840634e+01 2.541825909385909465e+00 1.118968189585840634e+01 3.314492361729202230e+01
9.880749972964384398e+00 1.823824154548666088e-01 4.985605358951940569e-01 1.823824154548666088e-01 1.760545373377720679e+01 -1.798647245522568161e+00 4.985605358951940569e-01 -1.798647245522568161e+00 5.639866735413328058e+00
1.872656290921424604e+00 -3.955402244661848865e+00 -2.968878979477632463e+00 -3.955402244661848865e+00 8.942717845856700265e+00 8.168607815799159289e-01 -2.968878979477632463e+00 8.168607815799159289e-01 2.901385161817369163e+00
2.798594204249414474e+01 -1.075885080887408130e+01 -2.933918225297700744e+00 -1.075885080887408130e+01 2.779935276557251100e+01 -9.543807467346455908e+00 -2.933918225297700744e+00 -9.543807467346455908e+00 1.835376016659158083e+01
1.797967924179597432e+01 3.829605688125605312e+00 -1.232248298110241835e+00 3.829605688125605312e+00 2.696864986270131048e+00 -6.086094282475208672e+00 -1.232248298110241835e+00 -6.086094282475208672e+00 6.512878946742969966e+00
-1.442055204904562515e+01 9.936330600792169676e+00 1.051873896051232826e+00 9.936330600792169676e+00 3.965749570358303444e+00 2.833234976809623884e+00 1.051873896051232826e+00 2.833234976809623884e+00 -3.182471023833882739e+01
2.134680685739965256e+01 -6.939671018247472567e+00 -6.380555566669687373e+00 -6.939671018247472567e+00 3.558112566402846255e+01 -6.697005184113512533e-01 -6.380555566669687373e+00 -6.697005184113512533e-01 1.682520510494060062e+01
1.110915091442539726e+01 1.937309675799853137e+00 4.441108590568051184e+00 1.937309675799853137e+00 -1.248341903992197999e+01 -1.532266349410328665e+01 4.441108590568051184e+00 -1.532266349410328665e+01 -8.833794758027604388e+00
2.309678899640248773e+01 9.209936793609466932e+00 1.562270111554560970e+00 9.209936793609466932e+00 2.932991634031528250e+01 6.329440465284594808e+00 1.562270111554560970e+00 6.329440465284594808e+00 2.268893072424540946e+01
-9.763035238163849883e+00 -1.061448708470971614e+00 3.648617316593363857e-01 -1.061448708470971614e+00 3.227259076706467944e+00 -5.936048262048638335e+00 3.648617316593363857e-01 -5.936048262048638335e+00 -5.820902205616905967e+00
9.417997312662764742e+00 -3.453606357376443281e+00 4.889494913265562737e+00 -3.453606357376443281e+00 1.373323808296297344e+01 -3.826388983797229582e+00 4.889494913265562737e+00 -3.826388983797229582e+00 -6.689554368594905931e+00
5.376814598380789789e+01 -2.223825578689990756e+00 7.899784613882564477e-01 -2.223825578689990756e+00 4.509895581684974530e+01 -7.942209083243313650e+00 7.899784613882564477e-01 -7.942209083243313650e+00 2.973006363182391709e+01
2.273423680651870882e+01 -1.041816319605264951e+01 4.005556294238475923e-01 -1.041816319605264951e+01 4.078678807180897792e+01 7.669894938963904174e+00 4.005556294238475923e-01 7.669894938963904174e+00 1.524613829662530939e+01
3.273344233856090568e+01 -2.307538953884920030e+00 1.062463496773109403e-02 -2.307538953884920030e+00 3.454916900553571679e+01 -2.492864299717219900e+00 1.062463496773109403e-02 -2.492864299717219900e+00 1.886670531436950782e+01
9.785195426351627646e+00 -1.067548008492611977e+01 -3.376681811819904899e-01 -1.067548008492611977e+01 1.734608238464577212e+01 3.789012474080379889e+00 -3.376681811819904899e-01 3.789012474080379889e+00 7.410185018184584749e+00
