-1.328130013982095647e+01 -2.863150505699805670e+00 -1.246447029976968324e+00 -2.863150505699805670e+00 -9.659172436784601246e+00 -2.832081277376916617e+00 -1.246447029976968324e+00 -2.832081277376916617e+00 -8.517895025257628205e+00
1.251760799115709144e+00 -1.011010076951712605e-01 -1.247045044782698758e-01 -1.011010076951712605e-01 -2.107497134730743849e+00 1.621264201903710234e+00 -1.247045044782698758e-01 1.621264201903710234e+00 -3.516988452821824929e+00
-1.076072269231239525e-02 5.839424416226864922e-01 4.141045292500451502e-01 5.839424416226864922e-01 5.004384288232028855e-01 -7.751453285472851285e-01 4.141045292500451502e-01 -7.751453285472851285e-01 2.217426405149014457e+00
2.648825386635578649e+00 -2.643397037384833115e-01 -4.292760640876270850e-01 -2.643397037384833115e-01 1.031750697967999919e+01 3.457755097474669359e+00 -4.292760640876270850e-01 3.457755097474669359e+00 1.628025114062607770e+01
1.071805285912823713e+01 -3.400579743992782955e+00 -2.644154209112701714e+00 -3.400579743992782955e+00 5.857674046530037870e+00 1.023377353836842918e+00 -2.644154209112701714e+00 1.023377353836842918e+00 1.018552161654417354e+01
1.355916211048326936e-01 1.379820673471319870e+00 9.732174479418430613e-01 1.379820673471319870e+00 3.671931839326139979e+00 2.529428266923817170e-01 9.732174479418430613e-01 2.529428266923817170e-01 2.362745687046520882e+00
1.349930331947545170e+01 -3.415223995731424100e+00 -1.621021172947563205e+00 -3.415223995731424100e+00 1.605464542603226263e+01 8.397932967673035209e-01 -1.621021172947563205e+00 8.397932967673035209e-01 1.910684436879173376e+01
-6.733168704927974701e+00 3.143567813834326152e+00 2.793752010226168370e+00 3.143567813834326152e+00 1.072616551078015429e-01 4.013474438365007835e+00 2.793752010226168370e+00 4.013474438365007835e+00 8.118382296132130804e+00
-1.085897939612367402e+01 -4.081872476263514571e+00 -6.624725766152219641e+00 -4.081872476263514571e+00 -1.516220175826168948e+01 2.589927992427663472e+00 -6.624725766152219641e+00 2.589927992427663472e+00 -7.245850569989706891e+00
-3.040169304936156003e+00 7.247163243209874040e+00 3.372356290102833665e+00 7.247163243209874040e+00 2.248402974302372126e+00 -3.815266226578325481e-01 3.372356290102833665e+00 -3.815266226578325481e-01 -3.542966727909869107e+00
1.793571894207611450e+01 -2.632524220265540782e-01 -6.276216111557260113e-01 -2.632524220265540782e-01 1.476986029232497799e+01 9.176088343847632611e-01 -6.276216111557260113e-01 9.176088343847632611e-01 1.549016542933093099e+01
8.479455398798522836e+00 5.011077296827662897e-01 3.747931669574693370e-01 5.011077296827662897e-01 7.422604988243233670e+00 1.229100343921811556e+00 3.747931669574693370e-01 1.229100343921811556e+00 6.641289736154579515e+00
7.405627522361208914e-01 6.756742548001241078e-01 3.486742330441962023e-01 6.756742548001241078e-01 1.127787794919811626e+00 4.963494987335054787e-01 3.486742330441962023e-01 4.963494987335054787e-01 -1.942049572357484877e-01
2.675685996662761301e+00 -3.978811143796240901e-01 -1.424619895043601481e-01 -3.978811143796240901e-01 3.962926131057773471e+00 -8.205461289185261853e-01 -1.424619895043601481e-01 -8.205461289185261853e-01 5.936284892264319879e+00
-1.282822425880383399e+01 -4.554910385003649864e+00 -2.820396298700981852e+00 -4.554910385003649864e+00 -9.524689308939448651e+00 3.948797469146366201e-01 -2.820396298700981852e+00 3.948797469146366201e-01 -1.301628354268750698e+01
1.750863096271864650e-01 -3.726962498515976829e+00 -2.068320220670393894e+00 -3.726962498515976829e+00 -1.023019341898377199e+01 -1.838009799154392443e+00 -2.068320220670393894e+00 -1.838009799154392443e+00 -6.479117728755246830e+00
-7.474027007957495528e-01 -6.717159251772425455e-01 -5.828112906097903112e-01 -6.717159251772425455e-01 -4.755286921989071436e-01 1.922362400919662262e+00 -5.828112906097903112e-01 1.922362400919662262e+00 -3.909449440744187765e+00
7.051411152070953925e+00 5.333986347239447756e-01 3.606416416978556194e-01 5.333986347239447756e-01 9.988069225713338994e+00 -7.530296206971420769e-01 3.606416416978556194e-01 -7.530296206971420769e-01 9.465582090612471688e+00
-2.193299733401452012e-01 6.017899398440368364e-01 5.268647959351199228e-01 6.017899398440368364e-01 3.382186225783067712e+00 -9.141513175421028814e-01 5.268647959351199228e-01 -9.141513175421028814e-01 4.867574142654990332e+00
1.220845672393891945e+01 -4.721725141232323786e+00 -2.550227069440094585e+00 -4.721725141232323786e+00 2.156799622878989808e+01 6.785616839030216008e-02 -2.550227069440094585e+00 6.785616839030216008e-02 1.362778924012213722e+01
-1.441992797469171883e+01 -1.257403904089279933e+00 -2.347271793887073521e+00 -1.257403904089279933e+00 -7.700635419287704231e+00 -1.533403090406630476e+00 -2.347271793887073521e+00 -1.533403090406630476e+00 -1.401372635362758068e+01
5.919556781704307546e+00 6.807707406309566611e-01 5.570954784021557860e-01 6.807707406309566611e-01 8.892389123334277556e+00 -5.210136233903898129e-01 5.570954784021557860e-01 -5.210136233903898129e-01 6.964420839165792465e+00
-1.633576180239884579e+01 3.086378519180652535e+00 2.729634362554712812e+00 3.086378519180652535e+00 -9.998876098970963966e+00 1.091661505650834307e+00 2.729634362554712812e+00 1.091661505650834307e+00 -1.452356894260021569e+01
-6.539670234565031492e+00 2.539862736437908719e+00 3.310240377964237535e+00 2.539862736437908719e+00 -1.711623494401275281e+01 4.783148460151204873e+00 3.310240377964237535e+00 4.783148460151204873e+00 -4.387700795996826386e+00
5.763638216057062280e+00 3.164868355969781000e-01 3.096175077413568566e+00 3.164868355969781000e-01 6.776022888347767115e+00 2.365071735856227875e+00 3.096175077413568566e+00 2.365071735856227875e+00 2.659257721615410741e+00
1.608369765901740678e+01 5.749273263043034987e+00 3.836278420093298003e+00 5.749273263043034987e+00 2.003649301866971300e+01 2.084036664306879061e+00 3.836278420093298003e+00 2.084036664306879061e+00 1.911837008740040034e+01
1.204223430308343445e+01 1.455749368322925008e+00 1.012503977765305763e+00 1.455749368322925008e+00 9.601894414024137347e+00 9.652900589148586397e-01 1.012503977765305763e+00 9.652900589148586397e-01 8.266595682946485724e+00
-2.771797259525307311e+00 -1.765701236810008234e+00 -2.676121994056797071e+00 -1.765701236810008234e+00 -7.196565384007438837e+00 -2.323615548238622708e+00 -2.676121994056797071e+00 -2.323615548238622708e+00 -7.915927853103985612e+00
-9.049394556875013151e+00 -1.402765577537968378e+00 -4.588257894901541789e-01 -1.402765577537968378e+00 3.140664913372150036e+00 -1.377945356670213228e-01 -4.588257894901541789e-01 -1.377945356670213228e-01 3.239195439817502020e+00
1.380840695834974241e+01 -3.789353051107202219e+00 -3.278305455721524542e+00 -3.789353051107202219e+00 1.493355932653517470e+01 -1.776980569458352255e+00 -3.278305455721524542e+00 -1.776980569458352255e+00 7.117482565184308108e+00
5.689878112666467480e+00 5.881325236262885956e-04 7.511672979115231741e-02 5.881325236262885956e-04 3.947745241700880925e+00 1.195826556925188910e+00 7.511672979115231741e-02 1.195826556925188910e+00 2.524566625453891433e+00
-5.342463837400617255e-01 1.369145527927523975e+00 1.404101911358312194e+00 1.369145527927523975e+00 -5.749334778945648594e+00 3.520180951704755534e-01 1.404101911358312194e+00 3.520180951704755534e-01 2.521364116073923980e-02
1.590273143163751612e+01 2.087219934473112826e+00 8.189659061471536994e-01 2.087219934473112826e+00 1.658032020557739727e+01 -7.043527654086548573e+00 8.189659061471536994e-01 -7.043527654086548573e+00 9.695584859197811767e+00
4.470272123580635082e+00 1.226053228169619175e-01 -3.599920903804109118e-01 1.226053228169619175e-01 1.525848083883470929e+00 2.450448873959322871e+00 -3.599920903804109118e-01 2.450448873959322871e+00 -4.952557206316112182e-01
-3.061576867486969888e+00 -2.354731383014005086e+00 -3.054847141417146167e-02 -2.354731383014005086e+00 6.840709910234088476e+00 3.402966554349548201e+00 -3.054847141417146167e-02 3.402966554349548201e+00 2.368928307711631209e+00
2.407475979323667303e+00 8.226846385575043996e-01 5.061504092350536110e-01 8.226846385575043996e-01 -5.174237460153523482e-01 2.660009929302537657e+00 5.061504092350536110e-01 2.660009929302537657e+00 -3.452119844131049220e+00
-2.482935661217386070e+00 5.106749662386147470e+00 1.036470768632456796e+00 5.106749662386147470e+00 -1.238589574645623914e+00 -3.516989889328574925e+00 1.036470768632456796e+00 -3.516989889328574925e+00 -7.190253227518732082e+00
-6.492363121702859896e-01 8.570761135515670981e-01 6.698616700801213186e-01 8.570761135515670981e-01 1.018222892801613488e+00 -4.457664414726743574e-01 6.698616700801213186e-01 -4.457664414726743574e-01 2.088523027032847867e+00
2.118302727022163268e+00 -1.930494963542315201e+00 2.312766623836777224e+00 -1.930494963542315201e+00 1.567232863274278909e+00 2.441179825338457121e+00 2.312766623836777224e+00 2.441179825338457121e+00 7.120470547864454325e+00
4.175370104234396251e+00 6.041216211183061402e-01 5.416342498743416112e-01 6.041216211183061402e-01 3.630776031505356993e+00 7.161860251784611942e-01 5.416342498743416112e-01 7.161860251784611942e-01 2.501332517552001811e+00
3.624594005839234967e+00 -2.139818643928138864e-01 6.537593246473165365e-02 -2.139818643928138864e-01 7.849685166605329556e+00 -3.659443962144335760e+00 6.537593246473165365e-02 -3.659443962144335760e+00 7.471215567699105442e+00
1.109239112746726263e+00 -2.763535606303000880e-01 -9.308387845936746396e-01 -2.763535606303000880e-01 1.564251559191010887e+00 -3.161941756565785688e+00 -9.308387845936746396e-01 -3.161941756565785688e+00 4.825958680805928935e+00
5.751349150362385032e+00 7.815988591843176181e+00 5.797309509033667041e+00 7.815988591843176181e+00 1.429175341559402135e+01 8.110263349335472549e-02 5.797309509033667041e+00 8.110263349335472549e-02 7.027753262757869379e+00
5.483673934474502687e+00 -4.224376561871574509e+00 -2.206037779196127868e+00 -4.224376561871574509e+00 1.677443837282235251e+01 -5.791643496354426546e+00 -2.206037779196127868e+00 -5.791643496354426546e+00 2.091364808307248424e+01
1.463587239915162286e+01 8.489950255885195252e-02 -1.799160300640789412e-01 8.489950255885195252e-02 8.154796478950560257e+00 2.203642368229990822e+00 -1.799160300640789412e-01 2.203642368229990822e+00 9.338254490660609974e+00
-5.084372483924393116e-02 8.913178356169121352e-01 5.522112658264201057e-01 8.913178356169121352e-01 9.307202681553600199e-01 -1.097012762372387318e+00 5.522112658264201057e-01 -1.097012762372387318e+00 4.396642086336450816e-01
7.947305829450852954e+00 4.573875302834196632e-01 1.657238449243345901e-01 4.573875302834196632e-01 3.726724629535549838e+00 3.210441084139695200e-01 1.657238449243345901e-01 3.210441084139695200e-01 5.056089611902360836e+00
1.987757356475127679e+01 3.937833909587887260e-01 2.476558712741243895e-01 3.937833909587887260e-01 1.768209689423203912e+01 2.639225549300476814e+00 2.476558712741243895e-01 2.639225549300476814e+00 1.680146353599885956e+01
-3.664081619163745973e+00 -4.574686966094247964e-01 -5.600828909246964304e-01 -4.574686966094247964e-01 1.044348519819470233e+01 6.621117981350531367e-02 -5.600828909246964304e-01 6.621117981350531367e-02 1.003317819912975573e+01
9.811338506392321968e-01 -1.293717134792149226e+00 1.324807763086159329e-01 -1.293717134792149226e+00 4.444978695956296910e+00 8.842968884901248883e-01 1.324807763086159329e-01 8.842968884901248883e-01 5.454688832822192524e+00
