-2.316864946423817884e+01 3.664842103212609392e-01 3.226069851964099122e+00 3.664842103212609392e-01 -1.675461974142833199e+01 -1.443613345268041914e-01 3.226069851964099122e+00 -1.443613345268041914e-01 -1.723728736906391745e+01
-4.373901718341319622e+01 1.126231099902579302e-01 -1.416782276190870604e+00 1.126231099902579302e-01 -3.141992881384831549e+01 -1.320129570231481697e+00 -1.416782276190870604e+00 -1.320129570231481697e+00 -3.055375514469299603e+01
3.601482268045305801e+00 -2.488804454620090034e+00 5.935270398508342149e-01 -2.488804454620090034e+00 7.360589382522101154e+00 3.052588618007215704e+00 5.935270398508342149e-01 3.052588618007215704e+00 1.501532422513659526e+01
-2.440836528799774996e+01 -4.277640876893626043e+00 -1.217104813215902803e+00 -4.277640876893626043e+00 -2.821899988688039684e+01 1.334907778717630444e+00 -1.217104813215902803e+00 1.334907778717630444e+00 -2.299306714968306409e+01
1.285177785309076892e+00 2.202341645547298277e-01 -6.564559763672256132e+00 2.202341645547298277e-01 1.726992921823104155e+00 -1.433216362906507779e+00 -6.564559763672256132e+00 -1.433216362906507779e+00 3.112359278596159129e+00
1.226241645421857385e+01 -3.804401311146596409e+00 -6.810292649031912227e+00 -3.804401311146596409e+00 6.846428443599474001e+00 3.671583171116299393e+00 -6.810292649031912227e+00 3.671583171116299393e+00 8.930285356201332903e+00
-1.731322196562195259e+01 3.099801166363681748e+00 -2.687179554651402569e+00 3.099801166363681748e+00 -2.464992945368385335e+01 1.399224999191729824e+00 -2.687179554651402569e+00 1.399224999191729824e+00 -1.845159240017468960e+01
9.138682637650440199e+00 2.151865148189874510e+00 -3.304207262702304693e+00 2.151865148189874510e+00 1.108624870014793551e+01 -4.116935404747293359e-01 -3.304207262702304693e+00 -4.116935404747293359e-01 -9.865248463767360698e-02
7.678337647303922431e+00 -1.475527812570892383e+00 -1.260257548173607800e+00 -1.475527812570892383e+00 2.680310248101618331e+00 -1.623741696206627561e+00 -1.260257548173607800e+00 -1.623741696206627561e+00 -7.303178814511775307e+00
-1.246504955796345904e+01 -1.518878763339343685e+00 -5.156761101085075572e-01 -1.518878763339343685e+00 -1.761585978223066817e+01 -2.354189904799095068e+00 -5.156761101085075572e-01 -2.354189904799095068e+00 -2.322095098446441241e+01
-2.859236742034338974e+00 -4.388355271985732386e+00 2.508247899997570585e+00 -4.388355271985732386e+00 -7.414544246615652590e+00 -2.149898662419471584e+00 2.508247899997570585e+00 -2.149898662419471584e+00 1.781944473035951937e+00
-1.796350975617514578e+01 -3.508493848927249470e+00 3.701259050655125282e+00 -3.508493848927249470e+00 -8.412335541058167721e+00 -6.897657218365785825e-01 3.701259050655125282e+00 -6.897657218365785825e-01 -6.625734486991417427e+00
5.047136228625394239e+00 -3.144415510734887675e+00 6.975648330810459541e+00 -3.144415510734887675e+00 7.458139077527411231e+00 9.553424169552764411e+00 6.975648330810459541e+00 9.553424169552764411e+00 1.217240704234377624e+01
-3.198937773088170644e+01 -2.739232183503904072e-01 -1.105277545106057163e-01 -2.739232183503904072e-01 -2.235650955625052205e+01 -3.172809751899743347e+00 -1.105277545106057163e-01 -3.172809751899743347e+00 -1.786668088683957123e+01
-2.752338998472496812e+01 2.178331527589770555e+00 3.427741764483057896e+00 2.178331527589770555e+00 -2.783487757157918807e+01 -1.867375244238238752e+00 3.427741764483057896e+00 -1.867375244238238752e+00 -7.761468935121578205e+00
1.486565793064037067e+01 8.617061647312722616e-01 -1.185155244678702591e+00 8.617061647312722616e-01 1.246939454147517345e+01 9.876359713928855033e-01 -1.185155244678702591e+00 9.876359713928855033e-01 8.993502168824608844e+00
-2.522724774573181250e+01 -1.427648856680183154e-01 2.736077079345234697e+00 -1.427648856680183154e-01 -1.614487031412068063e+01 -7.567795174142044612e-02 2.736077079345234697e+00 -7.567795174142044612e-02 -2.272888250837596047e+01
-7.502782735020365301e+00 -2.571224708969449546e-01 -2.615773568723859910e+00 -2.571224708969449546e-01 -1.315200943895253971e+01 1.171902818849609895e+00 -2.615773568723859910e+00 1.171902818849609895e+00 -1.170773934919590253e+01
2.527356970639192468e+01 3.601650628486499084e+00 -1.413503674167950752e+00 3.601650628486499084e+00 1.684046253490446077e+01 3.733748460695501592e+00 -1.413503674167950752e+00 3.733748460695501592e+00 2.161934915804653201e+01
3.334129422205372606e+01 4.466802723633691130e+00 -2.761080681519931357e+00 4.466802723633691130e+00 1.507926817940427355e+01 4.569424032998542273e+00 -2.761080681519931357e+00 4.569424032998542273e+00 2.928265220255605783e+01
1.493036920885953656e+01 -1.558742133306540989e+00 3.553714919092434865e+00 -1.558742133306540989e+00 8.230055630330037175e+00 5.748004651520596475e+00 3.553714919092434865e+00 5.748004651520596475e+00 1.925310068879199932e+01
1.570326834693879725e+01 1.045533440935394687e+00 -4.879228698318250679e+00 1.045533440935394687e+00 2.373837417933399152e+01 -7.139398306311928177e-01 -4.879228698318250679e+00 -7.139398306311928177e-01 1.324738172618502752e+01
8.975488531572509032e+00 8.058484191765466487e-02 -1.640212459505326237e+00 8.058484191765466487e-02 4.639625272894389418e+00 3.168138141106328298e+00 -1.640212459505326237e+00 3.168138141106328298e+00 2.500735575640036679e+00
-2.487168066024942448e+01 -4.732998123770111754e+00 3.002209312188891754e+00 -4.732998123770111754e+00 -2.726597600047697156e+01 1.452625081892773284e+00 3.002209312188891754e+00 1.452625081892773284e+00 -2.770298517527789883e+01
-4.166781339860360589e+00 3.880610905051594006e+00 2.890125928510165476e+00 3.880610905051594006e+00 -4.846046761081759691e+00 -3.923848681586604159e-01 2.890125928510165476e+00 -3.923848681586604159e-01 -4.338244808437845546e-01
-7.271941833671108135e+00 -1.428663424221445544e+00 -5.041994456506865063e+00 -1.428663424221445544e+00 -1.588743819457255491e+01 2.615245935083199580e+00 -5.041994456506865063e+00 2.615245935083199580e+00 -8.376335522509210207e+00
2.191813201055373472e+00 1.871495195466984951e+00 -4.346680221099554209e-01 1.871495195466984951e+00 -1.531948207236126258e+01 3.050747015805050033e+00 -4.346680221099554209e-01 3.050747015805050033e+00 2.027951408353174756e+01
2.056971978444145643e-02 7.584162220920854791e-01 3.411606373242985324e+00 7.584162220920854791e-01 -3.248781639167712676e+00 1.686304856624276871e+00 3.411606373242985324e+00 1.686304856624276871e+00 2.360996004140271332e+00
8.659601833880566701e+00 -2.373018646168439272e+00 2.894990796773549313e+00 -2.373018646168439272e+00 1.227140870968356978e+01 3.516422336247924996e+00 2.894990796773549313e+00 3.516422336247924996e+00 -1.671760662751418280e+01
2.077427716088195453e+01 -4.267706327814082101e+00 1.720348040964269076e+00 -4.267706327814082101e+00 1.703820331538967991e+01 1.925269505600525344e+00 1.720348040964269076e+00 1.925269505600525344e+00 1.816094405737377215e+01
2.078633037252550864e+01 1.258906448731679228e+00 1.937185258171042923e+00 1.258906448731679228e+00 1.728493413817251678e+01 2.533465556714082023e+00 1.937185258171042923e+00 2.533465556714082023e+00 1.446919208121571998e+01
-2.558555633788880712e+01 3.230277745415022661e+00 9.905310251512590147e-01 3.230277745415022661e+00 -2.121034794767517795e+01 -1.479712670256367435e+00 9.905310251512590147e-01 -1.479712670256367435e+00 -9.392943966446583914e+00
7.177217536103890794e+00 -8.204588932795537914e+00 -4.277200844074219077e+00 -8.204588932795537914e+00 1.049265303163556950e+01 -1.682611714454361307e+00 -4.277200844074219077e+00 -1.682611714454361307e+00 2.711469041018296267e+01
-1.656708138216310289e+01 -4.269942730142925136e+00 -2.236584721600767267e+00 -4.269942730142925136e+00 -1.446864287814755379e+01 -7.921673372107717048e-01 -2.236584721600767267e+00 -7.921673372107717048e-01 -2.717303065549996077e+01
1.892651278141352478e+01 1.194398812058763859e+00 2.513665403894977057e+00 1.194398812058763859e+00 -5.614168674679003157e-01 1.547149878244429511e+00 2.513665403894977057e+00 1.547149878244429511e+00 2.461619636275723622e+01
1.628560044063053169e+01 -4.473120995070467565e+00 -2.991999277127120216e+00 -4.473120995070467565e+00 1.048297417876464799e+01 2.163657629575476360e+00 -2.991999277127120216e+00 2.163657629575476360e+00 1.363863880320856659e+01
3.607683965312399721e+01 -1.836685892386446639e+01 -2.726294093936244778e+00 -1.836685892386446639e+01 2.606841636702902321e+01 -4.247584942320604462e+00 -2.726294093936244778e+00 -4.247584942320604462e+00 4.692622819574784110e+00
-7.290276728507060211e-01 4.246838966241853086e+00 -2.261047796596810766e+00 4.246838966241853086e+00 -3.720288177831030385e+00 -1.559540075426665950e+00 -2.261047796596810766e+00 -1.559540075426665950e+00 1.441895078009840248e+01
-1.570656687337536894e+01 4.744640739477688385e+00 5.794761000156684716e+00 4.744640739477688385e+00 -2.305155452370512492e+01 2.457644317224464192e+00 5.794761000156684716e+00 2.457644317224464192e+00 -2.527368824070790865e+01
-4.883884193006087671e+00 -7.330957716901485011e-01 -2.749578593964240980e+00 -7.330957716901485011e-01 -1.003121766022369066e+01 -2.262393685235491447e-01 -2.749578593964240980e+00 -2.262393685235491447e-01 -1.066909790043839834e+01
7.445317007330776171e+00 3.845771440264938335e+00 -1.264501654254845731e+00 3.845771440264938335e+00 -5.748090060935773238e+00 2.118932878329482072e+00 -1.264501654254845731e+00 2.118932878329482072e+00 -2.051414320016886350e+01
2.958411558567818389e+01 -2.516304963412497209e+00 9.927669541419412713e-01 -2.516304963412497209e+00 7.914963813002110632e-03 5.499923069950637178e+00 9.927669541419412713e-01 5.499923069950637178e+00 2.049186707824362941e+01
1.931444004560245986e+01 -3.113947146100683461e-01 -3.407592872100524861e+00 -3.113947146100683461e-01 1.429836292328917757e+01 -3.521324459895234238e+00 -3.407592872100524861e+00 -3.521324459895234238e+00 1.769643896787779624e+01
-1.192206007428275250e+01 2.997899990620540578e-01 4.157814778024691016e+00 2.997899990620540578e-01 -1.951079814458141382e+00 1.313492713841801773e+00 4.157814778024691016e+00 1.313492713841801773e+00 -2.342432424276423930e+01
6.259501483284748247e+01 -1.501888339326610122e+01 8.198356776371417354e+00 -1.501888339326610122e+01 7.546831741725561926e+01 -7.712645302983252016e+00 8.198356776371417354e+00 -7.712645302983252016e+00 4.335106176879246220e+01
1.141323395041122346e+01 -5.604212443225952356e+00 8.194108953306770138e-01 -5.604212443225952356e+00 -8.195759655367625962e-01 3.276356512179605662e-01 8.194108953306770138e-01 3.276356512179605662e-01 -6.168357814937147410e+00
-5.090073851813064820e+00 -5.636461870518881589e+00 -2.319534482472046744e+00 -5.636461870518881589e+00 4.920511963940589872e+00 -1.057930179844969176e+00 -2.319534482472046744e+00 -1.057930179844969176e+00 -1.811493968081584072e+01
-1.695400300572833530e+01 -9.242117813805355908e+00 5.673183877215798310e-01 -9.242117813805355908e+00 -1.200118637943262989e+01 3.084326891283994065e+00 5.673183877215798310e-01 3.084326891283994065e+00 -1.423758020143475278e+01
1.642218071027908621e+01 -5.840433205057951049e+00 -3.709345104327742337e+00 -5.840433205057951049e+00 2.658403443504873120e+00 5.869205233164895397e+00 -3.709345104327742337e+00 5.869205233164895397e+00 2.201780692382596882e+01
1.564291125525760506e+01 3.359847306871084793e+00 -4.073604242995276792e+00 3.359847306871084793e+00 1.397547383733266990e+01 -1.192250170119268038e+00 -4.073604242995276792e+00 -1.192250170119268038e+00 -4.905883286738998095e+00
