-8.395381482683179186e+00 2.278594092957427986e+00 5.789088744621873950e+00 2.278594092957427986e+00 -3.100401567506654743e+00 6.649163056583187625e+00 5.789088744621873950e+00 6.649163056583187625e+00 2.418688128237980628e+00
-7.425621388575107118e-02 1.064889320177964649e+01 7.486521783644707995e+00 1.064889320177964649e+01 1.715608676647901021e+01 -7.906802329943841912e+00 7.486521783644707995e+00 -7.906802329943841912e+00 1.374983517007519573e+01
-1.767555486636164375e+01 1.194201858823322304e+00 -4.023640276647796554e+00 1.194201858823322304e+00 1.856364051856602160e+01 -7.880727761436344458e+00 -4.023640276647796554e+00 -7.880727761436344458e+00 7.062057560600256245e+00
3.575289093698619691e+00 -1.537980750326511936e+00 8.365717967998484994e+00 -1.537980750326511936e+00 3.136724153112635705e+01 -2.550771856571976581e+00 8.365717967998484994e+00 -2.550771856571976581e+00 1.633903106112148507e+01
-1.872592612698521231e-01 1.625195521772536456e+00 -3.718613763154491103e+00 1.625195521772536456e+00 8.365780395199540198e-02 -5.137372110217786059e+00 -3.718613763154491103e+00 -5.137372110217786059e+00 1.932483799531895308e+00
-8.314690204426169018e+00 -1.418378669536072945e+00 -3.950043319269752384e+00 -1.418378669536072945e+00 -1.220094792111634163e+01 3.440662227783815474e+00 -3.950043319269752384e+00 3.440662227783815474e+00 1.384650471314991016e+01
-1.375127711591139956e+01 1.835470161346219209e+00 2.425797019420808109e-01 1.835470161346219209e+00 9.115847933142283921e+00 6.087806483017556225e+00 2.425797019420808109e-01 6.087806483017556225e+00 -9.672284377061622251e+00
-3.243235629607189452e+01 -8.096722455527745055e+00 -4.802608599180337556e+00 -8.096722455527745055e+00 4.152867724740151090e+00 -1.059992596808352339e+01 -4.802608599180337556e+00 -1.059992596808352339e+01 1.107447160446035461e+01
4.500108014459627270e+00 5.140279011264768272e+00 3.519068620860291929e+00 5.140279011264768272e+00 8.310066469735073014e+00 1.339916145674935777e+00 3.519068620860291929e+00 1.339916145674935777e+00 2.932263364509589909e+00
-4.756597766321689846e+00 -5.040107015713545913e+00 6.982104646252351721e+00 -5.040107015713545913e+00 -1.980695167245626465e+01 5.738633960125348210e+00 6.982104646252351721e+00 5.738633960125348210e+00 1.336165396750251411e+01
-5.586925475858138590e+00 1.100116171979640844e+00 -1.092887102429837221e+00 1.100116171979640844e+00 -1.777263233874583293e+01 3.526913062376431984e+00 -1.092887102429837221e+00 3.526913062376431984e+00 -3.958855826218333984e+00
5.531399665074157035e+00 1.064561866029186987e+01 5.583822579237744499e+00 1.064561866029186987e+01 7.756679514650386409e+00 2.682989158954101616e-01 5.583822579237744499e+00 2.682989158954101616e-01 2.069398207680014679e+01
-2.139902606227952120e+01 -9.180706073664707034e+00 1.656013865093693749e+00 -9.180706073664707034e+00 1.137567435480656641e+01 -2.599062583329592613e+00 1.656013865093693749e+00 -2.599062583329592613e+00 -4.518633466556092770e+00
-1.948519441121913687e+01 -7.273350446820021631e+00 -1.168801051891155396e+01 -7.273350446820021631e+00 1.685137906409701358e+01 -7.457062044720685456e+00 -1.168801051891155396e+01 -7.457062044720685456e+00 2.025460094416921564e+01
5.373150650145103846e+00 -4.478030981183267478e-01 8.369867312385160574e+00 -4.478030981183267478e-01 -3.601025967267542427e+00 -4.615624854607371041e+00 8.369867312385160574e+00 -4.615624854607371041e+00 1.076384739730004902e+01
-3.549056031385794618e+00 -6.614894292780368446e+00 4.324815521757001235e+00 -6.614894292780368446e+00 1.620917243956473186e+01 -1.889407992509867285e+01 4.324815521757001235e+00 -1.889407992509867285e+01 -1.814792484972339892e+01
-1.718638468435136701e+01 1.566364554110867502e+00 -2.016507000105137060e+00 1.566364554110867502e+00 -2.631994719633741298e+01 -3.137158157657455870e+00 -2.016507000105137060e+00 -3.137158157657455870e+00 2.272055020521042223e+01
-2.055862524948727163e-02 -8.688356355961430744e-01 -2.532395752328125749e+00 -8.688356355961430744e-01 -1.465305874856728785e+01 3.977045487258445089e+00 -2.532395752328125749e+00 3.977045487258445089e+00 -1.917167313667171413e+00
7.397899455771340627e+01 6.828721916162181493e+00 2.485653398181791474e+01 6.828721916162181493e+00 2.908722445352278996e+01 -5.814300710826616481e+00 2.485653398181791474e+01 -5.814300710826616481e+00 7.967015867257246953e+01
1.531489530830216417e+01 -1.472310815549651375e+00 -4.052206067534589451e+00 -1.472310815549651375e+00 -4.701775171617937232e+00 8.142012294959345198e+00 -4.052206067534589451e+00 8.142012294959345198e+00 4.453225873888204234e+01
1.236590537827201075e+01 -2.479167399216476220e+00 -3.689237725330679063e-01 -2.479167399216476220e+00 -3.328930666228448843e+01 7.009642664611140717e+00 -3.689237725330679063e-01 7.009642664611140717e+00 -2.282405901497094902e+01
-1.284212624935145008e+01 2.707655279808014015e+00 -1.289424732218687364e+00 2.707655279808014015e+00 -1.304539611717483005e+01 -6.498804649323204785e+00 -1.289424732218687364e+00 -6.498804649323204785e+00 -6.440290768531965249e+00
2.425732670906378274e+01 8.412534493701389948e+00 4.465508281229372045e+00 8.412534493701389948e+00 3.786572725462597333e+01 -5.145084484721899720e+00 4.465508281229372045e+00 -5.145084484721899720e+00 2.710202667213934546e+01
-3.587667688002792943e+01 -7.940406119332256374e+00 -6.024279706970084192e+00 -7.940406119332256374e+00 -1.549843853310158392e+00 -6.347527736924456043e+00 -6.024279706970084192e+00 -6.347527736924456043e+00 7.891142946581581441e+00
1.858237626238562257e+01 4.568545506939666545e+00 -2.428197516284041235e+00 4.568545506939666545e+00 1.550951891036601715e+01 1.044322928095573033e+00 -2.428197516284041235e+00 1.044322928095573033e+00 2.623042252339018887e+01
1.183949351992673726e+01 2.486706630220333558e+00 5.250006691680452198e-01 2.486706630220333558e+00 -2.505128883455923727e+01 9.340534559763494116e+00 5.250006691680452198e-01 9.340534559763494116e+00 -1.726922438854119335e+01
-7.930764109947105567e+00 -1.365427891066516297e+00 1.042322739951578647e+00 -1.365427891066516297e+00 -8.644500749143876561e+00 1.971813417259072221e+00 1.042322739951578647e+00 1.971813417259072221e+00 -6.596562070772079345e+00
-2.026624798459047483e+01 -2.881761004623166755e+00 -7.818002635856775129e+00 -2.881761004623166755e+00 6.605547526481005960e-01 -2.620436086300612200e+00 -7.818002635856775129e+00 -2.620436086300612200e+00 9.342944758757482093e-01
1.890286695794418037e+01 2.252770744530134372e+00 -6.381472084779050924e+00 2.252770744530134372e+00 -1.135266594257366535e+01 7.162845841579667194e+00 -6.381472084779050924e+00 7.162845841579667194e+00 1.740044907966963095e+01
-6.582197009222926276e+00 -5.153110320301213854e+00 -2.468389975450282048e+00 -5.153110320301213854e+00 -1.122807465729093401e+01 3.599926892661415412e+00 -2.468389975450282048e+00 3.599926892661415412e+00 -1.695822478913140685e+01
1.066438408532657256e+01 -4.774779341909926700e+00 2.858420686789324150e-01 -4.774779341909926700e+00 1.037083866830388601e+01 6.234157594143630021e+00 2.858420686789324150e-01 6.234157594143630021e+00 -3.743187472673086713e+00
-1.086329134292326337e+01 1.146753757183221145e+00 -5.987288238842956023e-01 1.146753757183221145e+00 -7.868714744753467771e-01 1.001496521518580263e+00 -5.987288238842956023e-01 1.001496521518580263e+00 -3.077429486831730010e+00
-2.116391473055053396e+01 -8.370413228661156835e-02 4.691204943027542207e+00 -8.370413228661156835e-02 -2.117895629799099311e+01 -2.647999311613796092e+00 4.691204943027542207e+00 -2.647999311613796092e+00 -1.401216053383706495e+01
1.424462991710201365e+01 -3.465688675342145419e+00 -6.959301572580407935e+00 -3.465688675342145419e+00 6.232023651702309763e-01 -1.930870770307299811e+00 -6.959301572580407935e+00 -1.930870770307299811e+00 1.164320591156231366e+01
1.484274965427561810e+01 -6.957472554844698287e+00 -7.488173583617448337e+00 -6.957472554844698287e+00 2.916492022736006007e+01 -6.330319232578255351e-01 -7.488173583617448337e+00 -6.330319232578255351e-01 2.180795225068795773e+01
6.722003351471949273e+00 3.974857070586750307e+00 9.243514323119846665e+00 3.974857070586750307e+00 -1.870981647464230235e+01 1.262585180739114854e+01 9.243514323119846665e+00 1.262585180739114854e+01 1.154038747372508311e+01
1.830597763558224855e+01 -2.270208512839801962e+00 -1.816877145888532663e+00 -2.270208512839801962e+00 5.354371486634125432e+00 8.907554080450049483e+00 -1.816877145888532663e+00 8.907554080450049483e+00 -4.407198949918752717e+00
2.326422334592268371e+01 4.485207598531475881e+00 1.042516001478577969e+01 4.485207598531475881e+00 1.491375388436495264e+01 -3.706290315496892251e+00 1.042516001478577969e+01 -3.706290315496892251e+00 2.423075669879174399e+01
5.985657510055932384e+00 -4.625387793135131154e-01 7.729113729772563168e+00 -4.625387793135131154e-01 2.664621086004954265e+01 -2.083185703484151574e+01 7.729113729772563168e+00 -2.083185703484151574e+01 1.314426680244206169e+00
3.216644905019829803e+00 2.250967779174339434e+00 5.288817311377131958e+00 2.250967779174339434e+00 -1.171373638155919394e+01 7.712519801771717809e+00 5.288817311377131958e+00 7.712519801771717809e+00 -1.084454967290397498e+01
1.798100493543750744e+01 2.689356448149247680e-01 -9.160930201999347711e-01 2.689356448149247680e-01 -2.043161615685028298e+00 6.051397832139683297e-01 -9.160930201999347711e-01 6.051397832139683297e-01 4.094882370516009118e+00
-1.099471508148851484e+01 -1.245061323015924870e+00 -2.719029520344423134e-01 -1.245061323015924870e+00 -1.129242567172632405e+01 6.019112930891602709e+00 -2.719029520344423134e-01 6.019112930891602709e+00 1.166318051784922538e+01
1.221118456785095141e+01 -1.942379075098473740e+00 -1.703117044563440041e+00 -1.942379075098473740e+00 -1.164502356621743395e+01 9.424467417552171433e-01 -1.703117044563440041e+00 9.424467417552171433e-01 -2.176468004213916529e+01
2.253625383457146825e+01 8.891838049751457973e+00 1.096721293875397052e+01 8.891838049751457973e+00 2.290437341991210118e+01 -8.670978140447925808e-01 1.096721293875397052e+01 -8.670978140447925808e-01 2.548458827853821163e+00
2.440016342067814037e+01 -6.979655369555472610e+00 -1.612153324324099080e+00 -6.979655369555472610e+00 1.165925833014552104e+01 3.145874001928809616e+00 -1.612153324324099080e+00 3.145874001928809616e+00 2.684984900038209688e+01
8.951290639729956311e+00 -4.639107731747937891e+00 -4.805584172388930320e+00 -4.639107731747937891e+00 1.788779221439180223e+00 1.449981632453668112e+01 -4.805584172388930320e+00 1.449981632453668112e+01 -6.056790968607628223e+00
-1.927282308548630496e+01 -3.380552507876888324e+00 -1.991335218466405488e+00 -3.380552507876888324e+00 -5.106932541936386905e+00 4.169718320006646550e+00 -1.991335218466405488e+00 4.169718320006646550e+00 -8.606402106547719200e-01
8.245177781909896808e+00 -2.851591693779706116e+00 -5.251082537988652765e-01 -2.851591693779706116e+00 2.484222376970308677e-01 6.230398965894253571e+00 -5.251082537988652765e-01 6.230398965894253571e+00 4.836104773081370212e+00
-3.825154549988065700e+00 -1.186304609224261597e+01 -1.233609115884234519e+01 -1.186304609224261597e+01 3.588215098465747843e+01 -1.027989032580254225e+01 -1.233609115884234519e+01 -1.027989032580254225e+01 1.915926648977643865e+01
-2.915843375049830932e+00 2.444817059315720353e+00 1.067430593013879880e+00 2.444817059315720353e+00 1.771382404877456551e+01 -3.150354532788497419e+00 1.067430593013879880e+00 -3.150354532788497419e+00 2.773921629461847171e+00
