9.813248247051992834e+00 -4.393386760115504330e+00 -3.531110762343665943e+00 -4.393386760115504330e+00 6.870225821669024846e+00 4.324563845747711355e+00 -3.531110762343665943e+00 4.324563845747711355e+00 8.929682920139267566e+00
2.152909752739076588e+00 2.118210856811597154e+00 -5.510866880721891903e-01 2.118210856811597154e+00 -7.866524360215352285e-01 3.101499978310983785e+00 -5.510866880721891903e-01 3.101499978310983785e+00 -5.328241871252692441e+00
-2.931620073226265788e+01 2.534515099813005712e+00 8.115108086122342357e+00 2.534515099813005712e+00 -2.045704602572323338e+01 -1.839010264061558653e+00 8.115108086122342357e+00 -1.839010264061558653e+00 -9.776660939296139219e+00
1.623550532382666889e+00 8.390346084977114316e+00 6.502403268407840997e+00 8.390346084977114316e+00 -2.190760903349189714e+00 -1.186723923547670090e+00 6.502403268407840997e+00 -1.186723923547670090e+00 1.198716236128529999e+01
1.369928606506202939e+01 4.604322074690683664e+00 2.478507985870398223e+00 4.604322074690683664e+00 1.957802475752687243e+01 1.962180067864013555e+00 2.478507985870398223e+00 1.962180067864013555e+00 1.581346069005390120e+01
2.565802289483209364e+01 -8.882031552129175722e+00 -3.776674246360960829e+00 -8.882031552129175722e+00 4.127768392220147575e+00 -3.336561934967246512e-01 -3.776674246360960829e+00 -3.336561934967246512e-01 -7.589634538879665548e+00
-1.098879979009178776e+01 -3.076471650550315573e+00 -2.649025321941755440e+00 -3.076471650550315573e+00 9.670686128008997073e+00 -1.853942427473000309e+00 -2.649025321941755440e+00 -1.853942427473000309e+00 -1.085795531358651367e+00
1.576775090902948762e+01 -8.340615693977488476e+00 -1.261889326060974170e+01 -8.340615693977488476e+00 5.894755688488000356e-01 -3.416442104646510547e+00 -1.261889326060974170e+01 -3.416442104646510547e+00 -1.229851719776885233e+01
1.679262063968661067e+01 1.955097653140714264e+00 5.337864161447484435e+00 1.955097653140714264e+00 4.269503366661977495e+00 3.127972260984957842e+00 5.337864161447484435e+00 3.127972260984957842e+00 3.036053550728593731e+00
-1.535406041242982589e+01 9.149942881475214840e-01 4.420488665259042493e-01 9.149942881475214840e-01 -9.974647814554911562e+00 1.065794769539639475e+00 4.420488665259042493e-01 1.065794769539639475e+00 -7.662335745099568385e+00
6.532201020280424153e+00 -5.253470949855035599e+00 3.314591211793141423e-01 -5.253470949855035599e+00 1.897973927001308425e+01 -2.245144351105000435e+00 3.314591211793141423e-01 -2.245144351105000435e+00 -1.577690714749941048e+00
-2.277072653153197024e+01 1.342652759486245406e+00 -2.563372590546129981e+00 1.342652759486245406e+00 -1.913372563501818746e+01 3.190249111911781510e-01 -2.563372590546129981e+00 3.190249111911781510e-01 -3.644766585353626454e+01
2.511358424013114998e+01 1.539493194328222847e+00 2.412561994047466019e-01 1.539493194328222847e+00 2.789154883389585393e+01 -2.237857659482477057e+00 2.412561994047466019e-01 -2.237857659482477057e+00 2.561011294777486924e+01
1.187203376515111941e+01 -5.601447986402767754e-01 -7.692972362677492626e+00 -5.601447986402767754e-01 1.314660242306229776e+01 2.335445576569206150e+00 -7.692972362677492626e+00 2.335445576569206150e+00 2.173640072984958849e+01
1.037715788664298167e+01 4.812822453143446033e+00 -3.885347693161545823e+00 4.812822453143446033e+00 1.258505721864213500e+00 3.432357327787226797e+00 -3.885347693161545823e+00 3.432357327787226797e+00 -3.796178259427013479e+00
-2.211673926112408139e+01 -5.436410525680483552e+00 -3.228487510485014145e+00 -5.436410525680483552e+00 -1.564445084255767959e+01 3.363855455253613513e+00 -3.228487510485014145e+00 3.363855455253613513e+00 -1.082702029763938789e+01
3.955578504667590423e+00 3.562512426104231800e-01 -3.474764684439087148e+00 3.562512426104231800e-01 8.682350361201461197e+00 3.005855076825496575e+00 -3.474764684439087148e+00 3.005855076825496575e+00 1.512181745104008002e+01
-3.508412723538961586e+01 4.419907128623286496e+00 2.925292855889424448e+00 4.419907128623286496e+00 -2.849439480644674916e+01 6.850468857128348965e-01 2.925292855889424448e+00 6.850468857128348965e-01 -3.012135438955647260e+01
2.565802289483209364e+01 -8.882031552129175722e+00 -3.776674246360960829e+00 -8.882031552129175722e+00 4.127768392220147575e+00 -3.336561934967246512e-01 -3.776674246360960829e+00 -3.336561934967246512e-01 -7.589634538879665548e+00
8.449078392404111071e+00 4.220056645282093122e+00 -3.238991470750001711e-01 4.220056645282093122e+00 1.037944612182176840e+01 4.262745110540600457e+00 -3.238991470750001711e-01 4.262745110540600457e+00 1.450405766747297065e+01
7.185554203442719334e+00 -1.068641356513478158e+01 5.743978625899971213e+00 -1.068641356513478158e+01 4.670761812809978153e+00 1.224277338120086434e+00 5.743978625899971213e+00 1.224277338120086434e+00 1.013989430552453541e+01
-2.194750190812977308e+01 3.693473082734641810e+00 -3.715033309200061473e-01 3.693473082734641810e+00 -1.103854804666721456e+01 -2.502758754932713631e-02 -3.715033309200061473e-01 -2.502758754932713631e-02 -1.580308270944620297e+01
6.682713944816673290e+01 -4.342493524334329003e+00 6.974012510101921691e+00 -4.342493524334329003e+00 4.054403517240854882e+01 1.278842825745688927e+01 6.974012510101921691e+00 1.278842825745688927e+01 4.717395323095877302e+01
1.180382707165718248e+00 7.511756097455363879e+00 7.268039699725934000e+00 7.511756097455363879e+00 -5.459439746383869085e+00 3.120084196567691759e+00 7.268039699725934000e+00 3.120084196567691759e+00 -2.302274748766820256e+00
2.010027919554691422e+01 -7.244235609671266118e+00 -6.377049245824670254e-02 -7.244235609671266118e+00 1.692916107746993504e+01 1.781527814629540463e-01 -6.377049245824670254e-02 1.781527814629540463e-01 5.919668565923322134e+00
9.918013593036063114e+00 -6.200148659558741837e-01 1.477368144690040186e+00 -6.200148659558741837e-01 1.714004047604187164e+01 5.438762784833603980e+00 1.477368144690040186e+00 5.438762784833603980e+00 1.106137834344078641e+01
3.466841799683499370e-01 4.250372307228496460e+00 1.888131741737623992e+00 4.250372307228496460e+00 -5.624280638998209625e+00 -4.495023868645325216e+00 1.888131741737623992e+00 -4.495023868645325216e+00 2.764481533939036950e+00
1.079545152814287690e+01 -1.020619649899261683e+00 -6.378595725006521278e+00 -1.020619649899261683e+00 1.285606586383993744e+01 1.822969676218406665e+00 -6.378595725006521278e+00 1.822969676218406665e+00 2.369873205827092377e+01
-1.956649109102648154e+01 -4.788091584715126636e+00 -6.821601238283692137e-01 -4.788091584715126636e+00 -2.270998466113411496e+01 9.750343317895151518e-01 -6.821601238283692137e-01 9.750343317895151518e-01 -1.185356457413234743e+01
8.904056718157431050e+00 5.473639833585642656e+00 2.446725615674429477e+00 5.473639833585642656e+00 9.186344752510061440e+00 -2.850686918238263257e+00 2.446725615674429477e+00 -2.850686918238263257e+00 9.999723706424941128e+00
-1.576866545651635931e+01 2.309654250465700831e-02 2.149809126186884800e+00 2.309654250465700831e-02 -1.397899139915742595e+01 3.192196448006034970e-01 2.149809126186884800e+00 3.192196448006034970e-01 -9.631066040708735621e-01
4.122029624915883872e+00 -1.879301598087651071e+00 -1.166307991538111155e+00 -1.879301598087651071e+00 7.643087065579229566e+00 -1.414194734246735641e-01 -1.166307991538111155e+00 -1.414194734246735641e-01 6.756394331566808908e+00
-1.188189838178214508e+01 8.461936904603216902e+00 3.597760643918451073e+00 8.461936904603216902e+00 -1.264259272520826549e+01 -8.675365864317570175e-01 3.597760643918451073e+00 -8.675365864317570175e-01 -1.582581280954483027e+01
-6.660932614943911867e-01 -3.683828484862521346e+00 -1.880074296939744594e+00 -3.683828484862521346e+00 9.667200087548872389e+00 -5.114643475774751202e+00 -1.880074296939744594e+00 -5.114643475774751202e+00 -9.119653731008723341e+00
-2.665428294171040768e+00 2.711904061698058310e+00 1.975903061242889613e+00 2.711904061698058310e+00 8.258250693864439551e-01 -2.126786615490088295e+00 1.975903061242889613e+00 -2.126786615490088295e+00 1.442750657704842077e+01
2.502116642848778216e+00 -4.149007070589740387e+00 -5.974562909839721492e+00 -4.149007070589740387e+00 6.031953701004670876e+00 6.071742291120998836e+00 -5.974562909839721492e+00 6.071742291120998836e+00 -8.076855321221332318e+00
1.102723956299523600e+01 -3.712136040057517405e+00 4.276391404965304566e-01 -3.712136040057517405e+00 8.890345954890719327e+00 3.578854624025821773e-01 4.276391404965304566e-01 3.578854624025821773e-01 -6.475001875307604404e-01
2.219802654047882839e+01 3.505380093280855647e+00 2.593775184939987599e-01 3.505380093280855647e+00 4.774030316785637496e+00 6.951398750836357721e+00 2.593775184939987599e-01 6.951398750836357721e+00 8.593682704323320820e+00
-1.205522906976222863e+01 -5.623331842711210449e+00 -7.556853139990550083e+00 -5.623331842711210449e+00 9.781184325804995749e-01 1.137175496419490672e+00 -7.556853139990550083e+00 1.137175496419490672e+00 -2.153588959622100063e+01
3.571665241793418488e+01 -1.664366802397784451e+00 -5.249115589174887520e-01 -1.664366802397784451e+00 1.433126780510764142e+01 4.862413912644195868e+00 -5.249115589174887520e-01 4.862413912644195868e+00 1.811370546645123270e+01
1.965527266991761834e+01 -7.006151470940472636e-01 -9.198184542399860941e-01 -7.006151470940472636e-01 2.425336306012748011e+01 -9.953928362920165529e-02 -9.198184542399860941e-01 -9.953928362920165529e-02 2.008520112425231829e+01
-1.000692537338690435e+01 -6.034005283797978514e-01 1.314302048154719182e+00 -6.034005283797978514e-01 -7.175788726433389719e-01 -7.559019517922072495e+00 1.314302048154719182e+00 -7.559019517922072495e+00 5.708288010459731332e+00
-2.787549076164000716e+00 2.804832671564602364e+00 -2.807829589531928072e+00 2.804832671564602364e+00 2.809850879087650188e+00 3.357246035807681661e+00 -2.807829589531928072e+00 3.357246035807681661e+00 5.523025193319591963e+00
3.013884703276869637e+00 1.064198603018452260e+00 4.560193954301136054e-01 1.064198603018452260e+00 -2.357042551861920465e+00 3.183706628871731059e+00 4.560193954301136054e-01 3.183706628871731059e+00 -2.404805447644896788e+01
1.349953038678197537e+01 -9.706499365904341925e-01 -9.283984138023745336e-01 -9.706499365904341925e-01 6.735400707540807552e+00 7.743768852446092588e+00 -9.283984138023745336e-01 7.743768852446092588e+00 2.773376728755139453e+01
-1.781638682977252941e+01 1.736330976053157338e+00 2.808658712036735228e+00 1.736330976053157338e+00 -1.130588724148075208e+01 -1.835595848508746020e+00 2.808658712036735228e+00 -1.835595848508746020e+00 5.084969638385434809e-01
-2.401326713150768200e+01 6.209129417488327141e-01 -1.430500334568296950e+00 6.209129417488327141e-01 -8.749821476696389766e+00 -7.210316016670240025e+00 -1.430500334568296950e+00 -7.210316016670240025e+00 -2.365722860154437512e+01
-1.707651232651049344e+00 -5.382247325455634446e+00 5.077670337666695399e-01 -5.382247325455634446e+00 -2.790420000707007020e+00 -7.660790077133728948e-01 5.077670337666695399e-01 -7.660790077133728948e-01 -5.456818723501146717e-01
-1.938192566470061706e+01 3.377560628297719969e-01 -5.426306484816882658e-02 3.377560628297719969e-01 -7.141258271087623122e+00 2.824200640111092508e-01 -5.426306484816882658e-02 2.824200640111092508e-01 -1.244738346877455371e+01
3.144146873976084944e+00 -1.781890271440708384e-01 1.864370824840867913e+00 -1.781890271440708384e-01 -7.733053069458939888e+00 2.448995154641496086e+00 1.864370824840867913e+00 2.448995154641496086e+00 -4.465591734188557815e+00
