-3.237703864094250861e+01 7.160684471615835101e+00 4.349224847124623317e+00 7.160684471615835101e+00 -2.550416507891710793e+01 -3.275073097023066815e+00 4.349224847124623317e+00 -3.275073097023066815e+00 -3.904443825844254690e+01
5.359992333460044733e+01 2.932351645271737084e+01 2.048757905103112975e+01 2.932351645271737084e+01 3.108634165955831818e+01 -5.640753535791304785e+00 2.048757905103112975e+01 -5.640753535791304785e+00 5.988126111344899982e+01
3.132281768307026937e+01 -5.505366108181255491e-01 -5.418814989854686459e+00 -5.505366108181255491e-01 7.988778391818948110e-01 2.087600270729445207e+00 -5.418814989854686459e+00 2.087600270729445207e+00 -2.438478549392816941e+00
3.315325807433555649e+00 -6.239221705604505175e+00 -1.772322163991317590e+00 -6.239221705604505175e+00 8.309696936447910076e+00 -3.574723241907102889e+00 -1.772322163991317590e+00 -3.574723241907102889e+00 7.503409130485005463e+00
5.307917979098929484e-01 -3.046885270174533922e+00 2.022163562958991800e+00 -3.046885270174533922e+00 -2.450822084464478134e+00 7.435210096517927525e+00 2.022163562958991800e+00 7.435210096517927525e+00 3.743641146176540868e+00
3.906075140609446805e+01 -6.613698049142195501e+00 -5.137673180511452387e+00 -6.613698049142195501e+00 1.797402193856159958e+00 1.638700494813491781e+00 -5.137673180511452387e+00 1.638700494813491781e+00 2.255394490304728716e+00
-3.876810159668139022e+01 -1.026874687745814585e+00 -3.655141041442472538e+00 -1.026874687745814585e+00 -1.397427608454653081e+00 -7.968159128297467753e+00 -3.655141041442472538e+00 -7.968159128297467753e+00 2.200197241054862829e+01
-1.063986428663170791e+01 -1.187133438286089770e+01 -2.882032659374496486e+00 -1.187133438286089770e+01 1.900456585739769366e+01 -2.889747156200559886e+00 -2.882032659374496486e+00 -2.889747156200559886e+00 1.950026082240533043e+01
-1.191392836599658800e+01 1.098045962890693872e+01 4.318333370030935647e+00 1.098045962890693872e+01 3.571307099214144909e+00 -4.536598964653052235e+00 4.318333370030935647e+00 -4.536598964653052235e+00 -9.045280710422487047e+00
2.018082375788389626e+01 -1.324352110951396888e+01 -4.077631434353771317e-02 -1.324352110951396888e+01 -2.778295749413822957e+00 -2.008526373656108199e-02 -4.077631434353771317e-02 -2.008526373656108199e-02 1.560494405255427885e+01
1.680438333887335878e+00 9.102739485267630215e+00 -1.478088673636859918e+00 9.102739485267630215e+00 9.372027202143752567e-02 5.032807161262126350e+00 -1.478088673636859918e+00 5.032807161262126350e+00 -4.061491497416992225e+00
2.529688822195929987e+01 -2.960115720872789513e+00 4.580402033553912844e+00 -2.960115720872789513e+00 2.458138281696339433e+01 8.720164654392796422e+00 4.580402033553912844e+00 8.720164654392796422e+00 3.113212849363053536e+01
8.125714835776197409e-02 5.011677666743084458e+00 -4.610339522259019773e+00 5.011677666743084458e+00 -2.502383167699025535e+01 8.536103463134796954e+00 -4.610339522259019773e+00 8.536103463134796954e+00 -9.826496293790830450e+00
3.947953767357790689e+00 -4.767273305212168744e+00 4.961447824169280985e+00 -4.767273305212168744e+00 -9.691657461517932504e+00 -5.703871372648577243e+00 4.961447824169280985e+00 -5.703871372648577243e+00 1.772236857660255849e+00
1.780987062600316051e+01 6.587704583549428783e+00 1.183262256378605937e+00 6.587704583549428783e+00 1.767530964192529197e+01 -9.238913160858388096e+00 1.183262256378605937e+00 -9.238913160858388096e+00 5.871688127776232058e+00
-1.236600043299153961e+00 -4.264845812076396570e+00 4.372688288984458715e+00 -4.264845812076396570e+00 -7.646163795871268931e+00 -2.369592629721438914e+00 4.372688288984458715e+00 -2.369592629721438914e+00 -1.068658703930827958e+00
-1.190532078470764610e+01 -3.750862542754053841e+00 -8.500736176311132652e+00 -3.750862542754053841e+00 2.019275859837209308e-01 -2.883975348459163701e+00 -8.500736176311132652e+00 -2.883975348459163701e+00 -1.473377722078681984e+01
-1.373919478740976530e+00 1.044584192885174190e+01 5.679540902275196146e+00 1.044584192885174190e+01 -6.345782200968337339e-01 -1.055943170743816273e+00 5.679540902275196146e+00 -1.055943170743816273e+00 6.726980720249898127e+00
3.259745626745284852e+01 -1.425728066987764109e+01 -6.109336960270021599e+00 -1.425728066987764109e+01 4.096090840250584364e+01 4.414182994867602794e+00 -6.109336960270021599e+00 4.414182994867602794e+00 3.498070901028908963e+01
3.996803849544735243e+01 9.906365603650819196e+00 3.531755951212273703e-01 9.906365603650819196e+00 -1.724469831511451723e+00 -3.239053287311698615e+00 3.531755951212273703e-01 -3.239053287311698615e+00 2.484484785296100284e+01
1.716431676174092047e+01 8.030037465488725212e-01 4.000154721334844510e+00 8.030037465488725212e-01 7.769399415501234252e+00 1.582234748969391092e+01 4.000154721334844510e+00 1.582234748969391092e+01 4.668634043031000047e+00
3.116927274962520045e+01 3.270747091174387222e+00 1.828681070006578757e+00 3.270747091174387222e+00 1.008635674116073133e+01 1.550727420848922300e+01 1.828681070006578757e+00 1.550727420848922300e+01 -9.810887575457343246e+00
-5.650661335317394673e+00 -1.836733407739485457e+00 -1.069133651700178156e+00 -1.836733407739485457e+00 -9.697467304376059527e-01 5.446087771153204082e-01 -1.069133651700178156e+00 5.446087771153204082e-01 3.022102430211510260e+00
-4.129804583411038266e+01 -4.095912687593050272e+00 -1.626367991390697210e+00 -4.095912687593050272e+00 -1.697953221027690773e+01 -4.213967410384731771e+00 -1.626367991390697210e+00 -4.213967410384731771e+00 -4.209232128527838057e+01
-7.785471990718795254e+00 -4.966513555553562220e+00 -5.699719139974017690e-01 -4.966513555553562220e+00 -1.224211398518516125e+00 2.665797275275695100e+00 -5.699719139974017690e-01 2.665797275275695100e+00 7.880611972640696017e+00
-2.972970213579810661e+01 6.176027100556215288e+00 -6.486341769992187700e+00 6.176027100556215288e+00 -2.062377492510819721e+01 -3.815485824840858964e+00 -6.486341769992187700e+00 -3.815485824840858964e+00 -1.700974504045134239e+01
1.354972038780702270e+01 3.514571661326384877e+00 3.555423441817575192e+00 3.514571661326384877e+00 9.227947698390298825e+00 1.006013217573415908e+01 3.555423441817575192e+00 1.006013217573415908e+01 4.872827435704246035e+00
-4.680697501291791518e+00 1.480877276947179799e-01 6.129427330377854588e-01 1.480877276947179799e-01 -1.204195975755299663e+01 1.632758694416639678e+00 6.129427330377854588e-01 1.632758694416639678e+00 -2.799570243044323448e+01
-6.890888990105676015e+00 1.112877528071260613e+00 3.818469555968114104e+00 1.112877528071260613e+00 -1.285776559431010568e+01 -1.683781841691661896e+00 3.818469555968114104e+00 -1.683781841691661896e+00 -1.754343352399054368e+01
8.506724618499339474e-01 8.539537930151542611e+00 -2.611208496300316817e+00 8.539537930151542611e+00 -2.905239464798788251e+00 1.274864344785973325e+00 -2.611208496300316817e+00 1.274864344785973325e+00 -1.173453728686386643e+00
-4.079647688637138891e+00 -9.085088616976683129e-01 -8.548442444092801296e+00 -9.085088616976683129e-01 5.235715394804640876e-01 -1.359859574512622515e+00 -8.548442444092801296e+00 -1.359859574512622515e+00 9.456695560214007923e-01
-4.295953579121242427e+01 -4.127070413795300929e+00 -4.380643549619104071e+00 -4.127070413795300929e+00 -2.802080002738259079e+00 -1.143171409933897742e+01 -4.380643549619104071e+00 -1.143171409933897742e+01 -3.297227666831894766e+01
-1.992672533485049513e+01 -5.689255814650020504e+00 -8.320067263306690775e-01 -5.689255814650020504e+00 -1.386212754076707476e+01 -5.848908742566021779e+00 -8.320067263306690775e-01 -5.848908742566021779e+00 -9.388829341795553063e+00
-1.413237760381323938e+01 2.369075344328941402e+00 7.967325983650818122e-01 2.369075344328941402e+00 -2.074005811800762800e+01 5.508688620356565480e+00 7.967325983650818122e-01 5.508688620356565480e+00 5.045349650834723754e+00
-2.543007435370722380e+00 -1.190995927072131622e+01 -9.270168171112231903e+00 -1.190995927072131622e+01 3.232921145254753981e+01 -1.027919634928184500e+01 -9.270168171112231903e+00 -1.027919634928184500e+01 2.707534560999092221e+01
-3.508787717783766080e+00 1.640491505216941759e+00 7.264745366646920832e-01 1.640491505216941759e+00 -2.049347195041483616e+01 8.600499385536146679e-01 7.264745366646920832e-01 8.600499385536146679e-01 -3.863609560731052284e+01
-1.242365644456428636e-02 4.130149690150013875e+00 1.278665833700088150e+01 4.130149690150013875e+00 -1.136403323870516502e+01 4.905009765971088953e+00 1.278665833700088150e+01 4.905009765971088953e+00 -3.383953097227165419e+00
2.756169879666912337e+01 7.101221213394056875e+00 4.089411506989626410e+00 7.101221213394056875e+00 3.274716988357738945e+00 3.680493431990086162e+00 4.089411506989626410e+00 3.680493431990086162e+00 1.513172586438480316e+01
-8.389705974958271639e+00 -5.365355841160431183e+00 -3.446423309547674840e+00 -5.365355841160431183e+00 -8.803392458610058924e+00 7.506292284851649121e+00 -3.446423309547674840e+00 7.506292284851649121e+00 -2.494074719782074823e+01
-2.491990382498660850e+01 -4.236496048302734962e+00 -5.189769316114816178e+00 -4.236496048302734962e+00 -2.064221364143501702e+01 8.803502502980741218e-01 -5.189769316114816178e+00 8.803502502980741218e-01 -9.670027004470975740e+00
6.032374099666907341e+01 1.052737352743255883e+01 -3.743967786376024343e+00 1.052737352743255883e+01 1.937568601234023902e+01 3.246343048774592344e+00 -3.743967786376024343e+00 3.246343048774592344e+00 3.741920993827856989e+01
-1.755578655603967420e+01 5.405947017352950024e-01 2.952619982918133212e-01 5.405947017352950024e-01 -1.271463703891500430e+00 -4.582109315454541143e-01 2.952619982918133212e-01 -4.582109315454541143e-01 -1.264958352486743642e+01
1.204285271308821947e+01 -1.387281754510948595e+01 -2.437929801699195487e+00 -1.387281754510948595e+01 1.162700023548257278e+01 3.152640414215701181e+00 -2.437929801699195487e+00 3.152640414215701181e+00 1.059655664576482614e+01
-1.174740121922184777e+01 2.544416237493602573e+00 3.408203213437383639e+00 2.544416237493602573e+00 -1.070278181218801805e+00 -2.762428185640383393e+00 3.408203213437383639e+00 -2.762428185640383393e+00 -1.141165802850321143e+01
3.056454559754696376e+01 -2.799726126019285832e+00 6.025230409338956150e+00 -2.799726126019285832e+00 -1.727879395220524472e+01 1.237518932863131127e+01 6.025230409338956150e+00 1.237518932863131127e+01 -1.616258462073639279e+01
5.919367923579900825e+00 2.077536528056369569e+00 -5.252193559095180042e+00 2.077536528056369569e+00 -1.155090229142067493e+01 3.084107524463004513e+00 -5.252193559095180042e+00 3.084107524463004513e+00 -2.125540126449612188e+01
-2.403941587814678726e+01 4.533871447983855441e-01 2.563777723956939258e+00 4.533871447983855441e-01 1.565459144892017918e+01 -4.624160628336975165e+00 2.563777723956939258e+00 -4.624160628336975165e+00 1.700783168201782658e+01
-3.017611110705830058e+01 -1.088744855450378957e+01 -5.262515812484651612e+00 -1.088744855450378957e+01 6.862753855119737345e+00 -5.926257123614164790e+00 -5.262515812484651612e+00 -5.926257123614164790e+00 -1.616354599749035259e+01
2.105944318457056497e+01 2.096126317800446059e-01 1.975988820656257028e+00 2.096126317800446059e-01 1.080864245429152959e+01 -6.111162245260839398e+00 1.975988820656257028e+00 -6.111162245260839398e+00 -1.388774925602332821e+01
2.768273239869405344e+01 -1.598371410915714463e+01 -9.632013096058456014e+00 -1.598371410915714463e+01 4.669626334984108240e+01 -1.201422088800358168e+01 -9.632013096058456014e+00 -1.201422088800358168e+01 2.306642922107201699e+01
