-1.033424938858410513e+01 1.734075206694094540e-01 1.420237230242164250e-01 1.734075206694094540e-01 -4.925903736647968323e+00 2.714778754173982733e+00 1.420237230242164250e-01 2.714778754173982733e+00 -7.168364956550977718e-01
1.460337622563503412e+00 6.444796552081927254e-01 5.136067927088603380e-01 6.444796552081927254e-01 7.312528046474594312e+00 3.693779544432278517e+00 5.136067927088603380e-01 3.693779544432278517e+00 5.699825286133735958e+00
7.873458749841260484e+00 -9.412451995629098178e+00 2.808170454201225130e+00 -9.412451995629098178e+00 1.545274541695271564e+00 -4.044280543621394663e+00 2.808170454201225130e+00 -4.044280543621394663e+00 1.579868866307542774e+01
1.327257780927028286e+01 6.840409283875774626e+00 -2.171255696353217024e-01 6.840409283875774626e+00 -3.943178978167162896e+00 6.586988192409990006e+00 -2.171255696353217024e-01 6.586988192409990006e+00 3.701536502561815212e+00
3.622652802745530920e+00 -3.102294390080928110e+00 6.950237287093795624e-01 -3.102294390080928110e+00 -1.961418112338468411e+00 6.272556911124816281e+00 6.950237287093795624e-01 6.272556911124816281e+00 8.306728624380454562e+00
1.091337200108590544e+01 1.986594454280441457e+00 -2.658875789796423916e+00 1.986594454280441457e+00 1.563823868700188768e+01 7.194167679876114496e-01 -2.658875789796423916e+00 7.194167679876114496e-01 1.372790982287990502e+01
1.236204798287980289e+01 -1.773757013543275196e+00 3.557166725710023680e-01 -1.773757013543275196e+00 1.292404577069362936e+01 -4.329144696959821736e+00 3.557166725710023680e-01 -4.329144696959821736e+00 1.911830256963613550e+01
-5.004036976703628348e+00 -2.534935814481989347e+00 5.479956004136550263e-01 -2.534935814481989347e+00 -4.943098854296084643e-01 6.661855897357799705e+00 5.479956004136550263e-01 6.661855897357799705e+00 1.098903712216173112e+01
1.362079957758268023e+01 -1.180158437940157512e+01 1.487776761335709019e-01 -1.180158437940157512e+01 1.114457786267029427e+01 -3.063327123167401300e+00 1.487776761335709019e-01 -3.063327123167401300e+00 6.587838900234753048e+00
1.028230821890808500e+01 5.225545303673043485e+00 3.967204771640907346e+00 5.225545303673043485e+00 -5.308754341433013835e+00 -4.763301440454299041e+00 3.967204771640907346e+00 -4.763301440454299041e+00 -5.176066145080344683e+00
2.192269916597969726e+01 -1.758958340079884275e+00 -1.499487947689951639e+00 -1.758958340079884275e+00 -1.816839470227785913e+00 4.848343982540617603e+00 -1.499487947689951639e+00 4.848343982540617603e+00 2.112866772634923151e+01
-2.914851028075054629e+01 1.032263389941486409e+01 -1.010107437642215888e+00 1.032263389941486409e+01 -2.303967398174568526e+00 -8.667632706581298585e-01 -1.010107437642215888e+00 -8.667632706581298585e-01 -9.785298415302973396e+00
1.131961951799078925e+01 -4.302666575804461324e+00 -8.545104623524175935e-02 -4.302666575804461324e+00 5.555988428649502708e+00 4.100921413288642903e+00 -8.545104623524175935e-02 4.100921413288642903e+00 7.394244149023500690e+00
-1.425891389854505498e+01 -1.318753178763126810e-01 2.851367498273898349e+00 -1.318753178763126810e-01 9.021247184867743130e+00 2.305383856683327348e+00 2.851367498273898349e+00 2.305383856683327348e+00 1.401418819689961559e+01
-4.373136673149019771e+00 4.893842772736817892e+00 3.528146735009769053e+00 4.893842772736817892e+00 -7.154894598228391800e-01 -1.722050736958843142e+00 3.528146735009769053e+00 -1.722050736958843142e+00 -9.068378053784053705e+00
3.058332951562996627e+01 -3.490781801270429696e+00 7.009558084848556136e-01 -3.490781801270429696e+00 2.739940988288784851e+01 -6.091112008029571534e+00 7.009558084848556136e-01 -6.091112008029571534e+00 2.526604480875504422e+01
-7.799662921218867950e+00 1.644421257050472152e+00 6.524759528438821565e-01 1.644421257050472152e+00 -1.719268547149190951e+01 -3.876892546085983327e+00 6.524759528438821565e-01 -3.876892546085983327e+00 -5.272186346517713673e+00
1.013750336597819768e+01 -9.914345572175166765e+00 4.239088060949146808e+00 -9.914345572175166765e+00 7.119561056074861227e+00 -8.712737230658733623e-01 4.239088060949146808e+00 -8.712737230658733623e-01 -1.472766642828076122e+01
6.856808508402511215e+00 -8.892037908758210207e+00 3.814206812149638193e+00 -8.892037908758210207e+00 6.096992478329799958e+00 -4.564870673991987537e+00 3.814206812149638193e+00 -4.564870673991987537e+00 -6.116212613072788074e+00
2.766150533608229622e+01 2.777119761253141750e-01 -3.969593982890221362e+00 2.777119761253141750e-01 2.073949133355614549e+01 6.259787323332051123e+00 -3.969593982890221362e+00 6.259787323332051123e+00 2.816315878145544005e+01
1.046329363705397952e+01 1.136032195598243311e+00 3.437171457862933988e+00 1.136032195598243311e+00 1.451728411130176966e+01 7.926503382227108041e+00 3.437171457862933988e+00 7.926503382227108041e+00 5.480284421411612428e+00
2.370067457314086923e+01 5.917139894980812942e-01 -2.071655779294311106e+00 5.917139894980812942e-01 2.994107007528496212e+01 4.302592210693799935e+00 -2.071655779294311106e+00 4.302592210693799935e+00 3.727483800442064421e+01
1.308623522897354796e+01 2.944619299456035844e+00 1.579542369091376131e+00 2.944619299456035844e+00 1.639055460708416589e+01 3.575847484942994980e-01 1.579542369091376131e+00 3.575847484942994980e-01 6.277181039868112045e+00
-4.006963473890198024e+00 -4.960517624324620872e-02 3.588170985424255832e+00 -4.960517624324620872e-02 2.120719642508883496e+01 1.006734658573290364e+00 3.588170985424255832e+00 1.006734658573290364e+00 7.215162778639251151e+00
-1.192567604791077684e+01 -2.501754970494487029e+00 -4.556322586544868436e+00 -2.501754970494487029e+00 -1.568300816360451044e+01 2.784829897670854759e+00 -4.556322586544868436e+00 2.784829897670854759e+00 -1.364048012585813296e+01
2.277254279156184680e+01 -1.437039027759195564e+00 1.479499174636271785e+00 -1.437039027759195564e+00 1.800805047099091283e+01 -7.581287970761866113e+00 1.479499174636271785e+00 -7.581287970761866113e+00 3.210673376426811387e+01
-2.284476657495317653e+01 3.981416229594779921e+00 5.846456193603466467e+00 3.981416229594779921e+00 -5.090758126788911930e+00 3.393379739757189650e+00 5.846456193603466467e+00 3.393379739757189650e+00 -8.280413291126471620e+00
-1.129516741564510873e+01 -4.946673942201285534e+00 6.424787576372040121e+00 -4.946673942201285534e+00 -8.606270516626015610e-01 4.909598358268795204e-01 6.424787576372040121e+00 4.909598358268795204e-01 1.785732430388009107e+01
-3.668743857778952400e+00 -1.862593386550053243e+00 -4.587019431767488165e+00 -1.862593386550053243e+00 2.205547705222470611e+01 5.175220328272263970e+00 -4.587019431767488165e+00 5.175220328272263970e+00 1.382632932983319130e+01
-2.074230965818421524e+01 3.697078743536728052e-01 4.822486139975802999e+00 3.697078743536728052e-01 -1.482448240869602785e+01 4.581699999694022751e-01 4.822486139975802999e+00 4.581699999694022751e-01 -7.885524111180859386e+00
-1.270383886006817065e+00 4.112330228526309028e+00 -4.088742390196511423e+00 4.112330228526309028e+00 -8.311793752906641686e+00 4.916971914813385247e+00 -4.088742390196511423e+00 4.916971914813385247e+00 2.814578331591582128e+01
7.162326686402246345e+00 1.001510044411711853e+01 -3.119981451935585071e-01 1.001510044411711853e+01 -6.220770569221746094e+00 -5.740508889983340524e+00 -3.119981451935585071e-01 -5.740508889983340524e+00 -1.092897633145790515e+01
-2.645450659115786696e+00 2.322213446588803798e+00 1.340441638261906210e+00 2.322213446588803798e+00 -7.834717469356275110e+00 6.218349565625481690e-01 1.340441638261906210e+00 6.218349565625481690e-01 4.404071092399105325e+00
3.172949978120604086e+01 -9.092008571244829085e+00 3.003564295854249888e+00 -9.092008571244829085e+00 5.536678373077785764e+00 2.903522173861806110e-01 3.003564295854249888e+00 2.903522173861806110e-01 1.764960980956888648e+01
9.242504620152748984e+00 5.796200097184331490e+00 -2.696699382478533913e+00 5.796200097184331490e+00 1.219201082149243831e+01 -8.110525302326625052e+00 -2.696699382478533913e+00 -8.110525302326625052e+00 1.871917646258372647e+00
1.968641289583550247e+01 1.087475706712971046e+01 1.368854137000081961e+00 1.087475706712971046e+01 8.462954058416835679e+00 -4.044146749357221182e+00 1.368854137000081961e+00 -4.044146749357221182e+00 1.775807991877528380e+01
2.149108893822875999e+01 -2.391900711944364932e+00 1.902886566902008969e+00 -2.391900711944364932e+00 4.037036546098450529e+00 -4.877626126864019085e+00 1.902886566902008969e+00 -4.877626126864019085e+00 1.026016338803920469e+01
-8.663712861473850779e+00 3.902915595227681056e+00 -9.268644334127611462e-01 3.902915595227681056e+00 -5.485281745886696925e+00 -5.673944327501883933e+00 -9.268644334127611462e-01 -5.673944327501883933e+00 -5.141707194827166205e+00
-5.463544530053524362e+00 -3.013325637785390754e+00 1.219791489047685751e+00 -3.013325637785390754e+00 -1.202229132246159260e+01 -6.295157170146759018e-01 1.219791489047685751e+00 -6.295157170146759018e-01 9.623438598066128336e+00
-4.764983794189465272e+00 4.280913291393201092e+00 6.642041983483561118e+00 4.280913291393201092e+00 -6.595102778339058114e-01 2.884249358895170090e+00 6.642041983483561118e+00 2.884249358895170090e+00 -1.153464487398632699e+01
1.554805975193237089e+01 7.249599611480477268e-01 1.490114774510531648e+00 7.249599611480477268e-01 2.003520691118361796e+01 1.635747845608851891e+00 1.490114774510531648e+00 1.635747845608851891e+00 1.385556056936813007e+01
1.546104401311977483e+01 5.918222806726355145e+00 -2.449844595218986787e-01 5.918222806726355145e+00 1.465397754544082609e+01 -5.610625889615343809e+00 -2.449844595218986787e-01 -5.610625889615343809e+00 1.362078171772635038e+01
5.795281072908053055e+00 -7.447198442610832858e-01 6.827347801153277551e+00 -7.447198442610832858e-01 6.823458970145846791e+00 3.960785989519085337e+00 6.827347801153277551e+00 3.960785989519085337e+00 8.643559574581935578e+00
-1.595371968734766988e+01 -1.909897275887309842e+00 -2.718792877058747726e-01 -1.909897275887309842e+00 -1.538053041095859363e+01 5.318095531721396263e+00 -2.718792877058747726e-01 5.318095531721396263e+00 -5.961463145247281048e+00
1.883193572232246815e+00 -1.205911001136531935e+00 -4.832690319748976226e-01 -1.205911001136531935e+00 -4.533912084044883883e+00 -4.379317122633587189e+00 -4.832690319748976226e-01 -4.379317122633587189e+00 -1.220645397639051666e+00
