3.729356722019150538e+01 3.974371891946651303e+00 1.488786244982430729e-01 3.974371891946651303e+00 2.746802635693579830e+01 -9.057163623858839330e-01 1.488786244982430729e-01 -9.057163623858839330e-01 2.827502645920340285e+01
2.223368395148564503e+01 3.741621293079202992e+00 -2.234596075005435001e+00 3.741621293079202992e+00 3.861424056974219976e+00 4.150621425168868894e-01 -2.234596075005435001e+00 4.150621425168868894e-01 4.387069287663479145e+00
2.507489873044323581e+00 -7.379734046619781385e-01 -1.983640471579742659e+00 -7.379734046619781385e-01 -2.353494239870458915e-01 1.907480228913090992e+00 -1.983640471579742659e+00 1.907480228913090992e+00 1.737895398608198505e+01
9.191428669484077218e+00 3.724147591109365329e+00 6.911182816169550769e+00 3.724147591109365329e+00 1.214210293036053656e+01 -8.030173355510799027e+00 6.911182816169550769e+00 -8.030173355510799027e+00 9.530733444437739621e+00
1.291839395752130315e+01 -7.249859171764131416e-01 -2.440729451374178960e-01 -7.249859171764131416e-01 1.066063235681176558e+01 1.624460603020470462e+00 -2.440729451374178960e-01 1.624460603020470462e+00 1.242726473971687717e+01
1.100915096378707680e+01 2.143679220404447694e+00 2.602393005361157474e+00 2.143679220404447694e+00 8.766500723871148537e+00 2.481888421982110238e+00 2.602393005361157474e+00 2.481888421982110238e+00 1.046774139363855127e+01
-6.887973130955899137e+00 -1.378657264964657569e+00 -6.899283838935687641e+00 -1.378657264964657569e+00 -8.131329226778980512e+00 1.667102730684354217e+00 -6.899283838935687641e+00 1.667102730684354217e+00 -6.201913696499961937e+00
3.208679390362187434e+01 2.016175107062017524e+00 -7.839513573550667136e-01 2.016175107062017524e+00 1.522232947403450787e+01 -5.630471869165676324e-01 -7.839513573550667136e-01 -5.630471869165676324e-01 1.647553494588837708e+01
1.041861058556560593e+01 -2.164208890854135425e-01 6.688384260679866022e-01 -2.164208890854135425e-01 7.385449742446781762e+00 2.509392463452825517e+00 6.688384260679866022e-01 2.509392463452825517e+00 6.397217204990981898e+00
2.430359917311256623e+01 -8.042825928915443567e-01 -2.533715739437980563e-01 -8.042825928915443567e-01 2.126800028186476155e+01 1.451563225026929027e+00 -2.533715739437980563e-01 1.451563225026929027e+00 1.959579040109002079e+01
1.349686263825702603e+01 -9.365767129898491250e-01 -5.500703960221539068e-01 -9.365767129898491250e-01 1.063165325161546271e+01 8.530122291563541737e+00 -5.500703960221539068e-01 8.530122291563541737e+00 1.746694975629632651e+01
6.631482010186742571e+01 -1.593607085077425367e+01 -4.257924765292501412e+00 -1.593607085077425367e+01 9.420812442030931777e+01 7.598571822701583045e+00 -4.257924765292501412e+00 7.598571822701583045e+00 8.407552588942780858e+01
1.850255657987920088e+01 1.410608290690109401e+00 -2.118142501591624871e+00 1.410608290690109401e+00 -1.540992790224504416e+00 -7.911368907626039615e-01 -2.118142501591624871e+00 -7.911368907626039615e-01 1.868227362766455357e+01
1.775061165412731512e+01 -1.091018982525637115e+00 -9.829977963284819431e-02 -1.091018982525637115e+00 2.601564618024785958e+01 4.496006362589521466e+00 -9.829977963284819431e-02 4.496006362589521466e+00 2.224699757526610711e+01
4.365585768151214552e+01 1.164076392132897553e+01 1.464447330157337568e+01 1.164076392132897553e+01 2.417976638779098408e+01 1.728194237816671697e+00 1.464447330157337568e+01 1.728194237816671697e+00 3.657781167100262110e+01
1.621769249043020267e+01 1.384276389404311969e+00 -1.198304678210975638e+00 1.384276389404311969e+00 1.700855479829740347e+01 5.118238838114611333e+00 -1.198304678210975638e+00 5.118238838114611333e+00 1.228164483957698039e+01
-3.913718995609095419e+00 2.540828117384235529e+00 -2.622559387344368442e+00 2.540828117384235529e+00 -2.055408639522943393e+00 1.012297447731231204e+00 -2.622559387344368442e+00 1.012297447731231204e+00 3.187575849862902988e+00
1.080737835574740124e+01 6.998671853879383065e+00 1.165405999960586136e+01 6.998671853879383065e+00 2.838135129988904826e+00 -2.569794604094389534e+00 1.165405999960586136e+01 -2.569794604094389534e+00 6.183379973566190735e+00
3.139703252475867146e+01 -1.582247447814030261e+00 2.334202602199511922e+00 -1.582247447814030261e+00 2.143629985015290984e+01 2.274506667436901441e+00 2.334202602199511922e+00 2.274506667436901441e+00 1.731147351891248221e+01
2.213916618365205480e+01 -2.493834084502052129e+00 7.263209052201304416e+00 -2.493834084502052129e+00 -3.436262323948833686e+00 -5.893368758125306917e-01 7.263209052201304416e+00 -5.893368758125306917e-01 7.422274454241624575e+00
2.563217121315809166e+01 1.115983951342845448e-01 3.471570666992181309e+00 1.115983951342845448e-01 1.864957658578596522e+01 2.626723959920621798e+00 3.471570666992181309e+00 2.626723959920621798e+00 2.789275821684587697e+01
2.914476872319217371e+00 -4.769329614563329045e+00 3.315212825108891703e+00 -4.769329614563329045e+00 1.147068676567206502e+01 -1.422220437059723075e+01 3.315212825108891703e+00 -1.422220437059723075e+01 2.690006600151696237e+00
1.165778311232762832e+01 1.803302597509554239e+00 4.565332268599155974e+00 1.803302597509554239e+00 1.197708371163551355e+01 5.197557126880325562e-01 4.565332268599155974e+00 5.197557126880325562e-01 1.956362564299043427e+01
-1.071016216608504301e+01 -5.928178446094242382e+00 -8.245811013523582922e-01 -5.928178446094242382e+00 -9.325905398936255253e+00 -5.432541281070859540e+00 -8.245811013523582922e-01 -5.432541281070859540e+00 -7.498101013080213484e+00
3.270362150939198642e+01 2.771692161726290404e+00 -2.119977603098965879e+00 2.771692161726290404e+00 3.329471023979724720e+01 -6.170579671721879933e+00 -2.119977603098965879e+00 -6.170579671721879933e+00 1.214965866525110272e+01
1.777058342455476492e+01 -5.107727876781650300e-01 -9.506109361094261523e-01 -5.107727876781650300e-01 1.904735486887848595e+01 5.196326036594542508e+00 -9.506109361094261523e-01 5.196326036594542508e+00 1.844991021984771606e+01
3.394933219731665019e+01 -3.504574208217975162e+00 1.879459882937663195e+00 -3.504574208217975162e+00 1.960107999353669328e+01 -3.267479490259846742e+00 1.879459882937663195e+00 -3.267479490259846742e+00 1.199551097853200510e+01
-1.043828374455601526e+01 1.870346335568308405e+01 1.613928534526337444e+01 1.870346335568308405e+01 5.678824475587852305e+00 -4.747609799050878543e+00 1.613928534526337444e+01 -4.747609799050878543e+00 2.318319830512259117e+01
2.172656392533546565e+01 1.128913975279875581e+00 5.729524250065495927e+00 1.128913975279875581e+00 9.705799780445154568e+00 1.632179197740056154e+00 5.729524250065495927e+00 1.632179197740056154e+00 2.819116686035307495e+01
5.337580044829827841e+01 1.519654523936489454e+01 5.493013796036099627e+00 1.519654523936489454e+01 4.279903067173186315e+01 -6.248457075418520468e+00 5.493013796036099627e+00 -6.248457075418520468e+00 8.737902545072055105e+00
2.797670085008261864e+01 -2.026829946498784452e+00 5.376157496915411116e+00 -2.026829946498784452e+00 7.613212744413458744e+00 4.131744669850192508e+00 5.376157496915411116e+00 4.131744669850192508e+00 1.228959873281069903e+01
-1.598193272307261559e+01 -3.600519602867863878e+00 -2.482901407519412018e+00 -3.600519602867863878e+00 -4.961335509711375380e+00 2.722632848660062166e+00 -2.482901407519412018e+00 2.722632848660062166e+00 -3.948592909732479228e+00
2.313891718472263648e+01 4.538597293224441387e+00 9.576022114453115464e+00 4.538597293224441387e+00 8.115089272345366922e+00 1.178154469230888068e+01 9.576022114453115464e+00 1.178154469230888068e+01 1.467110323977972364e+01
2.319174328234316462e+01 3.170970971369731495e-01 7.251948744770122524e-01 3.170970971369731495e-01 1.704832049453633047e+01 -4.745479821335188753e+00 7.251948744770122524e-01 -4.745479821335188753e+00 3.868818513373290102e+01
-1.846140690616318691e+00 6.087293455633945527e+00 -1.997120854512556498e+00 6.087293455633945527e+00 1.498586044899699132e+01 -2.440137258977788992e+00 -1.997120854512556498e+00 -2.440137258977788992e+00 1.422961632192642512e+01
4.309997073681002178e+01 -1.497967436539914710e+00 -7.015733604764624154e+00 -1.497967436539914710e+00 5.473066674618684146e+01 -8.186115318121760520e-01 -7.015733604764624154e+00 -8.186115318121760520e-01 4.399162897909869230e+01
5.640250261528627185e+00 3.482234614832532271e-01 2.965726634196088618e+00 3.482234614832532271e-01 -7.800861395835284817e+00 2.975849927797427519e+00 2.965726634196088618e+00 2.975849927797427519e+00 1.474373723888462884e+00
1.186269452262781243e+01 -3.116141420336485002e+00 -3.476014456892180693e+00 -3.116141420336485002e+00 8.239294862994531954e+00 2.526339786116486685e+00 -3.476014456892180693e+00 2.526339786116486685e+00 1.777723731418809194e+01
1.371220243673000105e+01 1.281225528810783665e+00 6.679647958266287100e-01 1.281225528810783665e+00 1.438579061312636931e+01 1.055207454337307560e+00 6.679647958266287100e-01 1.055207454337307560e+00 1.301787392649515596e+01
-3.070078311805375648e+01 -1.948723267150725524e+00 1.970226653035856978e+00 -1.948723267150725524e+00 -4.570165253476795186e+01 1.973514928571297400e+00 1.970226653035856978e+00 1.973514928571297400e+00 -3.429851879500530742e+01
-5.537609244176636025e+00 -2.117285167355053677e+00 1.881552588828028005e+00 -2.117285167355053677e+00 -1.422574787438985844e+01 2.713576212573572288e+00 1.881552588828028005e+00 2.713576212573572288e+00 -5.298626270786193082e+00
3.746081778383263838e+01 2.926958938643680952e+00 -5.161428933445279199e+00 2.926958938643680952e+00 2.364048824529490389e+01 4.080030542145684613e+00 -5.161428933445279199e+00 4.080030542145684613e+00 1.841060440041377433e+01
1.499810623472782645e+01 9.129868956639298760e-01 4.588560099406717718e-01 9.129868956639298760e-01 1.069694722834605294e+01 3.317335388074989927e-02 4.588560099406717718e-01 3.317335388074989927e-02 1.246531923233905736e+01
4.550501466941639706e+01 -5.218024534850006724e+00 -2.524453129841838450e+00 -5.218024534850006724e+00 4.660837933467166749e+01 -3.412585454239249305e+00 -2.524453129841838450e+00 -3.412585454239249305e+00 4.740935540755948807e+01
1.296775432572592024e+01 2.331362424435908576e+00 3.103366920028939602e-02 2.331362424435908576e+00 1.126581314654822563e+01 -9.170789347622002596e-01 3.103366920028939602e-02 -9.170789347622002596e-01 1.237374642036064643e+01
9.300352530089355696e+00 9.359878351069186864e-02 6.810055609286871370e-01 9.359878351069186864e-02 4.076274702654074211e+00 1.199390821083549552e+00 6.810055609286871370e-01 1.199390821083549552e+00 6.853271719425877428e+00
2.333342214032818163e+01 1.058817079001487116e+01 2.224762107573719394e+00 1.058817079001487116e+01 2.121543745183788232e+01 1.049292713916854636e+00 2.224762107573719394e+00 1.049292713916854636e+00 2.889081997603843632e+01
4.842490322917033296e+01 9.094429678964057739e-01 7.397279744217980513e-01 9.094429678964057739e-01 4.443602600109585410e+01 5.683102766025776909e+00 7.397279744217980513e-01 5.683102766025776909e+00 5.987513587368413681e+01
3.099096001746449502e+01 -1.438015607048482636e+00 3.174812911851637498e+00 -1.438015607048482636e+00 2.142685149141137657e+01 3.136532936677976835e+00 3.174812911851637498e+00 3.136532936677976835e+00 2.530171381029735755e+01
-5.009144776228680040e-01 -9.521391517052508746e-01 -5.956312878772264341e+00 -9.521391517052508746e-01 -1.558388446908945069e+00 4.239702025252755746e+00 -5.956312878772264341e+00 4.239702025252755746e+00 2.208531928883785689e+00
