-3.462077534951252744e+01 5.537320836668523372e-01 9.851183795841873536e-01 5.537320836668523372e-01 -2.070585782446396550e+01 -4.971451080073128637e+00 9.851183795841873536e-01 -4.971451080073128637e+00 -2.095931981039467118e+01
-7.443688180130760834e+00 5.583166105180967342e+00 2.339580047511846228e+00 5.583166105180967342e+00 5.799277374042155486e+00 -1.566440001008322014e+01 2.339580047511846228e+00 -1.566440001008322014e+01 -8.300717173118131731e-01
-3.475593971117732650e+01 -2.400500171540821182e+00 -3.541783511993326972e+00 -2.400500171540821182e+00 7.761076529815379210e+00 -6.678989553755378950e+00 -3.541783511993326972e+00 -6.678989553755378950e+00 1.070940529130045560e+00
-2.509765663498922095e+01 8.382263916717225261e-01 1.624882183653499013e+00 8.382263916717225261e-01 -5.993918720468586342e-02 -9.109968420259276556e+00 1.624882183653499013e+00 -9.109968420259276556e+00 -6.776314555926313155e+00
1.686563513729933916e+01 -9.691771619575433760e+00 -1.089982254307494713e+01 -9.691771619575433760e+00 -2.102031177077060065e+01 1.190030693146915652e+01 -1.089982254307494713e+01 1.190030693146915652e+01 1.547556894154595852e+00
1.023576012417698600e+01 -6.840210515845390304e+00 -3.584298792433435743e+00 -6.840210515845390304e+00 3.727871418692580985e+00 -3.347991279139237886e+00 -3.584298792433435743e+00 -3.347991279139237886e+00 -2.453491578963835629e+00
1.306511705279877478e-01 -3.118261459993822982e+00 -3.976361015552836164e-01 -3.118261459993822982e+00 -1.213236659962553787e+01 1.000718328894337006e+01 -3.976361015552836164e-01 1.000718328894337006e+01 -2.447782462919766289e+01
1.613686941651657492e+01 2.342806297309786512e+00 4.584642406066056886e+00 2.342806297309786512e+00 3.675952552183875177e+00 -1.990094074663770973e+00 4.584642406066056886e+00 -1.990094074663770973e+00 1.165564641509282851e+01
-1.847797703593864194e+00 1.120799358447533045e+01 1.093765353691593312e+01 1.120799358447533045e+01 2.799308643672289154e+00 -1.941792910223327118e+00 1.093765353691593312e+01 -1.941792910223327118e+00 8.958557878439943778e+00
1.582825613367302431e+01 9.812287158489297889e-01 -1.430560282362093094e+00 9.812287158489297889e-01 2.233279046348669805e+00 1.718951189283818293e+00 -1.430560282362093094e+00 1.718951189283818293e+00 7.956590927176668160e+00
1.727621666191688021e+01 -6.225797489440313193e+00 -5.137845104926834772e-01 -6.225797489440313193e+00 2.257487809549771995e+01 -2.963494753681153338e+00 -5.137845104926834772e-01 -2.963494753681153338e+00 2.020229278967951458e+01
4.485879052180201665e-01 -8.093189213805086268e+00 2.218794073044701332e+00 -8.093189213805086268e+00 2.090441548387081028e+01 9.427432114854208955e-02 2.218794073044701332e+00 9.427432114854208955e-02 -3.370445652396500957e+00
3.776149515091250297e+00 1.613307040377127466e+00 -5.716388179819690940e+00 1.613307040377127466e+00 9.617004191163838200e+00 -2.458366247704840912e+00 -5.716388179819690940e+00 -2.458366247704840912e+00 1.054399534481859035e+01
1.347668457161728384e+01 -2.452737806444352242e-01 -4.756653429162827962e+00 -2.452737806444352242e-01 -1.248150025654458517e+01 5.293392993341623054e+00 -4.756653429162827962e+00 5.293392993341623054e+00 1.200995724460635472e+01
1.059726255869111888e+01 -2.215069311698534715e+00 -1.231408878919672878e+00 -2.215069311698534715e+00 1.442558040749844395e+01 -3.638816930262489091e+00 -1.231408878919672878e+00 -3.638816930262489091e+00 1.146097923392429863e+01
2.450854806642462336e+01 -4.348527474988862274e+00 -9.615359451918218392e-01 -4.348527474988862274e+00 2.854172300224860237e+01 1.791203730023827878e-01 -9.615359451918218392e-01 1.791203730023827878e-01 2.131653116292062222e+01
-2.275308499320104261e+01 2.552904746449631723e+00 -2.353768106004062055e+00 2.552904746449631723e+00 -1.193454276868889430e+01 -7.860471778637289297e+00 -2.353768106004062055e+00 -7.860471778637289297e+00 -5.111593842481183536e+00
1.459313444814265459e+01 -4.852151272830035111e+00 6.162243186020244234e-01 -4.852151272830035111e+00 1.784248583900720320e+01 4.758632676487849267e+00 6.162243186020244234e-01 4.758632676487849267e+00 2.853855042599058933e+01
3.201525875622218109e+01 -7.795809338917099041e+00 -7.001357081824512996e+00 -7.795809338917099041e+00 4.119941352432237025e+00 1.068977258582807721e+01 -7.001357081824512996e+00 1.068977258582807721e+01 1.494598296925432379e+01
-2.382359792877194682e+00 -8.284757570012712957e-01 3.308312375145162854e+00 -8.284757570012712957e-01 1.077459274771864539e+00 7.732684814155322606e+00 3.308312375145162854e+00 7.732684814155322606e+00 1.608260579777903843e+01
5.535056068206957747e+01 -6.554991232623429198e+00 -2.232830199457723541e+00 -6.554991232623429198e+00 -1.070450566084736899e+01 1.539149178482803393e+01 -2.232830199457723541e+00 1.539149178482803393e+01 -1.124502733072206695e+01
-5.696091021203948834e+00 -8.481713639014815120e-01 -2.648964875197626689e+00 -8.481713639014815120e-01 3.901534321812914641e+01 -7.115892090494428501e+00 -2.648964875197626689e+00 -7.115892090494428501e+00 -3.103529404771420808e+00
-1.080314392188964945e+01 -3.155042082162518913e+00 5.673193335075519705e+00 -3.155042082162518913e+00 -3.804028367827996959e+01 2.220382470506656603e+00 5.673193335075519705e+00 2.220382470506656603e+00 -9.796084499392868850e+00
-4.130853530911485194e+01 8.479554554323130988e-01 -7.051886623885286198e-01 8.479554554323130988e-01 -3.025252734072216043e+01 -3.097262951869170777e+00 -7.051886623885286198e-01 -3.097262951869170777e+00 -4.817517091415643193e+01
-3.781248198831954177e+00 -1.647464419138675495e+01 -1.089155125835603855e+01 -1.647464419138675495e+01 4.489293376286849657e+00 -3.015052216777349692e+00 -1.089155125835603855e+01 -3.015052216777349692e+00 -2.115253974128501913e+00
1.864359160863897813e+01 2.679648812235964073e+00 -1.290866738514463563e+01 2.679648812235964073e+00 -5.899276965891788294e+00 4.249338222047027713e+00 -1.290866738514463563e+01 4.249338222047027713e+00 6.424747510051710186e+00
6.916365829476583293e+00 2.092507632444532106e+01 1.082718890939375633e+01 2.092507632444532106e+01 1.396342611149876056e+01 1.319332096314582425e-01 1.082718890939375633e+01 1.319332096314582425e-01 5.654870297103384402e+00
-2.969637155772843151e+00 1.957438882926984258e-01 2.171084335930814735e+00 1.957438882926984258e-01 1.013559328140376081e+01 -6.364489552356661584e+00 2.171084335930814735e+00 -6.364489552356661584e+00 7.204371296720613493e+00
2.744136967856888276e+01 7.065437599120140355e+00 3.572959764921677550e+00 7.065437599120140355e+00 -1.182803865998772075e+01 6.799909595339568291e+00 3.572959764921677550e+00 6.799909595339568291e+00 -1.410200869827294701e-01
1.109346929491899836e+00 5.392325671013106003e+00 -3.963049769621430851e+00 5.392325671013106003e+00 2.547015923702702911e-01 4.056291161944717949e+00 -3.963049769621430851e+00 4.056291161944717949e+00 7.386776374601955464e-01
3.810425431641388805e+00 -4.094424342381534743e+00 -2.069780457800998175e+00 -4.094424342381534743e+00 -5.557543985058026159e+00 3.237563217980610197e+00 -2.069780457800998175e+00 3.237563217980610197e+00 -1.433383672771773254e+00
2.334709648537838689e+01 3.901505217132642755e+00 -2.439087894321040562e+00 3.901505217132642755e+00 3.595975538929443438e+00 9.974509956433452729e+00 -2.439087894321040562e+00 9.974509956433452729e+00 3.214361948765505872e+01
-6.660059117632957104e+00 1.493718821140446806e+01 1.426588420593391149e+01 1.493718821140446806e+01 2.648223989700788650e+01 -5.596239527421791315e+00 1.426588420593391149e+01 -5.596239527421791315e+00 3.030176882166482955e+00
2.276102349963405302e+01 4.935852153941492126e+00 3.938527199649282551e+00 4.935852153941492126e+00 8.729834695243681608e+00 1.087576292194562733e+01 3.938527199649282551e+00 1.087576292194562733e+01 1.412803830601726851e+01
1.400199500554037790e+01 -1.444398588977585662e+00 2.825455467424828004e+00 -1.444398588977585662e+00 2.491716496028626793e+01 -1.982243505706038578e+00 2.825455467424828004e+00 -1.982243505706038578e+00 1.254420883045831658e+01
-8.695204010561853991e+00 -1.018266777462662587e+00 2.202048262622843033e+00 -1.018266777462662587e+00 1.514367762836107190e+01 -2.266641124404297436e+00 2.202048262622843033e+00 -2.266641124404297436e+00 2.805413502517080993e+00
4.144264832754442551e+01 -3.161277904092044011e+00 -1.104851310125548203e+01 -3.161277904092044011e+00 1.103770486976084086e+01 -1.908698155528701923e-01 -1.104851310125548203e+01 -1.908698155528701923e-01 9.911082693338947536e+00
-4.755085510399314153e+00 -2.353666755186978321e+00 3.204458053572146081e+00 -2.353666755186978321e+00 -1.277341538995728953e+01 9.959678899967135124e-02 3.204458053572146081e+00 9.959678899967135124e-02 3.927288193643358599e-02
6.921464633599377914e-01 1.757696129662456919e+00 1.315874484640578146e+01 1.757696129662456919e+00 5.300658824622811238e+00 7.536465626238095794e+00 1.315874484640578146e+01 7.536465626238095794e+00 1.773927615450768158e+01
1.877794311997539367e+01 1.852355517481746761e+00 1.984194259854194620e+00 1.852355517481746761e+00 1.062600853359757025e+01 -1.184793565279391281e+00 1.984194259854194620e+00 -1.184793565279391281e+00 1.311290685698049074e+01
-3.271726376456420837e-01 -1.160852473161403164e+00 -2.184443630535839453e+00 -1.160852473161403164e+00 -3.584631519329194660e+00 4.293015696496256695e+00 -2.184443630535839453e+00 4.293015696496256695e+00 -6.677916793583397181e-01
7.681128014286099592e+00 1.032188779135823742e+00 -4.315967508031895328e+00 1.032188779135823742e+00 1.361854545065868294e+01 -4.617644034863867653e+00 -4.315967508031895328e+00 -4.617644034863867653e+00 5.832648860611280739e+00
-1.759618702293400716e+01 3.735121574226458740e+00 2.196817095509717266e+00 3.735121574226458740e+00 -6.076645899442013388e+00 -5.121896627154698400e+00 2.196817095509717266e+00 -5.121896627154698400e+00 -1.918917540478751071e+00
6.471150911337785194e-01 -3.353893732235790903e+00 9.065935498386523683e-01 -3.353893732235790903e+00 -1.585241647825645295e+01 1.124844806864309454e+01 9.065935498386523683e-01 1.124844806864309454e+01 -2.494517717294964498e+01
-8.278118777439772202e+00 -1.980026090959234253e+01 -8.163102696130444258e+00 -1.980026090959234253e+01 6.122299812732259205e+00 -3.767958526092839655e+00 -8.163102696130444258e+00 -3.767958526092839655e+00 -2.078374133523566591e+00
-2.907342485624113682e+00 -6.257938470995778601e-01 -8.480335654220554353e-01 -6.257938470995778601e-01 1.749276381646340184e+01 -6.152770204137141263e+00 -8.480335654220554353e-01 -6.152770204137141263e+00 3.409725351718318809e+00
-1.918534442432980924e+01 6.049609195796154637e+00 1.736502741231801261e+00 6.049609195796154637e+00 1.353786382496668717e+00 -6.749111819453178285e+00 1.736502741231801261e+00 -6.749111819453178285e+00 -2.977628865544740489e+00
4.389322466471684336e+00 4.964497835880083088e+00 4.496184641580033947e+00 4.964497835880083088e+00 1.656429133154352584e+01 -2.603767459546024732e+00 4.496184641580033947e+00 -2.603767459546024732e+00 1.782608916507880537e+01
-7.460280260406692676e+00 2.692515038322378929e-01 2.078186105213529533e+00 2.692515038322378929e-01 -3.381996262890533789e+00 -3.311974816950840950e+00 2.078186105213529533e+00 -3.311974816950840950e+00 3.739850283417295085e+00
7.866792884577537670e+00 -8.364589940357861408e+00 -4.503556171888534188e+00 -8.364589940357861408e+00 1.618168845756855490e+01 4.666626482087391281e+00 -4.503556171888534188e+00 4.666626482087391281e+00 -4.313075778825083972e-01
