-2.786892132914548625e+01 1.571090923614776036e-01 1.909002663874173056e+00 1.571090923614776036e-01 -3.313989131577693925e+00 -1.788378538395291262e+00 1.909002663874173056e+00 -1.788378538395291262e+00 -1.274442047767152353e+01
1.942602900418491929e+00 -9.579715331515170629e-01 4.033782002133309952e+00 -9.579715331515170629e-01 3.600568610232144362e+00 -3.688095406134840548e+00 4.033782002133309952e+00 -3.688095406134840548e+00 2.284263154758684244e+00
-1.243209910627545378e+00 5.357769121634984977e+00 2.031150728852980425e+00 5.357769121634984977e+00 -6.201400638192208881e+00 4.136850214981828699e+00 2.031150728852980425e+00 4.136850214981828699e+00 1.115790223900482658e+01
4.048910571171939665e+01 1.128333486055917545e+00 4.830220013021030212e+00 1.128333486055917545e+00 1.973020141664480676e+01 2.788704400380345838e+00 4.830220013021030212e+00 2.788704400380345838e+00 3.543727287757926803e+01
1.255094538270410887e+01 -4.093559897680385085e+00 -4.746025848914657841e-01 -4.093559897680385085e+00 1.076559050327242595e+01 -1.291826765266890220e+00 -4.746025848914657841e-01 -1.291826765266890220e+00 2.113408629996186150e+01
-2.313166705698756331e+01 -2.273015486161505727e+00 8.254264364367047691e-01 -2.273015486161505727e+00 -3.435993086281863640e+01 6.890586796155621918e-02 8.254264364367047691e-01 6.890586796155621918e-02 -1.587001610755786629e+01
-9.630118253754737623e+00 4.801579883952387995e+00 2.409335556710805459e+00 4.801579883952387995e+00 -1.029184019612200451e+01 -2.152898457963576373e+00 2.409335556710805459e+00 -2.152898457963576373e+00 2.949193986321058780e+00
5.983386630024191355e+00 -4.233165671442460365e+00 -5.273871771170289158e+00 -4.233165671442460365e+00 -1.134319064658069998e+01 4.910714705117666057e+00 -5.273871771170289158e+00 4.910714705117666057e+00 -1.141166749860792784e+01
-1.409101038590013388e+01 1.279385295226094676e+00 -5.689083136084625014e-01 1.279385295226094676e+00 -1.708993738473006019e+01 1.286049572564535115e+00 -5.689083136084625014e-01 1.286049572564535115e+00 -1.714606536061310749e+01
4.252637666909250669e+01 -4.971707558443559938e-01 -6.292679344815260700e-01 -4.971707558443559938e-01 2.807354618967968563e+01 -6.904457074439284137e-01 -6.292679344815260700e-01 -6.904457074439284137e-01 1.519712277210141949e+01
2.900510463493878976e+00 -2.431945755629161710e+00 -5.765135800083202255e+00 -2.431945755629161710e+00 -7.114955880819558764e+00 2.413082706002503741e+00 -5.765135800083202255e+00 2.413082706002503741e+00 -7.717441217670829579e-01
-1.772385992196809479e+00 -3.057538520096600987e+00 -3.218572961146680012e+00 -3.057538520096600987e+00 -1.144439418689969123e+01 -9.061162264215296247e+00 -3.218572961146680012e+00 -9.061162264215296247e+00 -1.290743887481601782e+01
1.696548469117028057e+00 -2.560767897034374130e+00 3.342258283915825690e+00 -2.560767897034374130e+00 1.609696169451739678e+01 1.518739040064537704e+01 3.342258283915825690e+00 1.518739040064537704e+01 1.233463531232628085e+01
-4.886617846791797781e+00 7.045571238690673255e+00 -9.150648447041408673e+00 7.045571238690673255e+00 9.212688723024261561e-01 2.660094696916136314e+00 -9.150648447041408673e+00 2.660094696916136314e+00 6.564531904672187279e-01
1.341083331752780694e+01 6.477101684078040655e+00 -3.692025356596236318e-01 6.477101684078040655e+00 6.573978739871612298e+00 3.257064809079396994e+00 -3.692025356596236318e-01 3.257064809079396994e+00 7.029350680908049709e-01
2.028110024744851358e+01 1.751790541138054103e+00 3.526787545280609532e-02 1.751790541138054103e+00 2.235400127784464530e+01 2.207123932803191746e+00 3.526787545280609532e-02 2.207123932803191746e+00 1.935939291097078652e+01
-2.045901095614617660e+01 -3.932511653742636337e+00 -4.767157964175861906e+00 -3.932511653742636337e+00 -2.084523289547934510e+01 1.016658176584408579e+01 -4.767157964175861906e+00 1.016658176584408579e+01 -5.789087563237172995e-01
8.727294394542980172e+00 1.610477516703471945e+00 1.745062367598419206e-01 1.610477516703471945e+00 9.810510893388046938e+00 -8.534916266627767811e-01 1.745062367598419206e-01 -8.534916266627767811e-01 9.520296384755724262e+00
2.542744821656831178e+01 7.331469708553386866e+00 -2.703190010116258257e+00 7.331469708553386866e+00 9.909827146958111399e+00 -2.894279322382216524e+00 -2.703190010116258257e+00 -2.894279322382216524e+00 3.375903659043107297e+01
3.076528356494918626e+01 1.131660822092863672e+00 2.371198596075130727e+00 1.131660822092863672e+00 2.902221307876717660e+01 7.394464063593147785e+00 2.371198596075130727e+00 7.394464063593147785e+00 1.429775366752691035e+01
1.913723463200617658e+01 3.690603720436809732e-01 3.541211125206424337e-01 3.690603720436809732e-01 1.157992282973503073e+01 3.520324950536706687e+00 3.541211125206424337e-01 3.520324950536706687e+00 3.598537577647342722e+00
8.697220105303470561e+00 9.888924456175481881e-01 2.468869017847317604e+00 9.888924456175481881e-01 -1.070777714948023096e+01 1.094153316809095333e+00 2.468869017847317604e+00 1.094153316809095333e+00 -1.282234430092168154e+01
-1.079690197385252404e+00 1.621919241600238593e+00 -4.036489783481406746e-01 1.621919241600238593e+00 3.848073399985050269e+00 1.855370176789417624e-01 -4.036489783481406746e-01 1.855370176789417624e-01 -2.248452306023794200e+00
6.796317825670066259e-01 -1.534895493080518092e+00 -1.323918608840348288e+00 -1.534895493080518092e+00 -1.885633656192478114e+01 5.600736072798301990e+00 -1.323918608840348288e+00 5.600736072798301990e+00 1.047584332458253442e+00
-2.678790564345590752e+01 5.009714678253032183e+00 -3.736305833836607970e+00 5.009714678253032183e+00 -2.322464049773224204e+01 -4.303842030029326970e+00 -3.736305833836607970e+00 -4.303842030029326970e+00 -1.252142753981901002e+01
2.390525475637660335e+01 2.741999439411589856e-01 -3.971245501181214776e-01 2.741999439411589856e-01 2.054754872933073528e+01 6.093454485653236885e-01 -3.971245501181214776e-01 6.093454485653236885e-01 2.341301355185525068e+01
-2.390516130516128968e+01 -6.275428090613068832e+00 -6.712123977213135362e+00 -6.275428090613068832e+00 -5.013346682291244250e-01 -5.186222422097089613e+00 -6.712123977213135362e+00 -5.186222422097089613e+00 4.829088284588886282e+00
1.691600856876111791e+01 -1.153912090464892515e+00 5.780163549701894610e+00 -1.153912090464892515e+00 2.423416462149189954e+01 -5.116967283180128945e+00 5.780163549701894610e+00 -5.116967283180128945e+00 1.856529899681437712e+01
1.757383604937692212e+01 2.398503815591651378e+00 6.732135158126264507e+00 2.398503815591651378e+00 8.907993412776839648e+00 -1.090500736517559632e+00 6.732135158126264507e+00 -1.090500736517559632e+00 -6.009840194538155878e+00
-1.190758981907953995e+01 5.502348923464058794e-01 -9.688998517415972955e+00 5.502348923464058794e-01 1.239928068817903517e+00 -1.347713279101770389e+01 -9.688998517415972955e+00 -1.347713279101770389e+01 2.246862017440342640e+01
2.042875514165757078e+00 2.289340482921201847e+00 2.789827992797946909e-01 2.289340482921201847e+00 1.824939864016130642e+01 -5.270424282142417427e-01 2.789827992797946909e-01 -5.270424282142417427e-01 1.252936291958585002e+01
1.819172090430498656e+01 -8.687298173127455669e-01 1.913785963414126767e+00 -8.687298173127455669e-01 2.077308529281564020e+01 -2.415452466587934666e+00 1.913785963414126767e+00 -2.415452466587934666e+00 8.791972481884586799e+00
-3.143851076842047121e+01 -3.678832221542491926e-02 -3.489925411969987401e+00 -3.678832221542491926e-02 -1.431331189110904845e+01 6.415984991007493754e+00 -3.489925411969987401e+00 6.415984991007493754e+00 -2.208228762340542062e+01
1.342259130447854965e+01 5.854236947123331980e+00 1.788659504869801076e+00 5.854236947123331980e+00 -5.252951424942422065e+00 7.609770153905468071e+00 1.788659504869801076e+00 7.609770153905468071e+00 -2.274817564844395790e+00
2.040024473954038697e+01 -3.305475611177831063e-01 -2.288614445461656377e+00 -3.305475611177831063e-01 1.209553540913469227e+01 1.048718807986998985e-01 -2.288614445461656377e+00 1.048718807986998985e-01 3.714315697829662644e-01
-2.944552162146460716e+01 3.189766015573453295e+00 4.688795250601744513e+00 3.189766015573453295e+00 -3.203607935469860735e+01 1.543308359510828787e+00 4.688795250601744513e+00 1.543308359510828787e+00 -1.960686500616896666e+01
-1.555027052169947410e+01 -1.449323069291479982e+01 3.060397321898268921e-02 -1.449323069291479982e+01 4.237324786254035303e+00 -6.279644145772373953e+00 3.060397321898268921e-02 -6.279644145772373953e+00 4.983746454373508827e-01
4.020144222871395279e+00 -3.281649673565301129e+00 1.864125422580880098e+00 -3.281649673565301129e+00 1.283883686924034784e+01 -3.509790897980045177e+00 1.864125422580880098e+00 -3.509790897980045177e+00 2.267858046144939621e+01
-2.676242345892141472e+01 7.906183224074396776e+00 1.496302010441480812e+00 7.906183224074396776e+00 -2.166486006312290513e+01 -3.838144057773155815e+00 1.496302010441480812e+00 -3.838144057773155815e+00 -9.878251186771025427e-01
-9.247320096892062580e+00 7.051136907816343502e+00 7.404014624552862855e+00 7.051136907816343502e+00 -1.485114606333468679e+01 -2.334576964995556558e+00 7.404014624552862855e+00 -2.334576964995556558e+00 -2.083825830921437028e+00
5.931907989711038276e+00 -2.520654936635057464e+00 -8.887195733556096933e-01 -2.520654936635057464e+00 7.620253794241942380e+00 -3.422388939857770040e+00 -8.887195733556096933e-01 -3.422388939857770040e+00 9.435919834889899604e+00
1.885688654030684219e+01 -5.584818171918567664e+00 1.729743060195890969e+00 -5.584818171918567664e+00 1.579061007924156002e+01 -2.054928869796707469e-01 1.729743060195890969e+00 -2.054928869796707469e-01 1.351093243029627189e+00
3.041963483907908383e+01 -9.570007921976322329e-01 -1.041914343373705254e+00 -9.570007921976322329e-01 2.221192784359737260e+01 -4.342315465761515725e+00 -1.041914343373705254e+00 -4.342315465761515725e+00 2.381155693435718490e+01
2.368570358998105974e+01 6.631340366131416530e+00 -1.028955252606150506e+00 6.631340366131416530e+00 2.944682315510628356e+01 6.438333612459440580e+00 -1.028955252606150506e+00 6.438333612459440580e+00 1.360299116856211121e+01
-9.281473228639390172e+00 -2.710650830017187207e+00 -2.783215966259769303e+00 -2.710650830017187207e+00 -9.489538579721413569e+00 1.818476615980143318e+00 -2.783215966259769303e+00 1.818476615980143318e+00 -1.598936286331557532e+01
2.791894830913251013e+01 2.799801859546768301e-01 3.231692558887306888e+00 2.799801859546768301e-01 2.936025279908164975e+01 4.591996265185222192e+00 3.231692558887306888e+00 4.591996265185222192e+00 2.327063318915536883e+01
2.066062925182361454e+01 1.582339282741903608e+00 9.937862813752498248e-01 1.582339282741903608e+00 1.962742841567358809e+01 1.638844072148022191e+00 9.937862813752498248e-01 1.638844072148022191e+00 1.933834878659690659e+01
1.267769574502020902e+01 -5.984744826264474682e+00 -7.363736285316918817e+00 -5.984744826264474682e+00 1.527157408514948145e+01 -6.345309790938269856e+00 -7.363736285316918817e+00 -6.345309790938269856e+00 -6.978174452185146315e+00
3.929681445350461644e+01 1.865510956530487929e+00 -3.368800721341416171e+00 1.865510956530487929e+00 4.057211188038429839e+01 -5.311896117151996277e-01 -3.368800721341416171e+00 -5.311896117151996277e-01 1.725687310106434680e+01
8.404323556803255935e-01 2.480494723811947022e+00 4.363054636711082956e+00 2.480494723811947022e+00 -4.569545580133973495e+00 -3.084278627058775868e+00 4.363054636711082956e+00 -3.084278627058775868e+00 -2.758365146889358854e-01
