2.540401696074949811e+01 -2.555399397457012611e+00 -6.067952102875757703e-01 -2.555399397457012611e+00 1.638366358720658056e+01 -7.019139614361531443e-01 -6.067952102875757703e-01 -7.019139614361531443e-01 2.129666686063937675e+01
4.936068080070904251e+00 1.671830446629108957e+00 5.500898156118538829e-01 1.671830446629108957e+00 -1.160978688965715300e+01 1.521916341196447364e+00 5.500898156118538829e-01 1.521916341196447364e+00 1.589045684784434087e+00
2.065976524899717859e+01 8.190260797103630086e-01 -2.947517298789499751e+00 8.190260797103630086e-01 1.967482699700130055e+01 5.764196751064629837e-02 -2.947517298789499751e+00 5.764196751064629837e-02 2.021368689823958320e+01
1.142217353251528955e+01 -1.072650389750550576e-01 -1.230443159011159082e+00 -1.072650389750550576e-01 2.433410742902564206e+00 1.494991463377780549e+00 -1.230443159011159082e+00 1.494991463377780549e+00 3.566903421378420092e+00
2.431872314242527366e+01 -5.964688813407812873e+00 1.401535324251474091e+00 -5.964688813407812873e+00 1.678775879336139099e+01 -2.958288585246114266e+00 1.401535324251474091e+00 -2.958288585246114266e+00 2.145717240603616105e+01
1.409679417402290547e+01 2.887026440095939339e+00 7.811680358379450517e+00 2.887026440095939339e+00 -2.264969564782245204e+00 -3.473883958850030762e+00 7.811680358379450517e+00 -3.473883958850030762e+00 -8.861697183143816048e+00
4.822779451140524998e+01 2.231129360714343424e+00 -5.692409381960023218e+00 2.231129360714343424e+00 3.768980561875761737e+01 -4.138454423801035453e+00 -5.692409381960023218e+00 -4.138454423801035453e+00 3.843218321052794550e+01
1.467179850391213414e+01 -1.473834924051312179e+01 -3.699781929836923666e+00 -1.473834924051312179e+01 2.531444790534382427e+00 2.044296615353239088e-01 -3.699781929836923666e+00 2.044296615353239088e-01 4.555461063714504988e+00
2.286789807557926579e+01 -9.781556356219777371e+00 1.017721403253897705e+00 -9.781556356219777371e+00 2.572268773430179323e+01 -1.244352074474180281e+00 1.017721403253897705e+00 -1.244352074474180281e+00 1.687856531388284864e+01
9.102910034640324000e+00 -3.673244516053683628e-01 -1.005649655371930962e+00 -3.673244516053683628e-01 1.182184668875735589e+01 -1.574513277983685899e+00 -1.005649655371930962e+00 -1.574513277983685899e+00 1.172566668310952842e+01
1.763066557664454947e+01 3.458915934621597188e+00 -2.212471610231118824e+00 3.458915934621597188e+00 1.301268640357103212e+00 6.135345307066042864e+00 -2.212471610231118824e+00 6.135345307066042864e+00 6.235094278126386058e+00
1.882193644804086574e+01 3.043760359989637898e-01 -1.034713460094015325e+00 3.043760359989637898e-01 2.554681332926170167e+00 8.232007853039261525e-01 -1.034713460094015325e+00 8.232007853039261525e-01 1.011707398449716067e+01
2.632567328132396867e+01 1.096700925269489701e+01 -8.040545132075910928e+00 1.096700925269489701e+01 1.587929647145949552e+01 -1.636114984759815316e+00 -8.040545132075910928e+00 -1.636114984759815316e+00 5.780083830315524551e+01
1.008732438576633861e+01 -6.432379787656838932e-01 2.080496360961618052e+00 -6.432379787656838932e-01 9.528750504293300949e+00 1.775911898280558288e-01 2.080496360961618052e+00 1.775911898280558288e-01 1.375579834569716908e+01
9.700248175059384081e+00 1.248460049282598794e+00 4.167266742457890749e-01 1.248460049282598794e+00 6.263799914597599994e+00 -7.506642166623498369e+00 4.167266742457890749e-01 -7.506642166623498369e+00 1.452617669744507367e+01
-7.367100677844869772e+00 6.728251514556644608e+00 -2.236974391313121924e+00 6.728251514556644608e+00 2.410692922200975374e+01 -1.467514113521907326e+01 -2.236974391313121924e+00 -1.467514113521907326e+01 1.473943110666882284e+01
3.193504253361548706e+01 -5.822764528585763072e-02 -3.372983991334744580e+00 -5.822764528585763072e-02 4.578048244712331893e+01 -2.483423800188527597e+00 -3.372983991334744580e+00 -2.483423800188527597e+00 3.455580838993358128e+01
1.618625746829095036e+01 -2.583730737460948612e-01 1.300355978992485229e+00 -2.583730737460948612e-01 1.254481231765120341e+01 1.968300191544552158e+00 1.300355978992485229e+00 1.968300191544552158e+00 1.436226619390422421e+01
4.858451113066842453e+01 3.521250046574419645e+00 3.399638511537142360e+00 3.521250046574419645e+00 3.673826630566706086e+01 1.597841782144510780e+00 3.399638511537142360e+00 1.597841782144510780e+00 3.687411370198687166e+01
3.244591251816899558e+01 3.688475289458068573e+00 8.008921180685094399e+00 3.688475289458068573e+00 3.173913777421564220e+01 5.376522853980373995e+00 8.008921180685094399e+00 5.376522853980373995e+00 2.533705696350049408e+01
1.772842687143770490e+01 1.540135464588778369e+00 9.540081005647083057e-02 1.540135464588778369e+00 1.256397717145354775e+01 8.107441341878550700e-01 9.540081005647083057e-02 8.107441341878550700e-01 1.535142426262854976e+01
7.225958401603321590e+00 -5.849205596425182563e+00 1.560246957779117061e+01 -5.849205596425182563e+00 5.019111803417606410e+01 -7.540110674434933102e+00 1.560246957779117061e+01 -7.540110674434933102e+00 6.255907589935387136e+01
1.163592642873374317e+01 1.209238204282924833e+00 -5.667524101192691344e-01 1.209238204282924833e+00 9.143598012821872345e+00 -1.739745848824893804e+00 -5.667524101192691344e-01 -1.739745848824893804e+00 3.680870606847117443e+01
-2.679470610296930122e+00 9.566955332210964613e+00 -6.476147343616336371e+00 9.566955332210964613e+00 -1.725116943862152086e+00 1.094442087792448781e+00 -6.476147343616336371e+00 1.094442087792448781e+00 2.126125344821254259e+01
1.171808786554496429e+01 3.096504377515484130e+00 -4.040309525319980111e+00 3.096504377515484130e+00 -5.840139464798461688e-01 3.934104003490724200e+00 -4.040309525319980111e+00 3.934104003490724200e+00 7.650692469690983932e-01
-7.797003729057239596e+00 -4.056260871830077441e+00 -1.576434047069519839e-01 -4.056260871830077441e+00 -1.156090563938361626e+01 3.540471736838683103e+00 -1.576434047069519839e-01 3.540471736838683103e+00 2.826225552941814989e+00
-4.890543905953153470e+00 -1.117934680552209015e+00 -7.455127692431673392e-01 -1.117934680552209015e+00 -3.466297079226880129e+00 7.794149842024293839e-01 -7.455127692431673392e-01 7.794149842024293839e-01 -1.967184719317306651e+00
1.771855330950108609e+01 4.680476104324216458e+00 2.406921767350128860e+00 4.680476104324216458e+00 -9.636625937459852409e+00 1.153541229284768121e+01 2.406921767350128860e+00 1.153541229284768121e+01 -1.039667025712996917e+01
1.246154705382063632e+01 -4.895311598940180198e-01 -1.485988946599274163e+00 -4.895311598940180198e-01 1.645339321486439133e+01 -7.276393037852757484e-02 -1.485988946599274163e+00 -7.276393037852757484e-02 1.322395439890287250e+01
1.654786902813306071e+01 -4.251555607333568076e-01 1.205797170723849510e+00 -4.251555607333568076e-01 1.254796167139609508e+01 4.305814995803516343e-01 1.205797170723849510e+00 4.305814995803516343e-01 1.826480333866805239e+01
3.403918835973818346e+01 6.243089165530149920e+00 -6.632756106772699667e+00 6.243089165530149920e+00 1.524370633364967453e+01 1.015970243471212697e+01 -6.632756106772699667e+00 1.015970243471212697e+01 2.596880366503450333e+01
2.632567328132396867e+01 1.096700925269489701e+01 -8.040545132075910928e+00 1.096700925269489701e+01 1.587929647145949552e+01 -1.636114984759815316e+00 -8.040545132075910928e+00 -1.636114984759815316e+00 5.780083830315524551e+01
2.401400582426754227e+01 -8.897681257222362916e-01 3.147121149483627978e+00 -8.897681257222362916e-01 2.244585200733348174e+01 2.284208228081924918e+00 3.147121149483627978e+00 2.284208228081924918e+00 3.511737146834934009e+01
2.820861008939639092e+01 -1.184801543997466400e+00 -1.258283534273541893e+00 -1.184801543997466400e+00 3.470392332111249090e+01 -8.016058620609960883e+00 -1.258283534273541893e+00 -8.016058620609960883e+00 2.624118111719226221e+01
1.788869983761544447e+01 -3.599943088757620036e+00 7.450873257357452095e-01 -3.599943088757620036e+00 2.196291681178768584e+01 1.313773813488626763e+00 7.450873257357452095e-01 1.313773813488626763e+00 2.828557520186982543e+01
6.492846197337946990e+00 -4.237231195271117024e+00 2.035273708003624837e-01 -4.237231195271117024e+00 -3.434397739881736467e+00 -1.566315874944802067e+00 2.035273708003624837e-01 -1.566315874944802067e+00 7.729530277011066985e+00
3.631262440410054637e+01 3.520591575172293819e+00 7.534110716501554172e-01 3.520591575172293819e+00 -6.832433543521559960e-01 6.635567155923319582e+00 7.534110716501554172e-01 6.635567155923319582e+00 -7.661782618713107063e+00
2.091226931222545105e+01 6.948099642025941103e-01 8.134934930422776933e-01 6.948099642025941103e-01 2.422149929665299695e+01 7.582771070604374386e-02 8.134934930422776933e-01 7.582771070604374386e-02 2.238325613871450415e+01
2.066947061205898351e+01 -8.888175752851156242e-01 -4.584523556610288209e-01 -8.888175752851156242e-01 2.580796425976948427e+01 -5.096454768614465669e-01 -4.584523556610288209e-01 -5.096454768614465669e-01 2.461721491650812865e+01
2.530803632885984555e+01 -4.672120899801331717e+00 -4.738371914858795719e+00 -4.672120899801331717e+00 2.396455534679944677e+01 -3.284355427191245180e+00 -4.738371914858795719e+00 -3.284355427191245180e+00 2.869700990054278833e+01
1.102634560965412192e+01 -3.705956342642835466e-01 2.011272934926316425e-01 -3.705956342642835466e-01 4.740893316073814034e+00 -3.269048272637938179e+00 2.011272934926316425e-01 -3.269048272637938179e+00 1.296145697960341714e+01
2.936532486232388450e+01 7.496234407393181920e-01 2.001215648317620222e+00 7.496234407393181920e-01 2.177123829379019071e+01 -2.065664599492905928e+00 2.001215648317620222e+00 -2.065664599492905928e+00 3.504652342575357693e+01
4.820512687354820081e+00 -1.347559430882784293e+00 -2.689730994703544820e+00 -1.347559430882784293e+00 -8.689821390985161820e-01 3.756549625800618575e+00 -2.689730994703544820e+00 3.756549625800618575e+00 7.954853465276052304e+00
2.387598588370489239e+01 -3.928915933375561664e+00 7.845563718651487939e+00 -3.928915933375561664e+00 2.949548182145622377e+01 -3.997289534321894156e+00 7.845563718651487939e+00 -3.997289534321894156e+00 1.429815736348328414e+01
2.717781349865051155e+01 -6.793783275732880045e-02 5.211605725977682013e+00 -6.793783275732880045e-02 4.438237440782667420e+01 -9.300513484308965406e-01 5.211605725977682013e+00 -9.300513484308965406e-01 2.273428909940948017e+01
1.228509588858034540e+01 1.976008896721054509e+00 -1.157286652764786261e-01 1.976008896721054509e+00 1.692543799318984554e+01 -2.332999162482826794e+00 -1.157286652764786261e-01 -2.332999162482826794e+00 1.593431257603529794e+01
4.815738452367308753e+01 8.538868112519953257e+00 -6.746688585325546050e+00 8.538868112519953257e+00 2.786769162800249777e+00 -5.460900625379494500e+00 -6.746688585325546050e+00 -5.460900625379494500e+00 2.518618861114747531e+01
1.596001849459098842e+01 4.273328742497895516e-01 -1.172734351023522636e+00 4.273328742497895516e-01 1.820355523752800053e+01 -6.188073197741584819e-01 -1.172734351023522636e+00 -6.188073197741584819e-01 2.074167440261799200e+01
1.960607201815794909e+01 7.531012814482067608e-01 2.127381188956678493e-01 7.531012814482067608e-01 1.745297694703628011e+01 -3.750697662216624650e-02 2.127381188956678493e-01 -3.750697662216624650e-02 2.410279567253333965e+01
1.761710973819920412e+01 1.398334821113879300e+00 -2.837169711618789059e+00 1.398334821113879300e+00 3.141796610375331866e+01 -1.114509010861087823e+01 -2.837169711618789059e+00 -1.114509010861087823e+01 -1.170277266476746192e+01
