-1.394447399622348449e+01 2.812671497735777404e+00 -5.418531230127563880e+00 2.812671497735777404e+00 -1.223191700355055112e+01 1.796337566269647468e+00 -5.418531230127563880e+00 1.796337566269647468e+00 -1.011162099780894863e+01
3.633122975246728004e+01 4.947896259288243925e+01 -1.764341338294525441e+00 4.947896259288243925e+01 1.064821133265661501e+01 2.075813545359475598e-01 -1.764341338294525441e+00 2.075813545359475598e-01 -1.178556846174919457e+02
5.027419365204742974e+00 9.085045908430391393e-01 1.234742884916415484e+00 9.085045908430391393e-01 9.734522717267756420e+00 -2.825108318999254298e-01 1.234742884916415484e+00 -2.825108318999254298e-01 1.004854879502696008e+01
2.389594372585971627e+01 4.770547278441933159e+00 -5.413701776270609667e-01 4.770547278441933159e+00 2.216572055796877905e+01 -4.503083154257390142e+00 -5.413701776270609667e-01 -4.503083154257390142e+00 9.699882139834723915e+00
1.537374048750607614e+01 6.557954914804886570e-01 1.186869183345571566e+00 6.557954914804886570e-01 1.655159552109515886e+01 9.290346064460291986e-01 1.186869183345571566e+00 9.290346064460291986e-01 1.980343624858017648e+01
1.266713530111150021e+01 -2.176227863636086557e+00 4.852864076677106731e+00 -2.176227863636086557e+00 -6.275786009502390961e+00 -1.132547487354846449e+00 4.852864076677106731e+00 -1.132547487354846449e+00 1.597371305835142685e+01
2.997682655219301218e+00 1.735459720156603325e+00 7.176498597393851098e-01 1.735459720156603325e+00 5.052458319344500737e+00 -6.666112889462506574e-01 7.176498597393851098e-01 -6.666112889462506574e-01 7.474765839265517187e+00
1.545035102328071019e+01 1.616557323417912029e+00 1.201724747601893295e-01 1.616557323417912029e+00 1.981713546500404632e+01 5.292385816002398435e-01 1.201724747601893295e-01 5.292385816002398435e-01 1.046199986018018002e+01
-2.391767141371874850e+00 -4.004191289296787915e+00 1.771916581021457437e+00 -4.004191289296787915e+00 9.526339289902020724e+00 -2.034785448459291324e+00 1.771916581021457437e+00 -2.034785448459291324e+00 -1.428727804215667163e+01
1.215946249466409768e+01 7.278861134770002739e-01 4.418691941559187430e-01 7.278861134770002739e-01 1.677013628016112534e+01 8.455296517129251566e-01 4.418691941559187430e-01 8.455296517129251566e-01 1.774312443152636831e+01
-1.121386118701275869e+01 -2.821701776486690960e+00 -1.866151066847048678e+00 -2.821701776486690960e+00 -2.544965931666607339e+00 1.295700143135203319e+00 -1.866151066847048678e+00 1.295700143135203319e+00 3.023697208807814563e-01
4.368655970858243087e+00 1.683115566097523219e+00 1.501443181314325193e+00 1.683115566097523219e+00 5.023807031343169527e+00 1.306216435907352258e+00 1.501443181314325193e+00 1.306216435907352258e+00 2.711838605489797160e+00
9.155954617532239936e+00 6.168862530261994825e-01 3.041170444243193050e+00 6.168862530261994825e-01 1.221093309533897475e+01 -1.145479408249057141e-01 3.041170444243193050e+00 -1.145479408249057141e-01 1.548108987066184206e+01
-2.480804404207450187e+00 -2.354735503027016730e+00 -1.999135701547384736e+00 -2.354735503027016730e+00 -4.762127121140384389e+00 2.310960496999568292e+00 -1.999135701547384736e+00 2.310960496999568292e+00 -5.740577992753736147e+00
5.962831326870317028e+00 -2.781930252094851674e+00 -2.035111038027326569e-01 -2.781930252094851674e+00 8.886333909993298974e+00 5.944001059655843466e-01 -2.035111038027326569e-01 5.944001059655843466e-01 8.760119847388263992e+00
8.692995724769671639e+00 4.128684092443659637e+00 1.102683749611904407e+00 4.128684092443659637e+00 1.018871837827568605e+01 2.865042179105094622e+00 1.102683749611904407e+00 2.865042179105094622e+00 8.440721914864777631e+00
8.232318824432137916e+00 1.464879005516023014e+00 -4.190265846980594233e+00 1.464879005516023014e+00 2.656745382096990937e+01 2.478001915795073451e+00 -4.190265846980594233e+00 2.478001915795073451e+00 2.481783971451453352e-01
8.674301634144798712e+00 2.389691187265541306e+00 6.764406042938778896e+00 2.389691187265541306e+00 1.160774966927590768e+01 -3.997884097414560411e+00 6.764406042938778896e+00 -3.997884097414560411e+00 -1.166796266560334949e+01
5.589548390022042845e+00 4.357523441929402885e+00 1.032313442822776484e-01 4.357523441929402885e+00 8.013895010986479051e+00 2.147081369048146726e+00 1.032313442822776484e-01 2.147081369048146726e+00 2.305415946813915706e+00
-1.060757033381073455e+01 2.312086843583590401e+00 -1.774531362949733904e+00 2.312086843583590401e+00 -9.001911923320587761e+00 -4.962669300016303353e+00 -1.774531362949733904e+00 -4.962669300016303353e+00 -1.398237065057537976e+01
6.295276533750287840e+00 -2.889637134934656792e+00 -7.397833032010471266e-01 -2.889637134934656792e+00 7.454773629379684685e+00 1.126745610907923245e+00 -7.397833032010471266e-01 1.126745610907923245e+00 4.793674929729165868e+00
1.716443205745748557e+01 1.185744046570060739e+01 -2.807083668094325635e+00 1.185744046570060739e+01 6.867077502149203205e+00 1.634841285303069114e+01 -2.807083668094325635e+00 1.634841285303069114e+01 2.304285732661681152e+01
1.615952781370209479e+01 2.300326555713328336e+00 3.493255337965809115e+00 2.300326555713328336e+00 2.264161080127315984e+01 2.413098737315946707e+00 3.493255337965809115e+00 2.413098737315946707e+00 1.967449607579094462e+01
-5.671467001479563841e+00 6.325343216060485219e+00 -4.048910378597225801e+00 6.325343216060485219e+00 7.059917206738939299e+00 -3.954997762813773132e+00 -4.048910378597225801e+00 -3.954997762813773132e+00 -4.472952697497165175e+00
-2.193355206540283575e+01 -5.354913657322861731e+00 2.121694814230110637e+00 -5.354913657322861731e+00 -2.317105440390357651e-01 -2.251840783001869184e+00 2.121694814230110637e+00 -2.251840783001869184e+00 -2.163855502765609007e+00
-6.777212629070135996e+00 -4.442576876691207488e+00 -1.360141391830098634e+00 -4.442576876691207488e+00 -3.522379884007209139e+00 1.091855708931462443e+00 -1.360141391830098634e+00 1.091855708931462443e+00 2.669115595269431651e+01
3.009626234319914673e+01 2.028991043076435474e+01 4.722198212783502491e+00 2.028991043076435474e+01 4.182672163220343009e+01 4.134693326338709340e+00 4.722198212783502491e+00 4.134693326338709340e+00 3.307386202046851764e+01
9.213892074915881025e+00 6.333173920143440050e-01 -1.975989065306139381e+00 6.333173920143440050e-01 8.887041937971607908e+00 1.342983309490124899e+00 -1.975989065306139381e+00 1.342983309490124899e+00 5.712703906139931398e+00
5.227521341978672353e+00 5.877344692086110989e+00 5.251866151604040134e+00 5.877344692086110989e+00 7.720096955554612173e+00 3.295560179413837276e-01 5.251866151604040134e+00 3.295560179413837276e-01 5.518512218211752085e+00
-4.550052325560567823e+00 5.347147008816261149e+00 -1.479327026509573706e+00 5.347147008816261149e+00 7.380373219951700925e+00 3.862794521926213309e-02 -1.479327026509573706e+00 3.862794521926213309e-02 -7.521178070067956689e+00
5.681828397367262085e+00 -4.303828606646174393e+00 -5.606868279243163222e+00 -4.303828606646174393e+00 -3.283004767985993944e+00 2.974640565358528388e+00 -5.606868279243163222e+00 2.974640565358528388e+00 1.170210732937320364e+00
8.559475276692014134e+00 2.815168366715913972e+00 -6.047905424503169369e-01 2.815168366715913972e+00 8.765752573015538118e+00 -9.491005426910234521e-02 -6.047905424503169369e-01 -9.491005426910234521e-02 9.832380402187096635e+00
-1.997237565037429619e+01 -2.938293456016569660e+00 6.974656109776887547e+00 -2.938293456016569660e+00 -1.197747854801571776e+01 -4.211240089717270152e+00 6.974656109776887547e+00 -4.211240089717270152e+00 -2.071023956357397466e+01
-3.121426990300366078e-01 3.289966980076768355e+00 -4.774842680511725002e-01 3.289966980076768355e+00 4.043955077012821420e+00 1.771660336315146467e-01 -4.774842680511725002e-01 1.771660336315146467e-01 4.555449455489728017e+00
1.766744461913352282e+01 1.669974796157310676e-02 2.224520332153002711e-01 1.669974796157310676e-02 1.990035156838713704e+01 4.851653399815218926e-01 2.224520332153002711e-01 4.851653399815218926e-01 1.505870148294494015e+01
-5.542056320814449322e+00 -4.644186448134556500e+00 -1.677890657771986094e+00 -4.644186448134556500e+00 2.923154844617267933e+00 -4.377956265613279996e+00 -1.677890657771986094e+00 -4.377956265613279996e+00 -1.266479737860270127e+01
-2.056064587224646356e+00 3.327721582120755084e+00 2.158684012193527124e+00 3.327721582120755084e+00 8.607800929425936109e-01 2.284251433915669871e+00 2.158684012193527124e+00 2.284251433915669871e+00 -7.304820041416251186e+00
1.646468474033702734e+01 -1.654978916071975226e-01 -9.905768298937579486e-01 -1.654978916071975226e-01 2.202324236637049282e+01 -2.408432620053244655e-01 -9.905768298937579486e-01 -2.408432620053244655e-01 1.227059367636869425e+01
1.612684642231950249e+01 -1.204659631075424508e+00 -7.236953891583819409e-01 -1.204659631075424508e+00 1.358244494700966598e+01 1.138290876997022139e+00 -7.236953891583819409e-01 1.138290876997022139e+00 1.976770296639671187e+01
-8.912385185369737783e+00 1.272701401108068175e+01 -5.154147235630545332e+00 1.272701401108068175e+01 5.419442353387639244e+00 1.131616382646093655e+01 -5.154147235630545332e+00 1.131616382646093655e+01 -1.466051007791151584e+01
3.075143388105274767e+00 -1.759935131647123674e+00 -1.009027366387373448e+00 -1.759935131647123674e+00 6.924555864557812690e+00 1.269304850213530234e+00 -1.009027366387373448e+00 1.269304850213530234e+00 4.413434378856161189e+00
-1.977292253851749448e+00 -9.815166955598425558e-01 -1.669112852472914188e+00 -9.815166955598425558e-01 -8.808364986478760983e+00 -2.145664550400282478e-01 -1.669112852472914188e+00 -2.145664550400282478e-01 2.459081852919208888e+00
2.550620377929739035e+01 3.209870298350532281e+00 3.968691187708256241e+00 3.209870298350532281e+00 2.294147585043954862e+01 -7.037758832510983886e+00 3.968691187708256241e+00 -7.037758832510983886e+00 3.909061750523485301e+01
4.716763196937014513e+00 -7.014159512934663443e-01 -1.032264017347864771e+00 -7.014159512934663443e-01 8.937065085641336282e+00 3.302416566011973087e-01 -1.032264017347864771e+00 3.302416566011973087e-01 5.954261557829879870e+00
4.254525490776291008e+01 1.598309388065496606e+00 9.931689096483212964e+00 1.598309388065496606e+00 4.485193719453219785e+01 6.194815054469783533e+00 9.931689096483212964e+00 6.194815054469783533e+00 4.393775592786327167e+01
3.370841542684366310e+00 -6.452981193401400084e+00 -1.798903977055682779e-01 -6.452981193401400084e+00 -2.791103709563451662e+00 6.401918748923267621e+00 -1.798903977055682779e-01 6.401918748923267621e+00 -2.587121299514363315e+00
-1.846904201424130365e+00 1.391253381479913465e+01 -1.343485890784366887e+01 1.391253381479913465e+01 1.293487602113562573e+01 1.141204763563338709e+01 -1.343485890784366887e+01 1.141204763563338709e+01 -3.500786089635715026e+00
2.261612571298807328e+00 5.519095695561567538e+00 -7.178590495204447919e+00 5.519095695561567538e+00 1.921258344583717692e+00 8.952298010834992326e+00 -7.178590495204447919e+00 8.952298010834992326e+00 3.280771983737488906e+00
-1.493266596103402222e+01 3.872850806457953432e+00 -8.866778721073208525e-01 3.872850806457953432e+00 -2.750573660161419021e+00 -3.591487449472387183e+00 -8.866778721073208525e-01 -3.591487449472387183e+00 -1.156861407660243657e+01
-1.931205825395918785e+00 4.857818512040076975e+00 6.726380014742224800e-01 4.857818512040076975e+00 -3.691197374151627297e+00 1.311767664109590559e+00 6.726380014742224800e-01 1.311767664109590559e+00 -1.841361637760936532e+01
