-1.365556312131642969e+01 -1.808265784810352717e+00 4.611122128120737074e+00 -1.808265784810352717e+00 -8.247512340057495450e+00 3.218141204475503336e+00 4.611122128120737074e+00 3.218141204475503336e+00 -4.285552474141364421e+00
-2.325679396970905799e+01 7.338042801355832978e+00 2.531703719671180575e-01 7.338042801355832978e+00 -2.150194360362563017e+01 -3.339258824121775771e+00 2.531703719671180575e-01 -3.339258824121775771e+00 -2.907544344167395423e+01
5.791215223261640510e+00 -5.217740213782567693e+00 6.967093974854392968e+00 -5.217740213782567693e+00 1.732351315747496301e+01 1.112700770405528505e+00 6.967093974854392968e+00 1.112700770405528505e+00 1.124379903954822346e+01
-4.810795308606971687e+00 2.042568068555869587e+00 3.987187361046272915e+00 2.042568068555869587e+00 -1.817167598970939579e+01 -2.735516989242429808e+00 3.987187361046272915e+00 -2.735516989242429808e+00 8.507821362757960415e+00
3.605664591816465592e+00 1.243370292888301032e+00 -7.178728048844311260e+00 1.243370292888301032e+00 2.313022717248730942e+01 7.641644347869682719e-01 -7.178728048844311260e+00 7.641644347869682719e-01 2.547517236169848331e+01
1.025814220099007912e+01 7.583595921062137535e+00 6.308208936961086089e+00 7.583595921062137535e+00 -1.693743839832529829e+01 7.473951410656623828e+00 6.308208936961086089e+00 7.473951410656623828e+00 7.360405229505825098e+00
3.106321191819556571e+00 3.507474880746668244e+00 -4.022200978547828321e+00 3.507474880746668244e+00 -6.510547137926778305e+00 -2.637336855715019190e+00 -4.022200978547828321e+00 -2.637336855715019190e+00 3.540281786219182880e+00
1.066788628811356165e+00 -5.875131572044648642e+00 5.611032683721377978e+00 -5.875131572044648642e+00 -1.395867941656699607e+01 -4.313960780129540318e+00 5.611032683721377978e+00 -4.313960780129540318e+00 2.557989543732322346e+01
-6.097097084758091867e+00 1.572987110006393574e-02 2.537682138323630987e+00 1.572987110006393574e-02 -1.991789069485916386e+01 1.296983853992764724e+00 2.537682138323630987e+00 1.296983853992764724e+00 -9.064693351387479225e+00
-4.378307468257547352e-01 1.911375454781001793e+01 1.542164280911448238e+01 1.911375454781001793e+01 2.074274280212178567e+01 -2.314055496520403654e+00 1.542164280911448238e+01 -2.314055496520403654e+00 1.369181415395064683e+01
1.581594233148179152e-01 1.444859735420450697e+01 1.657443523367618354e+00 1.444859735420450697e+01 -2.170723147437800815e+00 2.794158188095907214e+00 1.657443523367618354e+00 2.794158188095907214e+00 1.466511656048946222e+01
1.840279655284529170e+01 -9.171397180546517758e-01 -3.987131980997839609e+00 -9.171397180546517758e-01 3.156803351447123873e+00 7.765948574590769482e+00 -3.987131980997839609e+00 7.765948574590769482e+00 1.528213335620183244e+01
3.083906253615959869e+01 -8.359188160992975236e-01 1.765391375271606123e+01 -8.359188160992975236e-01 3.991574671103199279e+01 -4.207893746718402994e+00 1.765391375271606123e+01 -4.207893746718402994e+00 3.509756274482778338e+01
-2.754465762623759417e+00 -1.142642788846057522e+00 -6.518687675162440520e+00 -1.142642788846057522e+00 -6.225748592518987046e-01 1.240242972938527588e+00 -6.518687675162440520e+00 1.240242972938527588e+00 1.677703859957132337e+01
-1.810924287381341369e+00 9.418214488962989961e+00 7.252525553565630112e+00 9.418214488962989961e+00 3.120381003904604711e+01 -2.106444376888366499e+00 7.252525553565630112e+00 -2.106444376888366499e+00 5.089195692652812575e+00
5.238170345352759938e+01 -1.639747753848137535e+01 7.225041118467845358e-01 -1.639747753848137535e+01 6.902541865816617417e+01 1.253694105904883571e+01 7.225041118467845358e-01 1.253694105904883571e+01 6.860457867331616910e+01
1.553410913136581861e+00 -1.157683830668436720e+01 2.360888721684352431e-01 -1.157683830668436720e+01 -6.035355985371274379e+00 -1.375358696801444935e+01 2.360888721684352431e-01 -1.375358696801444935e+01 9.131000954627305433e+00
-3.943729382216351276e+00 -2.068487910214081182e+00 -5.240584980040630114e+00 -2.068487910214081182e+00 2.803234826953604042e+00 6.330632113844885112e+00 -5.240584980040630114e+00 6.330632113844885112e+00 9.018272077239689821e+00
1.284704040213443754e+01 -1.985616499803107970e+01 -9.878709231698799442e+00 -1.985616499803107970e+01 -2.708626613317868603e+01 1.380443593917817013e+00 -9.878709231698799442e+00 1.380443593917817013e+00 1.327604358366391013e+00
-9.779445212738989923e+00 2.887709473731896459e-01 -3.586991710298733427e+00 2.887709473731896459e-01 9.100895727005031688e+00 -5.480627175376302951e+00 -3.586991710298733427e+00 -5.480627175376302951e+00 5.263818208906235974e+00
-1.057742830111145871e+01 3.055434940253505705e+00 4.979450129850004458e+00 3.055434940253505705e+00 -2.692958164970724155e+01 -1.025143728209024907e+01 4.979450129850004458e+00 -1.025143728209024907e+01 1.690486493175045979e+01
2.128751244718406710e+01 3.448465470942547739e+00 1.010583054032773820e+00 3.448465470942547739e+00 1.162837445618408738e+00 -2.567597121775853086e+00 1.010583054032773820e+00 -2.567597121775853086e+00 3.401557114834968143e+00
1.307724051055767944e+01 -1.335669032710177229e+00 -5.198338765890388125e+00 -1.335669032710177229e+00 1.297635031891138624e+01 1.440610067864754873e+00 -5.198338765890388125e+00 1.440610067864754873e+00 9.398159898436210469e+00
7.624984037303545570e+00 -4.484460960979852473e+00 -5.770802177602078586e+00 -4.484460960979852473e+00 3.384357981542105875e+01 2.977199657380289022e+00 -5.770802177602078586e+00 2.977199657380289022e+00 1.142767433382234632e+00
-2.494605834164327796e+00 5.630387240651690384e+00 2.624179516243083654e+00 5.630387240651690384e+00 -7.892341822433320608e+00 -2.455549767772496228e+00 2.624179516243083654e+00 -2.455549767772496228e+00 -1.681778484934231344e+01
-5.365287428409746262e+00 1.692359286957884512e+00 -6.459636303791478351e-01 1.692359286957884512e+00 -1.466837242744351144e+01 9.265487336031107191e+00 -6.459636303791478351e-01 9.265487336031107191e+00 -1.300944220489092018e+01
2.680517334873558610e+01 -1.939212161400092338e+00 -1.358961812795925983e+00 -1.939212161400092338e+00 2.356443045493172406e+01 -2.722409703038401574e+00 -1.358961812795925983e+00 -2.722409703038401574e+00 2.627944987813278388e+01
-1.771162068071232554e+01 -2.279676079540653155e-01 -2.154780006537890813e+00 -2.279676079540653155e-01 -1.101924765062013378e+01 -1.135660808969336966e+00 -2.154780006537890813e+00 -1.135660808969336966e+00 -1.853597116045720838e+01
1.082928412678703189e+01 -3.905100769747146039e+00 -1.598838063193622983e+00 -3.905100769747146039e+00 1.805867019190931233e-01 -4.735584348171758329e+00 -1.598838063193622983e+00 -4.735584348171758329e+00 1.487577366138965651e+01
3.091254583643002718e+01 -5.552671816636244984e+00 -2.131876639958151465e+00 -5.552671816636244984e+00 2.136591299653538556e+01 1.135991832414073033e-01 -2.131876639958151465e+00 1.135991832414073033e-01 1.616145906814643141e+01
6.576874565413528551e-01 -2.003939894489807116e+01 -1.729875594941227135e+01 -2.003939894489807116e+01 -3.904927358377704216e+00 -2.064456762422739455e+00 -1.729875594941227135e+01 -2.064456762422739455e+00 3.168259976847614823e+01
2.121644174859098442e+01 2.700237542127899570e-01 -6.227686020054187033e+00 2.700237542127899570e-01 6.274690444250751398e+00 5.169995841173670392e+00 -6.227686020054187033e+00 5.169995841173670392e+00 1.978341057552240184e-02
-3.867742646981787402e+01 2.197829788931721318e+00 -1.453154339202230139e+00 2.197829788931721318e+00 -3.934110211329264217e+01 -1.647626886478076313e+00 -1.453154339202230139e+00 -1.647626886478076313e+00 -2.925478778575940098e+01
1.254610355284628831e+01 5.401514155449649301e+00 1.715416833279749476e+00 5.401514155449649301e+00 -4.031951841627929412e+00 -3.146824053411792388e+00 1.715416833279749476e+00 -3.146824053411792388e+00 1.064063965133920853e+01
1.391610447810356810e+01 -1.081334010660870781e+01 -4.701008462260289456e+00 -1.081334010660870781e+01 1.392167977424955261e+01 -4.908274999385903392e+00 -4.701008462260289456e+00 -4.908274999385903392e+00 6.836279646420041267e+00
1.194611352164581319e+01 1.001390621135968395e+01 5.249438801005495314e+00 1.001390621135968395e+01 -7.219643114483240254e+00 9.887670821994111847e+00 5.249438801005495314e+00 9.887670821994111847e+00 3.856146378726820867e+00
2.865922431391049852e+00 -3.782553001170043228e+00 3.162350068055340135e-01 -3.782553001170043228e+00 2.392444730235860018e+00 -4.347812281820005786e+00 3.162350068055340135e-01 -4.347812281820005786e+00 5.081455373405695530e-01
-2.669102885890888288e+00 5.054418634919085385e+00 -3.394435078237956649e+00 5.054418634919085385e+00 6.564219676464973396e+00 -1.071513465967260048e+00 -3.394435078237956649e+00 -1.071513465967260048e+00 3.285457568663763817e-01
2.222869441031890325e+00 -1.183782517437210835e+01 -8.165425200366311032e+00 -1.183782517437210835e+01 -1.373293802536464447e+01 -7.969184195533970616e+00 -8.165425200366311032e+00 -7.969184195533970616e+00 1.767866754797883999e+01
5.238170345352759938e+01 -1.639747753848137535e+01 7.225041118467845358e-01 -1.639747753848137535e+01 6.902541865816617417e+01 1.253694105904883571e+01 7.225041118467845358e-01 1.253694105904883571e+01 6.860457867331616910e+01
5.238170345352759938e+01 -1.639747753848137535e+01 7.225041118467845358e-01 -1.639747753848137535e+01 6.902541865816617417e+01 1.253694105904883571e+01 7.225041118467845358e-01 1.253694105904883571e+01 6.860457867331616910e+01
-4.982576660082961517e+00 1.613703582954843796e+01 1.135915298190606570e+01 1.613703582954843796e+01 2.778044660626357576e+00 -3.032844549437658799e-01 1.135915298190606570e+01 -3.032844549437658799e-01 -7.161674918950446944e+00
1.749265061572449298e+01 -1.598073530628168015e+01 -1.580350132821825326e+01 -1.598073530628168015e+01 -3.706268859761461254e+00 4.121965174748322802e+00 -1.580350132821825326e+01 4.121965174748322802e+00 2.029362181356370343e+01
4.303982291703122520e+00 -6.759409555604120712e+00 -1.717238462175482816e+00 -6.759409555604120712e+00 8.580192078290728441e-02 4.629565872468893728e-01 -1.717238462175482816e+00 4.629565872468893728e-01 -3.224463162990195197e+00
2.567866782569679529e+01 6.655097541908965297e-01 1.717931543712472864e-01 6.655097541908965297e-01 2.425187186775874082e+01 1.056603664000957643e+01 1.717931543712472864e-01 1.056603664000957643e+01 1.001295493016532312e+01
-3.424519004534889888e+01 4.830286539831207260e-01 -3.268041289682293460e+00 4.830286539831207260e-01 -2.763516208031794719e+01 -5.404393770105644812e+00 -3.268041289682293460e+00 -5.404393770105644812e+00 -1.929805094393371334e+01
3.615816414421841873e+00 -9.220418764566457037e-01 5.187885894184897317e+00 -9.220418764566457037e-01 -1.066712197817469310e+01 4.312168288260033400e+00 5.187885894184897317e+00 4.312168288260033400e+00 -1.004272861717741350e+01
1.610007611204314770e+01 1.127443796366599038e+01 4.082175795032285670e+00 1.127443796366599038e+01 2.633584963179250593e+01 -2.890211067914270959e+00 4.082175795032285670e+00 -2.890211067914270959e+00 1.137381077287185427e+01
-8.807136270628037167e+00 -6.404082720156015207e-02 -5.244187071048839854e+00 -6.404082720156015207e-02 2.483999887974668397e+01 -5.044503383609732161e+00 -5.244187071048839854e+00 -5.044503383609732161e+00 -1.268144085411310185e+00
4.858558556688158170e+00 4.497197237670852665e+00 -2.208665646683096728e+00 4.497197237670852665e+00 -1.188449407836837146e+01 -1.164425039851779697e+00 -2.208665646683096728e+00 -1.164425039851779697e+00 -2.965288136037219413e+00
