1.437612714329116059e+01 5.880167786439566058e+00 8.262295194409828625e+00 5.880167786439566058e+00 2.036667607278382519e+01 -1.428322284900059191e+00 8.262295194409828625e+00 -1.428322284900059191e+00 1.313463799104552265e+01
8.817034596748358766e+00 1.133693558394569534e+00 -2.921289747408852389e+00 1.133693558394569534e+00 1.747089393868412444e+00 8.596351530485186743e+00 -2.921289747408852389e+00 8.596351530485186743e+00 -1.396998136842213301e+00
-1.571277441818396570e+00 6.615392506020743468e+00 5.198306672062916967e+00 6.615392506020743468e+00 -1.477268627364920839e+01 -6.149984672423756571e+00 5.198306672062916967e+00 -6.149984672423756571e+00 -1.064865937009764352e+01
2.148972979580218379e+01 -3.037671690609215602e+00 -4.751578112235280149e-01 -3.037671690609215602e+00 5.240944796058277788e+00 1.223690340805145604e+00 -4.751578112235280149e-01 1.223690340805145604e+00 5.072447804339597965e+00
3.910950780389941706e+00 4.105001678973164481e+00 -4.754058712727493585e+00 4.105001678973164481e+00 3.214336402040075757e+00 -4.375485900997500899e+00 -4.754058712727493585e+00 -4.375485900997500899e+00 1.598790926599111550e+01
-6.479931308545713975e+00 -1.540464095595986826e+01 -5.402241673102524011e+00 -1.540464095595986826e+01 4.445836191628438350e+00 -2.861473196408413688e+00 -5.402241673102524011e+00 -2.861473196408413688e+00 9.173699475185861374e+00
3.384895996387808026e+00 -1.006870840658343269e+01 -1.947459533187121172e+00 -1.006870840658343269e+01 -8.166693215589436505e+00 -2.011235975239340235e+01 -1.947459533187121172e+00 -2.011235975239340235e+01 -7.308423070424012735e+00
-1.756800872790494905e+00 -5.227436472650562216e+00 8.649458896090295168e-02 -5.227436472650562216e+00 -1.444981940882695781e+01 1.542027276019368509e+00 8.649458896090295168e-02 1.542027276019368509e+00 -8.731208535933161485e+00
6.358202646353632304e+00 9.663033557948016439e-01 2.255089459733288226e+00 9.663033557948016439e-01 -2.324147060656349240e+00 8.993768089469476479e+00 2.255089459733288226e+00 8.993768089469476479e+00 1.372449708372528998e-01
-1.295846503944612671e+01 -5.092318898672687943e+00 -1.726028429478729143e+00 -5.092318898672687943e+00 -2.247494651377953456e+00 -7.050051010590865364e-01 -1.726028429478729143e+00 -7.050051010590865364e-01 -1.238711032193385897e+01
8.254622659562784293e+00 7.546897530873488691e+00 2.237749984190958052e+00 7.546897530873488691e+00 2.132297736584654047e+01 4.913919139832924721e+00 2.237749984190958052e+00 4.913919139832924721e+00 1.061006316923343284e+01
3.185406106857110675e+00 -4.821627526631825589e+00 1.034077700938999733e+01 -4.821627526631825589e+00 -2.007909910316038093e+01 -1.066778103988917259e+01 1.034077700938999733e+01 -1.066778103988917259e+01 -4.268180142852150638e+00
2.833669307669571680e+01 4.196813719227148631e+00 -2.644051715489774690e+00 4.196813719227148631e+00 3.163060780996118382e+01 6.397950785591974388e+00 -2.644051715489774690e+00 6.397950785591974388e+00 1.773814738248304579e+01
-3.235736595316838660e+00 4.631053812297024841e+00 -8.237156553359474387e+00 4.631053812297024841e+00 -1.282259471213674473e+01 4.615352793692794720e+00 -8.237156553359474387e+00 4.615352793692794720e+00 -1.093353132921191673e+01
1.500919317799903574e+01 1.187024494342722747e+01 3.092235719030427266e+00 1.187024494342722747e+01 2.421328700703322401e+00 -8.426303912306210009e+00 3.092235719030427266e+00 -8.426303912306210009e+00 7.524678997987153117e+00
1.752395006773265251e+01 -4.738796580202484954e+00 -5.251627892601449243e-01 -4.738796580202484954e+00 5.274015666091120380e+00 -1.047555546586989461e+00 -5.251627892601449243e-01 -1.047555546586989461e+00 8.240210795078761308e+00
-8.175284287602332611e+00 3.876016534872507968e+00 -2.870162368799547892e+00 3.876016534872507968e+00 -6.507061368872624207e-01 2.142223470946779340e+00 -2.870162368799547892e+00 2.142223470946779340e+00 -1.339422375166960322e+01
-4.114492259687315467e+00 6.930912903888297727e+00 4.467337935384400716e+00 6.930912903888297727e+00 -2.924162508813251016e+00 -3.240811290328953653e+00 4.467337935384400716e+00 -3.240811290328953653e+00 2.555592938923396318e+01
-2.002789647698528697e+01 -1.231008426365722741e+01 -5.021480006268016716e+00 -1.231008426365722741e+01 -1.434123802286656613e+01 5.468282491978463611e+00 -5.021480006268016716e+00 5.468282491978463611e+00 1.969843520305971651e+00
6.956409387876176353e+00 -2.724474220165792993e+00 -2.132241687921932805e+00 -2.724474220165792993e+00 -8.321444579611965153e+00 3.991442045106667003e+00 -2.132241687921932805e+00 3.991442045106667003e+00 -3.751877182026467139e+00
2.320269068201831075e+01 -4.421113847677128561e+00 1.950785735890746553e-01 -4.421113847677128561e+00 1.863264542241536148e+01 -5.604298115414470871e+00 1.950785735890746553e-01 -5.604298115414470871e+00 2.518473611628334297e+01
1.290922165429063995e+01 5.512972246093835516e+00 -1.381841250754412886e+00 5.512972246093835516e+00 9.135849408853093934e+00 3.784185309160461141e+00 -1.381841250754412886e+00 3.784185309160461141e+00 7.778095680313015237e+00
-8.660675847130017146e-01 2.004591373463817217e+00 2.186892880006302331e+00 2.004591373463817217e+00 -3.311215592840877076e+00 2.320914805854874086e+00 2.186892880006302331e+00 2.320914805854874086e+00 -1.726394742717449304e+00
-1.664023481038022823e+01 3.603977097675718166e+00 -9.084286282352070918e-01 3.603977097675718166e+00 -1.608017667327203881e+01 -4.541656523498271092e+00 -9.084286282352070918e-01 -4.541656523498271092e+00 -7.868491419456693947e+00
-1.259168642502632718e+00 -1.307725545297372172e+00 -2.628764235423308282e+00 -1.307725545297372172e+00 -1.798915420230954743e+00 5.803640886880204519e+00 -2.628764235423308282e+00 5.803640886880204519e+00 -2.728484810629569601e+00
4.392702922544466482e+00 3.739517320684975776e-01 -3.221910477320570898e+00 3.739517320684975776e-01 -8.087858237112165227e+00 -1.091109313383283208e+00 -3.221910477320570898e+00 -1.091109313383283208e+00 5.939210181119085163e+00
1.762015447367266674e+01 1.305850126994456950e+01 -6.634416283214590315e-01 1.305850126994456950e+01 2.095619786095826242e+01 -5.381917771847079202e+00 -6.634416283214590315e-01 -5.381917771847079202e+00 7.462082187587534499e+00
-2.639896379744010346e+01 1.201245422214422653e+01 -9.335096843189943927e-01 1.201245422214422653e+01 -3.125079883128795899e+01 -1.212658464012446835e+01 -9.335096843189943927e-01 -1.212658464012446835e+01 -1.638807012089923631e+01
1.652977926140277987e+01 9.577348810159005410e+00 7.333025554771017696e-01 9.577348810159005410e+00 -2.655550097758934580e+00 1.143027644207551763e+00 7.333025554771017696e-01 1.143027644207551763e+00 -9.417609494901598710e-01
3.615321347261703622e+00 -1.067901672421370662e+01 -1.503892416719160785e+01 -1.067901672421370662e+01 1.649277888223432909e+00 1.434954185893336343e+00 -1.503892416719160785e+01 1.434954185893336343e+00 1.158982330725066401e+00
2.022547580409764478e+01 -4.666211046871268309e+00 -1.345990637326479389e+00 -4.666211046871268309e+00 2.422689925736313032e+00 -2.970498722360743749e+00 -1.345990637326479389e+00 -2.970498722360743749e+00 2.052318839610603973e+01
1.671487590432204229e+01 -2.659107823097388135e+00 4.665769283741156848e+00 -2.659107823097388135e+00 2.082525745286260133e+01 4.955424074251937760e+00 4.665769283741156848e+00 4.955424074251937760e+00 2.239665780461956146e+01
-1.965599718974023702e+01 1.350654835119607933e-01 2.162644998104348293e+00 1.350654835119607933e-01 -3.548783816365821053e+01 8.758139546127770014e-01 2.162644998104348293e+00 8.758139546127770014e-01 -4.020387621735300065e+00
-2.736971249630639136e+01 -4.953101659435054316e+00 1.059986913233316308e+01 -4.953101659435054316e+00 -4.812885194171389713e+00 -5.008576088923895053e-01 1.059986913233316308e+01 -5.008576088923895053e-01 -9.383953432157095875e+00
-7.381793331647392264e+00 -3.642438708154819071e+00 2.657805174814613647e+00 -3.642438708154819071e+00 1.451039329597337080e+01 -5.640770497407997297e+00 2.657805174814613647e+00 -5.640770497407997297e+00 7.334818766192825912e+00
3.028830569642655846e+01 -6.834862350817375365e+00 -7.312399728400252208e+00 -6.834862350817375365e+00 1.714947154657175687e+01 -5.877766363286964779e-01 -7.312399728400252208e+00 -5.877766363286964779e-01 1.041223415279583620e+00
2.579141523269080416e+00 8.496934873725772164e+00 -5.022698103914932766e+00 8.496934873725772164e+00 -1.053326559858118472e+01 -3.324663186673126880e+00 -5.022698103914932766e+00 -3.324663186673126880e+00 -1.802022773701665059e+01
5.206854097390768210e+00 -4.334928344241074427e+00 -1.118369190874857821e+01 -4.334928344241074427e+00 9.276314814420414834e+00 -5.544322623054457111e+00 -1.118369190874857821e+01 -5.544322623054457111e+00 6.906796008999632752e-01
6.382157330370803905e+00 -4.091653914615747567e+00 -7.680666228504544613e+00 -4.091653914615747567e+00 -2.731865062303518599e+01 7.916819350476267836e+00 -7.680666228504544613e+00 7.916819350476267836e+00 -1.460054776748713756e+01
1.792869388335389447e+00 9.028703764179308422e+00 -1.354393926070266430e+00 9.028703764179308422e+00 1.632830398292050234e+01 6.689141126472415877e+00 -1.354393926070266430e+00 6.689141126472415877e+00 1.393825398610031741e+01
2.324831846275295533e+01 -7.121452322342593177e+00 -5.199603406223533675e+00 -7.121452322342593177e+00 2.855909300987514854e+01 3.765941291270173963e+00 -5.199603406223533675e+00 3.765941291270173963e+00 1.921690492065107847e+01
-7.174914754648114901e+00 -8.034123922387827577e+00 3.345690794768148901e+00 -8.034123922387827577e+00 -1.584005974904779634e+01 8.678903318727181571e+00 3.345690794768148901e+00 8.678903318727181571e+00 -1.367816213993019758e+01
1.200923441569101868e+01 -1.478903644100511006e-01 -5.750078389623337616e-01 -1.478903644100511006e-01 -5.067430136510539640e+00 3.954992250226635253e+00 -5.750078389623337616e-01 3.954992250226635253e+00 -3.662227798996427364e+00
3.332529011973738875e+01 -7.633992459816077769e+00 2.470277361231918434e+00 -7.633992459816077769e+00 3.185173602853609154e+01 9.607846655980374351e+00 2.470277361231918434e+00 9.607846655980374351e+00 3.571706969370069373e+01
1.535815063075584774e+01 1.479576307908943456e+00 2.178520536959454468e+00 1.479576307908943456e+00 1.535892524949809967e+01 4.817356827022956089e+00 2.178520536959454468e+00 4.817356827022956089e+00 -1.361237515759288197e+00
3.432847057633166088e+01 5.939608341723010554e+00 -1.534274829154440578e+00 5.939608341723010554e+00 2.528876511068167332e+01 -2.024149618764234049e+00 -1.534274829154440578e+00 -2.024149618764234049e+00 1.782870360882822069e+01
-2.127683191702833909e+01 3.588181558273466631e+00 5.441510572705289484e+00 3.588181558273466631e+00 -1.136605427812526870e+01 -7.337815105310903974e+00 5.441510572705289484e+00 -7.337815105310903974e+00 -1.842209377833524897e+01
-7.489555584863725635e+00 3.841691675655575011e+00 -2.714814704885209373e+00 3.841691675655575011e+00 -8.981625640059084148e+00 1.199890242987711853e+00 -2.714814704885209373e+00 1.199890242987711853e+00 -1.549534079102990347e+01
4.419784191441544330e+00 2.046931709220667805e+00 5.813157924699187129e-01 2.046931709220667805e+00 -1.073400189157974749e+00 -9.033143220856731048e+00 5.813157924699187129e-01 -9.033143220856731048e+00 1.143086384554589152e+01
-2.052266708560432473e+00 -3.285641308181412423e+00 2.067713118451825594e+00 -3.285641308181412423e+00 1.497851047913509426e+01 -3.775820961750089300e-01 2.067713118451825594e+00 -3.775820961750089300e-01 1.210024241131743894e+00
