2.662045590730547584e+00 -5.410441078027705686e+00 2.238856633298411669e+00 -5.410441078027705686e+00 1.194740605707422709e+01 1.578584941611417269e-01 2.238856633298411669e+00 1.578584941611417269e-01 8.073331551659983063e+00
4.562036908061721796e+00 -3.822031796470731546e+00 -3.951269866110717066e-01 -3.822031796470731546e+00 8.774301086508586422e+00 6.385001191062135151e-01 -3.951269866110717066e-01 6.385001191062135151e-01 -4.673686971397969181e+00
2.759433049969746676e+01 9.924063617831246020e+00 2.301783011947780011e+00 9.924063617831246020e+00 2.525657742779934267e+01 -4.020759372738370807e+00 2.301783011947780011e+00 -4.020759372738370807e+00 -3.345112435425000807e+00
4.348916680156443171e+00 4.008835742442943939e+00 -2.153415347642087418e+00 4.008835742442943939e+00 -3.589517410252314189e+00 9.926993287363340412e-01 -2.153415347642087418e+00 9.926993287363340412e-01 2.873278880880789998e+01
6.260715113470213922e+00 2.940884089161457382e+00 4.301563740776604972e-01 2.940884089161457382e+00 6.613675734357118863e+00 6.994486949419973509e-01 4.301563740776604972e-01 6.994486949419973509e-01 8.835244895726463099e+00
-1.213870008885028717e+00 9.158423873059849285e+00 5.325312309691854651e+00 9.158423873059849285e+00 -2.339250786965072049e+00 -1.265465144119151120e+00 5.325312309691854651e+00 -1.265465144119151120e+00 1.013883355332147218e+01
2.612377921451608387e+01 -1.021741486836532209e+00 -9.254460819653053116e-01 -1.021741486836532209e+00 2.091028358394493125e+01 -5.717408710412527073e-01 -9.254460819653053116e-01 -5.717408710412527073e-01 2.558935075252238178e+01
-4.019416307326736160e+00 -5.357824496627122457e+00 1.821133164335632326e+00 -5.357824496627122457e+00 -1.021674319357196659e+01 1.641438978875643384e-01 1.821133164335632326e+00 1.641438978875643384e-01 -1.115974543173275002e+01
1.863101429224886019e+01 -2.364010162811777338e+00 4.558412812432790950e+00 -2.364010162811777338e+00 7.180325375550148159e+00 -2.090825234110919695e+00 4.558412812432790950e+00 -2.090825234110919695e+00 -1.225529572305553927e+00
3.312774987105169799e+01 -1.266091739281488326e+00 -4.889613158820295680e-01 -1.266091739281488326e+00 3.075343549839939783e+01 -3.927213372130176627e-01 -4.889613158820295680e-01 -3.927213372130176627e-01 2.185781834957629854e+01
-2.801465150675593208e+01 5.114208685081594652e+00 1.843905854546592726e+00 5.114208685081594652e+00 -2.682928982391726436e+01 5.550413596591806387e-02 1.843905854546592726e+00 5.550413596591806387e-02 4.421293687054004273e+00
4.045341875835966050e+00 1.756071285251256775e+00 3.367587975004782130e+00 1.756071285251256775e+00 -4.846118376033396458e-01 -1.834265971767491843e+00 3.367587975004782130e+00 -1.834265971767491843e+00 4.775072057347737875e+00
1.649608088415180873e+01 2.278228543660053784e+00 2.835029876355316669e-01 2.278228543660053784e+00 2.064281935686339864e+01 1.188936851653438209e-01 2.835029876355316669e-01 1.188936851653438209e-01 -4.903905230314850705e+00
7.120063012362688681e+00 -1.816912341591558899e+00 -4.021042207153200820e+00 -1.816912341591558899e+00 1.315050071602265369e+01 4.614374755442810283e+00 -4.021042207153200820e+00 4.614374755442810283e+00 8.482600954123856951e+00
-5.687168413201196593e+00 3.445995572208128355e+00 -2.169099242198269550e+00 3.445995572208128355e+00 -2.720535889008382835e+00 8.094024061799885983e-01 -2.169099242198269550e+00 8.094024061799885983e-01 -2.866234281513677651e+00
-1.418001623667309019e+01 4.398843079221353314e+00 -2.796834688239474009e-01 4.398843079221353314e+00 -4.029226708189966644e+00 -6.871466028676307403e-01 -2.796834688239474009e-01 -6.871466028676307403e-01 -2.205457560406010487e+01
1.668349483793387122e+01 -5.666647134400347952e+00 8.079155546194375370e-01 -5.666647134400347952e+00 2.393622978048283301e+01 1.821983150644602978e-01 8.079155546194375370e-01 1.821983150644602978e-01 9.256507331337587630e+00
4.794642067597350632e+01 6.964804657295609935e+00 3.572690519144106625e-01 6.964804657295609935e+00 4.586062092936367662e+01 3.690815551214335355e-01 3.572690519144106625e-01 3.690815551214335355e-01 4.302725809557369274e+01
2.430229603870075650e+01 -1.178533353951106033e+00 2.163520937335290384e+00 -1.178533353951106033e+00 1.592802875078441716e+01 -4.389056199010195947e+00 2.163520937335290384e+00 -4.389056199010195947e+00 -4.754408570813843049e+00
1.770436075283447863e+01 -5.661385239039565143e+00 -2.193790563087668399e+00 -5.661385239039565143e+00 1.833526443061969102e+00 -1.048530690940203014e+00 -2.193790563087668399e+00 -1.048530690940203014e+00 -1.348628267136208692e+01
1.989189152583524134e+01 -3.634632151234840070e+00 -1.945824370705254047e+00 -3.634632151234840070e+00 1.697582184397668215e+01 2.446435576761016417e+00 -1.945824370705254047e+00 2.446435576761016417e+00 8.550357712946448530e+00
6.062872875371803971e+00 -6.338647953658622658e-01 5.004298896841852251e-01 -6.338647953658622658e-01 -6.683567097973837967e+00 6.162300612866790095e-01 5.004298896841852251e-01 6.162300612866790095e-01 8.248637499156872721e+00
8.602450044394174711e+00 1.579237006052482517e+00 3.351982461063609531e-01 1.579237006052482517e+00 7.354020502315652408e+00 4.469525014569842192e+00 3.351982461063609531e-01 4.469525014569842192e+00 1.455309321514102194e+01
7.217762334645009936e+00 -4.061356916070921308e+00 1.690073239553576911e+00 -4.061356916070921308e+00 1.067397581243876914e+01 8.726357162738593853e-01 1.690073239553576911e+00 8.726357162738593853e-01 1.314781204266933479e+01
4.475736456295887677e+01 7.188229463035232136e+00 -5.559605755154464202e-01 7.188229463035232136e+00 4.744152241786395763e+01 8.481113049383284253e-01 -5.559605755154464202e-01 8.481113049383284253e-01 4.153703344033350930e+01
-8.281069930696775216e+00 -1.820942662682560331e-01 1.765065360759088264e+00 -1.820942662682560331e-01 -5.255036139076650903e-01 1.971393045134261501e-01 1.765065360759088264e+00 1.971393045134261501e-01 -1.999440462608832902e+01
-1.174095820175384652e+01 7.029237975793680704e-01 -1.968933994819747957e+00 7.029237975793680704e-01 -2.526199360255871085e+01 1.498413755399124137e+00 -1.968933994819747957e+00 1.498413755399124137e+00 -3.228937242388332152e+01
4.232711826465427762e+00 -1.562109087349695002e+00 -2.380904868805475250e+00 -1.562109087349695002e+00 -1.371905159383586537e-01 2.428674705311944848e+00 -2.380904868805475250e+00 2.428674705311944848e+00 -8.733268825483772702e+00
3.730276993631885318e+01 -1.569125645977646144e+00 3.850164311094621539e-01 -1.569125645977646144e+00 4.418048749986166968e+01 -8.940743499737749955e-01 3.850164311094621539e-01 -8.940743499737749955e-01 2.319956826428846952e+01
4.579746539717896070e+01 -1.958919959076637740e+00 3.810003087919661691e-01 -1.958919959076637740e+00 4.768333713903700755e+01 3.573636458091367096e+00 3.810003087919661691e-01 3.573636458091367096e+00 4.335849025958197700e+01
2.597488809282162947e+01 5.338326524488949509e+00 2.238460159342120281e+00 5.338326524488949509e+00 4.121932174708595298e+00 -3.742884362322319025e-01 2.238460159342120281e+00 -3.742884362322319025e-01 -1.389812877451724837e+01
2.536257378585133537e+01 -7.030046863306541605e-01 9.417894959413398714e-01 -7.030046863306541605e-01 3.620257305799818681e+01 -2.780862843146587160e+00 9.417894959413398714e-01 -2.780862843146587160e+00 1.228235115884121242e+01
8.989133428698245609e+00 5.707744869979448410e+00 3.985916570344233634e+00 5.707744869979448410e+00 2.560734258408869035e+00 1.379170232226239579e+00 3.985916570344233634e+00 1.379170232226239579e+00 -6.460079043802194221e+00
2.220567508108902999e+01 -1.188637157510432418e+00 -1.336645163908770195e+00 -1.188637157510432418e+00 1.773490791965321733e+01 4.512626497674239623e+00 -1.336645163908770195e+00 4.512626497674239623e+00 1.702347172028874311e+01
8.627579277571443939e+00 1.335967651722999472e+00 1.417190923513938383e+00 1.335967651722999472e+00 1.411248863063677561e+01 1.648716296361782074e+00 1.417190923513938383e+00 1.648716296361782074e+00 1.340731537450461808e+01
1.213499764387835711e+01 1.877272847470014661e+00 -1.427212765916385129e+00 1.877272847470014661e+00 2.349388687850025192e+01 2.684045846906244925e+00 -1.427212765916385129e+00 2.684045846906244925e+00 1.542857365758744770e+01
-1.786328085747707561e+01 -9.276685803534279628e+00 -2.512976674387856768e+00 -9.276685803534279628e+00 -2.071416439734934301e+01 -1.512047893026211287e-01 -2.512976674387856768e+00 -1.512047893026211287e-01 -2.718860938287047091e+01
1.746439580603354003e+01 1.883274574805184010e+00 2.607880862480844719e+00 1.883274574805184010e+00 2.320976668194889569e+01 -2.431927400254630278e+00 2.607880862480844719e+00 -2.431927400254630278e+00 8.884535961775378965e+00
4.877112988967950002e+01 3.354264678645918263e+00 1.674461308815021088e+00 3.354264678645918263e+00 4.473244511902545639e+01 -3.021944079099274205e+00 1.674461308815021088e+00 -3.021944079099274205e+00 3.757056620759516363e+01
3.892396160172921071e+01 -1.969736042383732766e+01 -1.785915295514004963e+00 -1.969736042383732766e+01 2.972267332327979972e+01 -6.149255646993637470e+00 -1.785915295514004963e+00 -6.149255646993637470e+00 1.139412565809147715e+01
2.123670974663243172e+01 4.809912932311604661e-01 -1.808778261662417730e+00 4.809912932311604661e-01 3.639082269225309574e+01 1.141667088285578169e+00 -1.808778261662417730e+00 1.141667088285578169e+00 3.506633776151714699e+01
1.013350051200483470e+01 -1.638318434489274944e+00 2.211030787847417578e+00 -1.638318434489274944e+00 1.532052019166591705e+01 4.314713895275731126e+00 2.211030787847417578e+00 4.314713895275731126e+00 1.132525987260323141e+01
2.357889187456833824e+01 -3.303725683753948594e+00 5.219021441658198590e+00 -3.303725683753948594e+00 2.162932653494369362e+01 -5.258166477982157971e-01 5.219021441658198590e+00 -5.258166477982157971e-01 1.669228396713769058e+01
2.118570951100436872e+01 -4.096665031247014532e+00 -3.209443595712990760e-01 -4.096665031247014532e+00 1.787483839530761287e+01 8.582105386960846571e-01 -3.209443595712990760e-01 8.582105386960846571e-01 -7.244075818924837762e-01
4.199735324325098418e+01 -1.420790502325248061e+00 7.411175734687420746e-01 -1.420790502325248061e+00 4.631666499932534720e+01 -3.613768545962878220e-01 7.411175734687420746e-01 -3.613768545962878220e-01 3.468119516888960163e+01
3.129102423735001892e+01 1.236104458560908448e+01 1.268805787771018823e+00 1.236104458560908448e+01 3.511717098909912949e+01 -8.197278569940641413e-01 1.268805787771018823e+00 -8.197278569940641413e-01 3.735831046597412808e+01
-5.989271256251075926e+00 -2.224500776397146939e+00 1.043872360263686794e+00 -2.224500776397146939e+00 -2.876649145426670273e+01 -1.980553977689117007e+00 1.043872360263686794e+00 -1.980553977689117007e+00 -1.871851389676652389e+01
2.520098591202554861e+00 1.114201728516008183e+00 -3.269374385274356865e+00 1.114201728516008183e+00 6.329649908932799107e+00 1.014544974813179401e+01 -3.269374385274356865e+00 1.014544974813179401e+01 9.326756009188873264e+00
2.163425956602131350e+01 4.877300353170736180e+00 -2.729926284815884507e+00 4.877300353170736180e+00 2.806626942813403502e+01 2.000379982861745454e+00 -2.729926284815884507e+00 2.000379982861745454e+00 3.257154694135844686e+00
1.908721225334244664e+01 3.486922564503794231e+00 1.849739808781287520e+00 3.486922564503794231e+00 2.138714168840552787e+01 -2.228831022930760908e-01 1.849739808781287520e+00 -2.228831022930760908e-01 8.329405262885646977e+00
