7.107991800762374801e+00 1.005913214301270209e+01 1.985862767121992167e+00 1.005913214301270209e+01 1.780989586098283795e+01 -7.497555006649373688e+00 1.985862767121992167e+00 -7.497555006649373688e+00 7.682183286776685271e+00
-1.131760227633522398e+01 -5.727248167234975540e+00 -1.154367708481856658e+00 -5.727248167234975540e+00 3.211662166897502502e+00 -1.908577194742274274e+00 -1.154367708481856658e+00 -1.908577194742274274e+00 -6.842539059329176609e+00
3.747268167439512521e+00 1.816375828040975193e+01 8.100003262903310741e+00 1.816375828040975193e+01 -1.084078506621979621e+01 -5.509423176835501756e+00 8.100003262903310741e+00 -5.509423176835501756e+00 -1.802590020046700303e+01
2.672763377392185191e+01 1.194996847687306518e+00 -1.327759405099818713e-01 1.194996847687306518e+00 2.634228309590471895e+01 -1.712951716463566365e+00 -1.327759405099818713e-01 -1.712951716463566365e+00 2.395402251165238994e+01
5.564824226373455751e+00 -3.989693372106542402e+00 2.574870648035806564e+00 -3.989693372106542402e+00 7.536439160688310324e+00 3.191477836605528307e+00 2.574870648035806564e+00 3.191477836605528307e+00 -4.609662776468329781e+00
2.885136369240896670e+01 -3.284374604036046641e+00 5.025922420680626779e+00 -3.284374604036046641e+00 2.974896608131789932e+01 8.281841151106544840e-01 5.025922420680626779e+00 8.281841151106544840e-01 1.240670716989991718e+01
