1.126621663689463482e+01 -6.628788255352914049e+00 4.280226025787889022e+00 -6.628788255352914049e+00 1.159034241702246781e+01 -4.183883691811685956e+00 4.280226025787889022e+00 -4.183883691811685956e+00 -2.770043500039584217e+00
2.702621616003441929e+01 1.581080920380362853e+00 -1.800182390866028159e+00 1.581080920380362853e+00 1.934401927148138967e+01 3.533864543256520108e+00 -1.800182390866028159e+00 3.533864543256520108e+00 2.274337922674288137e+01
3.030642443667327157e+01 7.635890936174963839e-01 -5.475317785219422362e+00 7.635890936174963839e-01 2.459183811271297060e+01 3.483056208258223041e+00 -5.475317785219422362e+00 3.483056208258223041e+00 5.931019314823731570e+00
-3.916309670456313619e+00 -1.704564386076021121e+00 1.719172361448595643e+00 -1.704564386076021121e+00 2.785997198300765021e+01 2.574633476094382978e+00 1.719172361448595643e+00 2.574633476094382978e+00 -5.363613557344866223e+00
1.769635847061882927e+01 3.076599175462855218e+00 -9.179497358002129959e-01 3.076599175462855218e+00 -9.138089934589983088e+00 -1.072806945728033590e+01 -9.179497358002129959e-01 -1.072806945728033590e+01 5.313762382283199415e+00
