5.905551659741775650e-01 1.421604144129666736e+00 -1.703407723816954933e+00 1.421604144129666736e+00 -7.094065502944967960e+00 -2.586389139157101863e-02 -1.703407723816954933e+00 -2.586389139157101863e-02 2.791753193638210817e+01
5.931605149356234286e+00 -2.142637502731242982e+00 -4.599946780092675880e+00 -2.142637502731242982e+00 1.860327938384595825e+01 3.861092189668471342e+00 -4.599946780092675880e+00 3.861092189668471342e+00 8.988397637834259157e+00
1.426483258665894738e+01 -7.240305130194010452e+00 -4.006010649917378430e+00 -7.240305130194010452e+00 -1.514579203505408778e+01 1.449331749043897721e+00 -4.006010649917378430e+00 1.449331749043897721e+00 -8.755247679296926933e-01
5.330000734568748122e+00 -3.388850777910897283e-01 -7.535260501613874951e+00 -3.388850777910897283e-01 -3.516611771292076138e+00 1.964730840402418632e+00 -7.535260501613874951e+00 1.964730840402418632e+00 1.938408448367566805e+01
2.551038270753085868e+01 5.480430891159976392e-01 2.421812492445419629e+00 5.480430891159976392e-01 1.710437493717346058e+01 -2.947605307669840524e+00 2.421812492445419629e+00 -2.947605307669840524e+00 1.655193054449471646e+01
2.938871299824922900e+01 6.093345568798956613e+00 1.996811034803107399e+00 6.093345568798956613e+00 4.675689753005447535e+00 1.447550340570476823e+00 1.996811034803107399e+00 1.447550340570476823e+00 2.812332368716083764e+01
-4.384261159209523306e+00 -1.241726743863887039e+00 5.979356799743464901e-01 -1.241726743863887039e+00 -1.258098917403418149e+01 -2.738306334346788606e+00 5.979356799743464901e-01 -2.738306334346788606e+00 -2.145868867774096689e+00
9.592929679584067060e+00 -6.768976425186091994e+00 -2.169712409905887096e+00 -6.768976425186091994e+00 -4.676197532051941330e+00 -6.703880569353685814e+00 -2.169712409905887096e+00 -6.703880569353685814e+00 1.919511405264190618e+00
9.699534234148032397e+00 5.755492697107655431e+00 -1.063601415067058653e+01 5.755492697107655431e+00 -7.197589877388934632e+00 3.265151940077183568e+00 -1.063601415067058653e+01 3.265151940077183568e+00 2.828445159142638055e+00
1.724073156055767342e+01 -2.822742016934645104e+00 -1.128346558794813426e+01 -2.822742016934645104e+00 2.056444561511248637e+01 -2.367156131800453700e+00 -1.128346558794813426e+01 -2.367156131800453700e+00 4.645877608123776703e+00
1.165482940774410103e+01 -5.482597356421531565e+00 -8.864077723605735537e-01 -5.482597356421531565e+00 1.316640707063564442e+01 -2.718919553136823986e+00 -8.864077723605735537e-01 -2.718919553136823986e+00 7.127942830835393373e+00
5.795707811069804594e-01 -3.445182712100164357e-01 7.561396997236197848e+00 -3.445182712100164357e-01 7.282283794872547844e+00 -2.509661756501846863e+00 7.561396997236197848e+00 -2.509661756501846863e+00 7.543481078705248422e+00
-1.979563212448176790e+00 1.087605926736622131e+01 6.947469098679991184e+00 1.087605926736622131e+01 -1.453871056911572346e+01 2.696524760932006437e+00 6.947469098679991184e+00 2.696524760932006437e+00 -8.377521083993640261e+00
7.139977439879404919e+00 1.328253574094091505e+00 -3.975286213505961008e+00 1.328253574094091505e+00 -1.139455777333253295e+01 1.699514267506084364e+00 -3.975286213505961008e+00 1.699514267506084364e+00 2.132815135542813678e+01
2.874443983196336916e+01 2.725368651183759927e-01 -1.379778735406447332e+01 2.725368651183759927e-01 2.271212227191481148e+01 -2.464506125167734041e+00 -1.379778735406447332e+01 -2.464506125167734041e+00 -3.548301615930499864e+00
-8.183486120722831103e+00 -7.289263268116489947e+00 4.677309349029803442e+00 -7.289263268116489947e+00 -4.713292861048486770e+00 5.141543759554140003e+00 4.677309349029803442e+00 5.141543759554140003e+00 1.122965951332744083e+01
4.358630163922852851e+00 5.277231748875653494e+00 -2.243056487825509926e+00 5.277231748875653494e+00 -1.571626770663085892e+01 -2.116470511844200875e+00 -2.243056487825509926e+00 -2.116470511844200875e+00 2.940675776774321548e+01
-4.154456922298051857e+00 -9.590169730700528472e-01 -6.235539540945122639e+00 -9.590169730700528472e-01 -3.817955489280153714e+00 -5.551662393938872064e+00 -6.235539540945122639e+00 -5.551662393938872064e+00 -5.712026692055331978e+00
-1.498186422732356959e+01 6.499930865912021183e+00 6.682861215190075477e+00 6.499930865912021183e+00 -1.350864515541640820e+01 -3.570654759081491214e+00 6.682861215190075477e+00 -3.570654759081491214e+00 -8.498855489740549274e+00
3.841100553732825773e+01 3.462739194748494675e+00 9.830065018041089786e+00 3.462739194748494675e+00 2.548411705776369018e+01 -7.000961796655823299e+00 9.830065018041089786e+00 -7.000961796655823299e+00 2.998140873611149004e+01
1.708615199818771657e+01 -1.377608231952455853e+01 -1.196574450246338195e+01 -1.377608231952455853e+01 -1.558285138969048411e+01 4.002245496715791440e+00 -1.196574450246338195e+01 4.002245496715791440e+00 2.190621264431360515e+01
-1.169340689359854135e+00 -9.173999004377991762e-01 6.988915020432206582e+00 -9.173999004377991762e-01 1.150841479886390850e+01 4.172174931833221301e+00 6.988915020432206582e+00 4.172174931833221301e+00 7.155359515786987146e+00
3.388595751021637170e+01 -6.770157250664962767e+00 1.389253875009310857e+00 -6.770157250664962767e+00 3.559308575790526419e+01 9.710455475436591044e+00 1.389253875009310857e+00 9.710455475436591044e+00 3.190150147819088744e+01
1.418380303625970917e+01 -1.344240219522589097e+00 3.238196104155370403e+00 -1.344240219522589097e+00 1.390477005744022065e+01 9.184138318978034121e+00 3.238196104155370403e+00 9.184138318978034121e+00 1.997355569900308936e+01
-8.478420544958552796e+00 1.962016984641422468e+01 4.028844295817983756e+00 1.962016984641422468e+01 2.134169407558582421e+01 -3.785969970178437283e+00 4.028844295817983756e+00 -3.785969970178437283e+00 7.318406956389104323e+00
3.133331307644184704e+01 1.685368521926192242e+00 -4.735988715476833200e-01 1.685368521926192242e+00 1.901902528665606340e+01 -2.382076174278343839e+00 -4.735988715476833200e-01 -2.382076174278343839e+00 2.337632070664076522e+01
7.510042139564626851e+00 3.789535533414515545e+00 -8.234875378984783723e+00 3.789535533414515545e+00 -1.641434104389564608e+00 5.900066816045834717e-01 -8.234875378984783723e+00 5.900066816045834717e-01 -1.848919881081283911e+00
-9.092039455161344819e+00 2.413071784198236314e-01 6.166814642425128001e-01 2.413071784198236314e-01 8.959657192293606798e+00 -3.684817399971705709e-02 6.166814642425128001e-01 -3.684817399971705709e-02 -1.036086353916515002e+01
-1.179200995240291050e+01 -6.510398767413850818e-01 2.948400363055211137e+00 -6.510398767413850818e-01 -1.023994273100270691e+00 1.700650642555761261e+00 2.948400363055211137e+00 1.700650642555761261e+00 4.648987234712344474e+01
2.690354789278949710e+01 4.967345318680953525e+00 2.505451028338005148e+00 4.967345318680953525e+00 1.321446641927224874e+01 9.022214165924099527e-01 2.505451028338005148e+00 9.022214165924099527e-01 2.516005779260182251e+01
3.191340278504806172e+00 -6.811400041983827869e+00 2.150878583149076206e+00 -6.811400041983827869e+00 -1.318590838017131617e+01 7.001859375483677539e+00 2.150878583149076206e+00 7.001859375483677539e+00 2.370654918906431874e+01
4.885208951831481983e+01 2.321854958903721400e+00 6.857324622282024329e+00 2.321854958903721400e+00 4.378387092864495145e+01 -8.411522933347415076e+00 6.857324622282024329e+00 -8.411522933347415076e+00 3.969681508612785592e+01
2.270429613687903370e+01 5.342552932250667297e+00 -2.463220233678153459e+00 5.342552932250667297e+00 1.313036590873576337e+01 2.150622971839090791e+00 -2.463220233678153459e+00 2.150622971839090791e+00 1.656841464724365665e+01
-1.050019186667145377e+01 3.707158175314227755e+00 1.546695356849904179e+01 3.707158175314227755e+00 2.417561255255802166e+01 -8.225512143631599216e+00 1.546695356849904179e+01 -8.225512143631599216e+00 -1.185390033164838464e+01
-4.883406036793989990e+00 3.892241439442056361e+00 4.596876229375911893e-01 3.892241439442056361e+00 -7.512718598077166021e+00 5.587014618387842191e+00 4.596876229375911893e-01 5.587014618387842191e+00 1.130062037522482399e+01
2.760217361612180298e+01 -4.872600609645224345e+00 -6.434274152886029441e+00 -4.872600609645224345e+00 2.323736639478210364e+01 -8.917507970416533425e+00 -6.434274152886029441e+00 -8.917507970416533425e+00 3.919208204405209983e+01
3.949773846183711523e+00 -4.701783724443053814e+00 2.257468988401998070e-02 -4.701783724443053814e+00 7.220751832161152350e+00 -4.757019609108582792e+00 2.257468988401998070e-02 -4.757019609108582792e+00 3.212863394063968059e+01
1.430984406920720708e+01 5.339713460089654529e-01 -8.475508171300759841e+00 5.339713460089654529e-01 2.788503020327534188e+01 9.352465236303400431e+00 -8.475508171300759841e+00 9.352465236303400431e+00 1.532559316255971193e+00
-2.224167929142475586e+01 3.817814012155018144e+00 3.430117037996569529e+00 3.817814012155018144e+00 -4.376323766659428571e+00 3.402270413064438337e+00 3.430117037996569529e+00 3.402270413064438337e+00 -1.446388237424416623e+01
8.513255219975949473e+00 8.861127945924012650e+00 1.985277999063027821e+01 8.861127945924012650e+00 1.502456363161918595e+01 8.020635559812295812e-01 1.985277999063027821e+01 8.020635559812295812e-01 1.518952054644744365e+01
1.117443387182139602e+01 6.474043746746745320e+00 -1.803163750000022769e-01 6.474043746746745320e+00 2.222044240207506682e+00 5.324553066501230170e+00 -1.803163750000022769e-01 5.324553066501230170e+00 3.137804826921248136e+01
-1.640459397255014906e+01 -8.838804682547499070e+00 -6.849648761978951228e+00 -8.838804682547499070e+00 -1.464174261020926160e+01 -3.964981323840764738e+00 -6.849648761978951228e+00 -3.964981323840764738e+00 -2.047338554667715727e+01
-1.392899461812519135e+01 -2.324711610714103482e+00 -7.823881423457594853e-01 -2.324711610714103482e+00 1.916655086183559065e-01 -7.177183781589824285e+00 -7.823881423457594853e-01 -7.177183781589824285e+00 -1.039945414818532399e+01
1.314796524864907612e+00 -1.236981122539278388e+00 5.850538643497044333e+00 -1.236981122539278388e+00 -1.058630835585131535e+01 -2.189731542068346304e+00 5.850538643497044333e+00 -2.189731542068346304e+00 1.969814976959523278e+01
5.633515139668976879e+00 -7.053454609450882096e+00 -5.064865270798697416e+00 -7.053454609450882096e+00 1.754559487150520525e+01 7.351658259020911856e+00 -5.064865270798697416e+00 7.351658259020911856e+00 -1.623757473006109464e+01
-1.150121461143700863e+01 7.716963169540591139e+00 -6.813529178246220397e+00 7.716963169540591139e+00 -6.331936452522187508e+00 4.734675090424272703e+00 -6.813529178246220397e+00 4.734675090424272703e+00 -2.231410626401116915e+01
4.241420332416200267e+01 -3.582015914927378475e+00 9.929859160541595342e-01 -3.582015914927378475e+00 1.776319052592253200e+01 -1.014967473560153621e+01 9.929859160541595342e-01 -1.014967473560153621e+01 3.268665086348187288e+01
-1.117471133824441587e+01 2.772259576792488911e+00 4.190322196467856086e-01 2.772259576792488911e+00 -9.119794591302678555e+00 -6.937781685317737868e+00 4.190322196467856086e-01 -6.937781685317737868e+00 -5.462565563480220376e+00
-2.524088246486527964e+00 -5.843575248500751940e+00 6.540397805825758359e-01 -5.843575248500751940e+00 -1.372121070996502645e+01 6.813551831215052701e+00 6.540397805825758359e-01 6.813551831215052701e+00 -2.623520331936348882e+01
1.842582016342970874e+01 2.047607999568497927e+00 -1.169435980687956089e+01 2.047607999568497927e+00 3.181321516317883180e+01 5.512449746640459836e+00 -1.169435980687956089e+01 5.512449746640459836e+00 3.010373210008638623e+01
