-2.140284190716050006e+01 -2.219947797077449270e+00 -1.727119776503272419e+00 -2.219947797077449270e+00 -2.448502919963806335e+01 -3.989558389626661761e+00 -1.727119776503272419e+00 -3.989558389626661761e+00 -3.232207170806724150e+01
1.383577975303066943e+01 1.559133317327656032e+00 3.833541038917129384e+00 1.559133317327656032e+00 1.159840985500555988e+01 9.039802138826123823e+00 3.833541038917129384e+00 9.039802138826123823e+00 8.583012492888043354e+00
-2.454568398684262576e+00 3.859585513983683658e+00 2.410767143869915863e+00 3.859585513983683658e+00 1.374164370396866275e+01 -5.970905788685722193e+00 2.410767143869915863e+00 -5.970905788685722193e+00 7.645164577797692651e+00
-2.479317649664542245e+01 3.515737562250150550e+00 1.388836391783635049e+00 3.515737562250150550e+00 -1.833666762861932042e+01 -3.066019624848065561e+00 1.388836391783635049e+00 -3.066019624848065561e+00 -1.232881584847693723e+01
7.453899695473711340e+00 -6.268705817821073056e-01 -1.740752401212408706e+00 -6.268705817821073056e-01 2.224518912972350293e+01 -8.703176364636611595e+00 -1.740752401212408706e+00 -8.703176364636611595e+00 1.015603016502039546e+00
-1.182179984330890932e+01 -3.868791211745565839e+00 -2.739443999883601322e+00 -3.868791211745565839e+00 -1.362372298509354174e+01 -5.806975484849205005e-01 -2.739443999883601322e+00 -5.806975484849205005e-01 -2.270190460784467490e+01
-2.368504669718279132e+01 1.026751326813451493e-01 2.105936329818923092e+00 1.026751326813451493e-01 -1.034507622479370426e+01 -7.349415127913508705e+00 2.105936329818923092e+00 -7.349415127913508705e+00 -1.426978235708272535e+01
-4.929221765471830885e+00 1.377752169084893952e+00 4.895859881932879354e+00 1.377752169084893952e+00 4.826219137778125834e+00 -4.642696830469717817e+00 4.895859881932879354e+00 -4.642696830469717817e+00 -8.245655239373177459e-01
1.189694569597962825e+01 1.297186749684159646e-01 -1.892503295406833042e+00 1.297186749684159646e-01 3.316410272806233195e+01 4.873952032212758745e+00 -1.892503295406833042e+00 4.873952032212758745e+00 1.432324683887961925e+01
-6.830304900824858194e+00 -4.237205841325482503e+00 3.804309467353557683e-01 -4.237205841325482503e+00 1.268233403981697016e+01 -7.881273690816395394e+00 3.804309467353557683e-01 -7.881273690816395394e+00 9.207924249740033318e+00
-1.177019687782554414e+01 -4.876702360741411169e-01 1.508612927335668319e+00 -4.876702360741411169e-01 1.191916099901529691e+01 -2.431967476878062584e+00 1.508612927335668319e+00 -2.431967476878062584e+00 2.039738989870123831e+01
-2.626069218711452180e+01 1.319459842655485327e+00 1.418251408663868673e+00 1.319459842655485327e+00 -7.802166287054620675e+00 3.870239937338555425e+00 1.418251408663868673e+00 3.870239937338555425e+00 -1.417555089380971722e+01
-2.953666668441435661e+00 -3.952648910029834539e+00 -5.429376810046017354e+00 -3.952648910029834539e+00 1.939301439483900680e+01 -9.947287245368887199e+00 -5.429376810046017354e+00 -9.947287245368887199e+00 1.901185194486645003e+01
3.283327136486216880e+00 -1.154212520241404638e+00 8.737871544721963701e+00 -1.154212520241404638e+00 -6.198382646859458944e+00 8.529085278408761184e+00 8.737871544721963701e+00 8.529085278408761184e+00 -1.236045253576468461e+01
2.552846183755654508e+01 4.678117687691843996e-01 3.981467149719674081e-01 4.678117687691843996e-01 1.037597167190197034e+01 -5.919592026985054822e+00 3.981467149719674081e-01 -5.919592026985054822e+00 1.000190626961417983e+01
-2.959325570811893513e+01 -4.278553178097653564e+00 -3.080963205914798220e+00 -4.278553178097653564e+00 -3.463203569663587444e+01 1.105339287754297395e+01 -3.080963205914798220e+00 1.105339287754297395e+01 -2.181219673266504344e+01
1.240856419010701206e+00 1.057241104765745288e+00 4.869100951003773048e+00 1.057241104765745288e+00 -2.529315905165754330e+01 9.167634572470888088e+00 4.869100951003773048e+00 9.167634572470888088e+00 -2.515640416790981604e+01
3.600366043199972665e+01 -2.325771340239438434e+00 6.614609766203372487e+00 -2.325771340239438434e+00 4.649529969254670547e+00 5.300566744763195004e+00 6.614609766203372487e+00 5.300566744763195004e+00 2.409692361626173351e+01
-1.634605904286295441e+01 3.906300522708058054e+00 -3.047677362024308945e+00 3.906300522708058054e+00 -1.173192034564790909e+01 -1.608243518672037631e+00 -3.047677362024308945e+00 -1.608243518672037631e+00 -1.725955131082449512e+01
-5.595362414362542225e+00 -5.569256906577715327e-01 1.390873932181872774e-01 -5.569256906577715327e-01 2.399868873165704741e+01 -1.339604364063762532e+01 1.390873932181872774e-01 -1.339604364063762532e+01 5.580230448653566988e+00
-5.928732342733641580e+00 2.204468797786951928e+00 -1.076573496745962810e+00 2.204468797786951928e+00 -2.099481925546392702e+01 1.076133865957047675e+01 -1.076573496745962810e+00 1.076133865957047675e+01 -1.934349661200406345e+01
2.194671538219528273e+01 4.087389671942198710e-01 6.657527719407644318e-01 4.087389671942198710e-01 2.163708707543074894e+01 3.275300867854741060e+00 6.657527719407644318e-01 3.275300867854741060e+00 1.587480558521767193e+01
-2.449809575877027257e+01 2.973431728715350886e+00 8.231467705209746244e-01 2.973431728715350886e+00 -1.175689340808928662e+01 -3.294970911457792084e+00 8.231467705209746244e-01 -3.294970911457792084e+00 -1.845627879337753896e+01
-2.466824997488776461e+01 4.593815559609516069e-02 2.308707547145372185e+00 4.593815559609516069e-02 -1.716805658277332114e+01 -6.947714369737125750e+00 2.308707547145372185e+00 -6.947714369737125750e+00 -1.497761081935001748e+01
-1.593632476657929953e+00 -2.176946121882962881e+00 -1.580358347615520520e+00 -2.176946121882962881e+00 2.497590727481043160e+01 1.660190820097235398e-01 -1.580358347615520520e+00 1.660190820097235398e-01 -4.130040025616347421e+00
5.127493198670421748e+00 5.301992254321798548e+00 3.067086876469590884e+00 5.301992254321798548e+00 2.130613876568547393e+00 3.889064529852034546e+00 3.067086876469590884e+00 3.889064529852034546e+00 -3.299971214959013022e+00
6.989995250506805924e+00 -3.584598612465698775e+00 4.511957798377695283e+00 -3.584598612465698775e+00 9.551391509208718489e+00 5.156942932669727142e+00 4.511957798377695283e+00 5.156942932669727142e+00 1.456308280404283551e+01
1.775394419030423876e+01 3.439845357000251846e-01 2.293779922637114499e+00 3.439845357000251846e-01 2.326267906700903154e+01 -6.193495051396372908e+00 2.293779922637114499e+00 -6.193495051396372908e+00 1.414763359942235255e+01
1.107603356015173368e+01 -1.505472911110543377e+00 3.294201935790239233e+00 -1.505472911110543377e+00 -1.450124423650288819e+01 2.718167708003309979e+00 3.294201935790239233e+00 2.718167708003309979e+00 5.964476018206060104e+00
4.992351074745537076e+00 2.445186379912455799e+00 1.258889546115636859e+00 2.445186379912455799e+00 -5.307118161220455432e-01 -3.619585932841322240e+00 1.258889546115636859e+00 -3.619585932841322240e+00 -3.570160563968376000e+00
-2.689915755760634397e+01 3.383604873172025851e+00 3.046370632482563234e+00 3.383604873172025851e+00 -4.841206460858149541e+01 1.118659220817641042e+01 3.046370632482563234e+00 1.118659220817641042e+01 -5.068315998045135728e+01
-1.880247523649483909e+01 9.156176583501923760e-01 -1.357223101326359593e+00 9.156176583501923760e-01 1.268750965398764308e+01 -4.557930034086402848e+00 -1.357223101326359593e+00 -4.557930034086402848e+00 -1.952609247059622533e+01
3.746242420275591289e+00 -3.526270179419328521e+00 2.477998864861967299e+00 -3.526270179419328521e+00 1.032961648114904740e+01 1.698674216796556502e+00 2.477998864861967299e+00 1.698674216796556502e+00 1.244775760155128985e+01
1.181442914881656314e+01 1.183256182575179505e+00 1.553956498072107006e+00 1.183256182575179505e+00 3.132088649917574585e+01 -2.573978448006739583e+00 1.553956498072107006e+00 -2.573978448006739583e+00 2.538160791428370189e+01
-1.602940882259107980e+01 -1.815035883800578898e+00 2.314647638105087779e+00 -1.815035883800578898e+00 -1.270526272824699454e+01 -4.781737296200911480e+00 2.314647638105087779e+00 -4.781737296200911480e+00 -9.467967497048753955e+00
-1.580675014569415637e+01 2.067731018853641967e+00 -1.632677823813741158e+00 2.067731018853641967e+00 3.820909872144772734e+00 3.136921129883320614e+00 -1.632677823813741158e+00 3.136921129883320614e+00 -3.761208598901469635e+00
3.248759849676628164e+01 -5.027535709680758025e+00 3.005313776659656710e+00 -5.027535709680758025e+00 7.228670852336626318e+00 -2.208017983283998564e+00 3.005313776659656710e+00 -2.208017983283998564e+00 2.285453734042150131e+01
-1.018336168274920128e+00 3.362398479341983659e+00 1.925410924100908971e+00 3.362398479341983659e+00 -1.582516669479077986e+00 4.440210165473343906e+00 1.925410924100908971e+00 4.440210165473343906e+00 -2.031937689846213591e+00
-6.700338213946137600e+00 -6.888194981577445697e-01 -5.253624882326906942e+00 -6.888194981577445697e-01 -9.116952484240636423e+00 -2.649630551804912137e+00 -5.253624882326906942e+00 -2.649630551804912137e+00 -1.499185764076358751e+01
9.380051699174048352e+00 6.880852378963622229e+00 5.467022864955254136e+00 6.880852378963622229e+00 -6.726744605701812096e-01 1.742592578094553257e+00 5.467022864955254136e+00 1.742592578094553257e+00 -6.975624777115870145e+00
-1.760749973327203066e-01 1.155216496811380944e+00 1.669817475213854818e+00 1.155216496811380944e+00 3.898007106748054174e+00 -4.035866456307005024e+00 1.669817475213854818e+00 -4.035866456307005024e+00 -4.438981681827661951e+00
-1.918990446577613440e+01 -5.294191298716611982e+00 -3.014541354866883793e+00 -5.294191298716611982e+00 -3.623955857593293928e+01 5.305768150589019072e+00 -3.014541354866883793e+00 5.305768150589019072e+00 -2.288987862441979715e+01
-6.726732536607176627e+00 -2.118495669313706919e+00 -6.470792900461109776e-01 -2.118495669313706919e+00 -1.943479389248749101e+01 8.488931854693586576e-01 -6.470792900461109776e-01 8.488931854693586576e-01 -2.705452397553535349e+01
-1.108979127482076699e+01 -3.565146946227248037e+00 3.758910828343999255e-01 -3.565146946227248037e+00 -8.294665487977445295e+00 1.080239434302922019e+00 3.758910828343999255e-01 1.080239434302922019e+00 -1.449774273029566984e+01
-1.550239148326699734e+01 -6.254160996411791018e+00 -2.789572243759596559e-01 -6.254160996411791018e+00 2.192394456796866731e+00 -4.848506303166304043e+00 -2.789572243759596559e-01 -4.848506303166304043e+00 7.676063066504863031e+00
3.332154709908284218e+00 -7.081303184131640949e-01 5.110492394538062477e+00 -7.081303184131640949e-01 -5.800032627691307674e+00 -1.885638951157564969e-01 5.110492394538062477e+00 -1.885638951157564969e-01 -6.755592599412409527e+00
1.641847153294557060e+01 -5.259218113022160468e-01 -3.130336795297750552e+00 -5.259218113022160468e-01 2.854306207656522432e+00 4.071353898586381526e+00 -3.130336795297750552e+00 4.071353898586381526e+00 1.431118670022034856e+01
-1.442192246261941335e+01 -1.962165348823270428e+00 1.954015752874413314e+00 -1.962165348823270428e+00 -2.249478639123393364e+01 -2.868194533806956326e+00 1.954015752874413314e+00 -2.868194533806956326e+00 -1.639895153065045719e+01
-4.575893973704733497e+01 2.340375251584947414e+00 3.309099777948594778e-01 2.340375251584947414e+00 -2.034197037211384895e+01 -7.815971778535405257e+00 3.309099777948594778e-01 -7.815971778535405257e+00 -3.108787862838931915e+01
-2.991168247193013219e+00 6.339853074678922340e+00 2.652782950768497905e+00 6.339853074678922340e+00 -1.823615197289334589e+01 -6.676584205235269742e-01 2.652782950768497905e+00 -6.676584205235269742e-01 -8.430898408678782374e+00
