-1.850534392970800823e+01 2.412431447033578813e+00 1.458287960841823772e+00 2.412431447033578813e+00 -1.320056710946471412e+01 4.327619999787374327e-01 1.458287960841823772e+00 4.327619999787374327e-01 -1.870973912059008271e+01
-1.559515808156456984e+01 -6.885821328480992598e+00 -7.165749966949589655e+00 -6.885821328480992598e+00 1.493424780527976026e+01 -6.395157136447148005e+00 -7.165749966949589655e+00 -6.395157136447148005e+00 3.150477237307442557e+00
-2.283770883733934198e+01 5.399325606136272881e+00 6.338195633409683616e+00 5.399325606136272881e+00 -6.074287059976369640e+00 -3.110266030756872802e+00 6.338195633409683616e+00 -3.110266030756872802e+00 -1.240413684805864447e+00
-1.741216205225059355e+01 -7.533216595499631074e-01 -1.964397697559145284e+00 -7.533216595499631074e-01 2.035205603508741579e+00 -4.354671987921768128e+00 -1.964397697559145284e+00 -4.354671987921768128e+00 -7.273966229332466504e+00
-5.560863022409467504e+00 -4.733782191186895472e-01 -5.843482774798414159e-01 -4.733782191186895472e-01 4.606155298451675151e+00 1.042300301747122848e+00 -5.843482774798414159e-01 1.042300301747122848e+00 -3.343243597038024539e+00
2.986051140019559957e-01 1.629021090053066834e+00 6.507308908813141946e-01 1.629021090053066834e+00 -3.145416694157732618e+00 6.917741086546036478e-02 6.507308908813141946e-01 6.917741086546036478e-02 -1.054593468386448762e+01
4.111312019858361366e-01 6.167278116396746404e-03 3.342435045302440955e-01 6.167278116396746404e-03 6.872217529072584874e+00 -8.540681023246502468e-01 3.342435045302440955e-01 -8.540681023246502468e-01 8.227199539905871717e+00
-1.753933754845916226e+01 -2.513498989664245009e+00 -1.857988409173172206e+00 -2.513498989664245009e+00 -1.765929368167929070e+01 -3.138520253021558765e-02 -1.857988409173172206e+00 -3.138520253021558765e-02 -1.490068969853500747e+01
-9.674180222724586997e+00 -6.630994212644883312e+00 -1.959708362233251622e+00 -6.630994212644883312e+00 -3.122835118920961861e+01 5.879562751958017586e+00 -1.959708362233251622e+00 5.879562751958017586e+00 -2.191738090942048700e+01
-1.255906409355419306e+01 -2.628097006182142259e+00 -9.543010224860051238e-01 -2.628097006182142259e+00 6.924417015124975983e+00 -5.801765723500159844e+00 -9.543010224860051238e-01 -5.801765723500159844e+00 -3.342854225767221354e+00
5.840739672553311168e-01 5.036600022505751006e+00 2.677175514448705940e+00 5.036600022505751006e+00 -7.304815699840886190e+00 2.568795565032859329e+00 2.677175514448705940e+00 2.568795565032859329e+00 -1.898785907176754506e+01
-9.069451622454570483e+00 -9.027911549948958170e-01 -2.868424433861439526e-01 -9.027911549948958170e-01 -1.048737941194116807e+01 1.782327627254769231e+00 -2.868424433861439526e-01 1.782327627254769231e+00 -3.967846798089052829e+00
-8.945220675634649510e+00 5.816307460478120639e+00 3.676155082675520713e+00 5.816307460478120639e+00 -1.633677942131231120e+01 7.763277166045420286e-01 3.676155082675520713e+00 7.763277166045420286e-01 -1.202435543734481627e+01
-1.830682694804959354e+01 3.431188398996271260e+00 4.373538518795896834e+00 3.431188398996271260e+00 -1.838622683979222572e+01 3.570764560022354317e+00 4.373538518795896834e+00 3.570764560022354317e+00 -1.908634557493065387e+01
-1.803007139781453105e+01 -1.374238428802936163e+01 -1.002625685915381304e+01 -1.374238428802936163e+01 -3.132577442783661681e+00 -1.620381953750982928e+00 -1.002625685915381304e+01 -1.620381953750982928e+00 -1.263584625729347621e+01
-2.065972906460193670e+01 -5.852841585341418629e+00 -2.897832874253584379e+00 -5.852841585341418629e+00 -4.104266425043472388e+00 -5.711219672862194230e+00 -2.897832874253584379e+00 -5.711219672862194230e+00 -2.946720697331633776e+00
-8.899281383588711236e+00 -4.857457700323533523e+00 -3.258553892712578115e+00 -4.857457700323533523e+00 -1.661434341078931709e+01 6.383101545549536127e+00 -3.258553892712578115e+00 6.383101545549536127e+00 -1.858147054177358370e+01
1.946425196140722491e+01 -1.436010543264778327e+01 -1.131565182875654152e+01 -1.436010543264778327e+01 -4.135820513245905161e+00 9.619788830891735643e+00 -1.131565182875654152e+01 9.619788830891735643e+00 -2.936516650346966184e+00
-2.352693880033104179e+01 2.445758951353374788e-01 1.163329621225085653e+00 2.445758951353374788e-01 -1.069267443891124891e+01 -2.534794002443244043e+00 1.163329621225085653e+00 -2.534794002443244043e+00 -9.031775211756139399e+00
-5.790940575905771048e+00 -4.163708905650758574e+00 -2.231377855371498686e+00 -4.163708905650758574e+00 -9.666286496675246198e+00 1.302798868255272247e+00 -2.231377855371498686e+00 1.302798868255272247e+00 -6.934741305521592736e+00
-2.334939517238926854e+01 5.903517162080499148e+00 4.067441768054298024e+00 5.903517162080499148e+00 -1.733477959094364351e+01 -1.884528767094454160e+00 4.067441768054298024e+00 -1.884528767094454160e+00 -1.963053975991082467e+01
-3.218709736552123246e+01 8.559835688668394837e+00 4.862929504036251238e+00 8.559835688668394837e+00 -1.387782256730642949e+01 -6.045875990716059079e+00 4.862929504036251238e+00 -6.045875990716059079e+00 -8.973078432207866939e+00
-7.574864438767463071e+00 -2.876866535240068412e+00 -3.844394064222867780e+00 -2.876866535240068412e+00 -1.166922484803677662e+01 2.147860295323632318e+00 -3.844394064222867780e+00 2.147860295323632318e+00 -1.732535283345221444e+01
1.424742269427244468e+00 6.889000043714752941e+00 3.267275712746401606e+00 6.889000043714752941e+00 -8.901225506184802683e+00 2.797019464782312670e-01 3.267275712746401606e+00 2.797019464782312670e-01 -5.292119148333467749e+00
-1.212168213439199072e+01 -3.403589712303060288e+00 -2.402077707555597019e+00 -3.403589712303060288e+00 8.304162917657141207e+00 -5.104821629637965152e+00 -2.402077707555597019e+00 -5.104821629637965152e+00 8.003909129884446472e+00
-7.620110368769674736e-01 -7.641330733178261170e+00 -4.471086723093911530e+00 -7.641330733178261170e+00 -2.310433140639611338e+01 9.031642240184735826e+00 -4.471086723093911530e+00 9.031642240184735826e+00 -1.436605598368202941e+01
-2.006999144713391914e+01 2.706924432388337465e+00 1.258547812321430426e+00 2.706924432388337465e+00 -1.333384766631991880e+01 1.667336490246782571e-03 1.258547812321430426e+00 1.667336490246782571e-03 -2.036489400452822451e+01
-3.149281453828137067e+00 -3.494273547565041493e+00 -3.799920016750398588e+00 -3.494273547565041493e+00 -5.148365010168721945e+00 2.130856823195825811e+00 -3.799920016750398588e+00 2.130856823195825811e+00 -1.072772459361987618e+00
2.582417128056954425e+01 1.748749922922917577e+01 1.028444832659152119e+01 1.748749922922917577e+01 9.201444744058489889e+00 6.455018253934959205e+00 1.028444832659152119e+01 6.455018253934959205e+00 7.400525622220337496e+00
-6.107513801762144423e-01 -2.244873423528147338e+00 -1.796953663195090645e+00 -2.244873423528147338e+00 1.622200081636938629e+00 3.160311784253333922e+00 -1.796953663195090645e+00 3.160311784253333922e+00 -9.357968967673606642e+00
-1.339947256375476492e+01 -1.655222778511187487e+00 -1.158474084645884306e+00 -1.655222778511187487e+00 -1.284602455633819140e+01 6.612593886671824794e-01 -1.158474084645884306e+00 6.612593886671824794e-01 -9.855753518028283366e+00
1.946425196140722491e+01 -1.436010543264778327e+01 -1.131565182875654152e+01 -1.436010543264778327e+01 -4.135820513245905161e+00 9.619788830891735643e+00 -1.131565182875654152e+01 9.619788830891735643e+00 -2.936516650346966184e+00
-3.067648255803732127e+01 7.337231796701169984e+00 5.418761502353787840e+00 7.337231796701169984e+00 -1.611141345336012165e+01 -4.680173253660051103e+00 5.418761502353787840e+00 -4.680173253660051103e+00 -2.299649695886839496e+01
9.357214719216102594e+00 2.510380509845588470e+00 4.183884830938347399e+00 2.510380509845588470e+00 -6.871684737059186254e+00 7.074802777711031609e+00 4.183884830938347399e+00 7.074802777711031609e+00 -7.230622366527633460e+00
-6.543303649772822972e+00 -3.883910571461956174e+00 -3.821348936039015154e-01 -3.883910571461956174e+00 -2.687517094567417608e+00 2.156592965185661459e+00 -3.821348936039015154e-01 2.156592965185661459e+00 -4.841725025932028359e+00
-2.087751628562283557e+01 5.916085847848491674e+00 4.062075777671018351e+00 5.916085847848491674e+00 -1.217857367972311344e+01 2.258828749878282749e-01 4.062075777671018351e+00 2.258828749878282749e-01 -1.165960388489684307e+00
-2.284693983340007506e+00 3.088922532084464212e+00 1.871546511018501668e+00 3.088922532084464212e+00 -1.815910299954475837e+00 -8.375872919967729535e-01 1.871546511018501668e+00 -8.375872919967729535e-01 -5.842320460531699844e+00
1.285681012820080760e+01 4.059847414917484798e+00 3.335418523158567350e+00 4.059847414917484798e+00 1.299807051337074348e+01 8.835458945559566679e-01 3.335418523158567350e+00 8.835458945559566679e-01 1.987372250950389940e+01
-3.610989820384990878e+01 -7.056837061584286808e+00 -6.947854407885321493e+00 -7.056837061584286808e+00 -2.179769133300957051e+01 -1.986606096363085827e+00 -6.947854407885321493e+00 -1.986606096363085827e+00 -9.869001144188041863e+00
-5.313005337948895956e+00 -6.394744372573099689e+00 -4.793748814375834222e+00 -6.394744372573099689e+00 -1.334948303254956059e+01 3.588404810617809026e+00 -4.793748814375834222e+00 3.588404810617809026e+00 -1.653156116142920951e+01
-1.460382588200621434e+01 -2.127781952768574403e+00 -1.380748133296819669e+00 -2.127781952768574403e+00 -7.072515362557240337e+00 -5.631698922644680083e-01 -1.380748133296819669e+00 -5.631698922644680083e-01 -1.222496064973959484e+01
-1.879962053098256192e+01 1.887834761834997988e+00 8.004659906326522245e-01 1.887834761834997988e+00 -6.739334260843419244e+00 -5.960029158488583612e+00 8.004659906326522245e-01 -5.960029158488583612e+00 -4.057263397325281962e-01
-7.613497432341987947e-01 -1.004802758393423590e+00 3.097869356692799059e+00 -1.004802758393423590e+00 -1.303202524547062247e+01 6.933132166612882230e+00 3.097869356692799059e+00 6.933132166612882230e+00 -6.737485185405981625e+00
-2.936652511246967912e+00 -6.334457158601509263e+00 -4.336190176181382583e+00 -6.334457158601509263e+00 -1.090551014494089443e+01 1.575423123578328921e+00 -4.336190176181382583e+00 1.575423123578328921e+00 -1.647210044251997374e+01
-2.953746495512979919e+01 -2.003991066796166010e+00 -1.620311955389485137e+00 -2.003991066796166010e+00 -3.230138756441073156e+01 2.772093970292882403e+00 -1.620311955389485137e+00 2.772093970292882403e+00 -2.150066975531615654e+01
-2.240821121664042437e+01 5.717461472352105556e-01 1.489744055255778132e+00 5.717461472352105556e-01 -2.687445075617750234e+01 2.454024645007891525e+00 1.489744055255778132e+00 2.454024645007891525e+00 -1.460993993180593442e+01
7.133569270246022498e+00 -9.595736076200365616e+00 -6.517179925317423184e+00 -9.595736076200365616e+00 -5.634594019103217555e+00 4.970180578012361572e+00 -6.517179925317423184e+00 4.970180578012361572e+00 -7.797183959075128179e+00
-8.515822198488464778e+00 -4.779393639700146856e+00 -2.089969516474418310e+00 -4.779393639700146856e+00 9.015065100336185466e+00 -3.252292657830224254e+00 -2.089969516474418310e+00 -3.252292657830224254e+00 1.858260817948463206e+00
-2.138239598198344993e+01 8.767866416765530246e+00 3.461234559848183956e+00 8.767866416765530246e+00 -3.518065216501502590e+01 4.445337758420349950e+00 3.461234559848183956e+00 4.445337758420349950e+00 -2.833447312882974245e+01
-7.709597906976397574e+00 -1.786945644740108818e+01 -1.222184717523348851e+01 -1.786945644740108818e+01 1.510121825337041912e+01 -6.516084749319317915e+00 -1.222184717523348851e+01 -6.516084749319317915e+00 1.523398356634230311e+01
