1.869382626173971662e+00 -7.159670179686679070e+00 3.186381850111158709e+00 -7.159670179686679070e+00 -1.811052121107902479e+01 3.311698266112558464e+00 3.186381850111158709e+00 3.311698266112558464e+00 -1.746883168488957239e+01
1.792246630797513340e+00 -3.271169584286311327e+00 -1.151361925913040274e+01 -3.271169584286311327e+00 9.305142093804626313e+00 -1.188796338253108509e+01 -1.151361925913040274e+01 -1.188796338253108509e+01 -1.717046810132713430e+00
7.861011462510140824e+00 2.881521512977413213e+00 4.516036261295591991e+00 2.881521512977413213e+00 9.466693370828760834e+00 -1.098539845595501330e+00 4.516036261295591991e+00 -1.098539845595501330e+00 9.214408532929230233e+00
2.144628314906948674e+01 8.275991806538471884e-01 -9.255701991793688910e-01 8.275991806538471884e-01 -1.933996070308711168e+01 3.300739141980938207e+00 -9.255701991793688910e-01 3.300739141980938207e+00 1.021741825500297729e+01
-1.604596468101666673e+01 -1.194610552386729729e+01 -4.428982010207241693e+00 -1.194610552386729729e+01 3.095858781633960888e+00 -5.899901413598960254e+00 -4.428982010207241693e+00 -5.899901413598960254e+00 1.896210464235362281e+01
1.877951177311533826e+01 4.922534138189218478e-01 -1.068514128742937608e+00 4.922534138189218478e-01 3.910965781091409355e+00 -5.201198276750132798e+00 -1.068514128742937608e+00 -5.201198276750132798e+00 1.474843123986831372e+01
7.611604795358395847e+00 3.989317220533910024e+00 -1.942757034804913463e+00 3.989317220533910024e+00 4.555013279536809456e+00 2.548468499180521207e-01 -1.942757034804913463e+00 2.548468499180521207e-01 1.966870123197739062e+01
-2.479720335454700475e+01 2.740312676254014757e-01 2.118537875673047743e-01 2.740312676254014757e-01 -7.457401035534708456e+00 -8.939012899576690430e+00 2.118537875673047743e-01 -8.939012899576690430e+00 1.461288569880929922e+00
1.183318907415475607e+01 -3.336883171231534995e-01 5.325938491106201322e-01 -3.336883171231534995e-01 -6.458324225388138551e+00 1.402796344103065529e+00 5.325938491106201322e-01 1.402796344103065529e+00 2.155300994009358151e-01
2.243390911582984870e+01 1.074894713929722689e+00 -3.025281830960763418e+00 1.074894713929722689e+00 1.449494709524983271e+01 -2.762422461343116531e+00 -3.025281830960763418e+00 -2.762422461343116531e+00 8.216334443037757396e+00
-5.144871544044068656e+00 -1.063312457217788110e+00 5.345171833668445949e+00 -1.063312457217788110e+00 9.480677545111275251e+00 5.012630277560877978e+00 5.345171833668445949e+00 5.012630277560877978e+00 -1.506859977989448929e+01
-2.221451368117189062e+01 -6.740314521158098593e+00 4.206534042093186265e+00 -6.740314521158098593e+00 -3.558155381142884721e+01 -2.144926509334393661e+00 4.206534042093186265e+00 -2.144926509334393661e+00 -2.011167189396942945e+01
-5.686287496464380808e+00 -2.227379429041031589e+00 -1.950125456070068264e+00 -2.227379429041031589e+00 -8.373875170691817971e+00 4.001728831620487092e+00 -1.950125456070068264e+00 4.001728831620487092e+00 -7.896708436271060449e+00
1.087130344510749502e+01 2.160898415203225120e+00 1.218300513448363542e+00 2.160898415203225120e+00 -3.950956565604017978e+00 -2.765540588773740982e+00 1.218300513448363542e+00 -2.765540588773740982e+00 4.724911407534534646e+00
-6.175267376301261102e-01 -3.943407601027249854e+00 -1.086494897050401498e+01 -3.943407601027249854e+00 -8.021529761395431279e+00 -2.895076371863555487e+00 -1.086494897050401498e+01 -2.895076371863555487e+00 -8.093809069697825986e-01
-1.760176772723765160e+00 6.555734309621995770e+00 1.707099941268751753e+00 6.555734309621995770e+00 2.777511173211189011e+00 7.550764527561477646e-01 1.707099941268751753e+00 7.550764527561477646e-01 -1.390378049786549397e+01
1.799744210243140907e+00 1.298848256329135920e+00 5.916689668125945545e+00 1.298848256329135920e+00 1.826690944870036759e+01 -2.867198226410041961e+00 5.916689668125945545e+00 -2.867198226410041961e+00 1.247661529589351304e+01
-7.430020361074334723e+00 1.026489003115261944e+01 1.126394618945503190e+00 1.026489003115261944e+01 2.165179109919201395e+01 -5.418170777057488507e+00 1.126394618945503190e+00 -5.418170777057488507e+00 5.742318788555531128e+00
2.408578306281461678e+01 -5.233662625823171766e+00 6.526222900032413676e+00 -5.233662625823171766e+00 -8.197027892036166108e+00 -4.009250900722730604e-01 6.526222900032413676e+00 -4.009250900722730604e-01 6.916206114194831223e+00
1.559684549809638021e+01 3.512780796637096081e+00 6.141742218856072633e+00 3.512780796637096081e+00 1.068503720479877828e+01 6.622398265032055420e+00 6.141742218856072633e+00 6.622398265032055420e+00 -1.267948351041367161e+01
-6.720619065484563670e+00 -3.843160183324936696e+00 -2.263682815897514633e+00 -3.843160183324936696e+00 4.625695418874427922e+00 3.719099543934191843e+00 -2.263682815897514633e+00 3.719099543934191843e+00 -3.628434004025386628e+00
3.514480849423507358e+00 5.577980472308319726e+00 1.080311366249221139e-01 5.577980472308319726e+00 -2.401206174322885545e+01 -2.656285425864952199e+00 1.080311366249221139e-01 -2.656285425864952199e+00 -1.295982329629550511e+00
-1.559944563662400441e+01 -3.023203044217378288e+00 -4.523194607581151772e+00 -3.023203044217378288e+00 5.572387848723010961e+00 2.060370607611427651e+00 -4.523194607581151772e+00 2.060370607611427651e+00 -9.297423232321941455e+00
8.621052088908008892e-01 3.994270212011381549e+00 -5.536007347875392393e-01 3.994270212011381549e+00 9.656298447155746700e+00 -7.802718044178698076e-01 -5.536007347875392393e-01 -7.802718044178698076e-01 -6.751148697883170513e+00
-2.475519032302659994e+01 -2.123176736628352934e+00 -8.338974208353070461e-01 -2.123176736628352934e+00 7.122792386261841635e+00 3.555262166757556130e+00 -8.338974208353070461e-01 3.555262166757556130e+00 8.334495164721605676e+00
-1.121524701305727945e+01 -2.079682624642953837e+00 8.921166435429881414e-01 -2.079682624642953837e+00 -5.772885237322207708e+00 -2.039783634717971250e-01 8.921166435429881414e-01 -2.039783634717971250e-01 -6.724399691465789974e-01
-1.806889567877720371e+00 -6.454320918161831067e-01 -3.948425851857776614e+00 -6.454320918161831067e-01 4.432934202459990480e+00 -4.338670909547661658e+00 -3.948425851857776614e+00 -4.338670909547661658e+00 4.081574063650803552e+00
-2.447470362173763403e-01 6.389051506670092584e-01 2.069083180068091998e+00 6.389051506670092584e-01 -2.804673553525787710e+01 -3.472243914983001556e+00 2.069083180068091998e+00 -3.472243914983001556e+00 -9.390085220599390325e+00
1.317618093436725779e+01 5.202436580655542819e+00 5.918564483496842499e+00 5.202436580655542819e+00 1.592891286810026052e+01 2.317650699645435353e+00 5.918564483496842499e+00 2.317650699645435353e+00 2.363764072642130998e+01
7.268150274599677552e+00 -6.452849637521806514e+00 -6.309597252345696461e+00 -6.452849637521806514e+00 1.850454908803016707e+01 -5.005247016188694609e+00 -6.309597252345696461e+00 -5.005247016188694609e+00 -4.743576787832208375e+00
1.230928524598225593e+01 -9.824057675929223521e+00 4.987706927361432285e+00 -9.824057675929223521e+00 -6.902809049732178792e+00 -5.051626211861171889e+00 4.987706927361432285e+00 -5.051626211861171889e+00 -2.872586702680374415e+00
-1.530340132028129796e+00 4.325833301422600030e+00 1.421527068281017270e+00 4.325833301422600030e+00 -5.890698708717419407e+00 1.137186169154467130e+00 1.421527068281017270e+00 1.137186169154467130e+00 -1.304682390166090933e+01
8.862052825422662039e+00 5.223286730369510522e+00 1.255492079786920012e+00 5.223286730369510522e+00 -1.553375279930605934e+01 -2.466999573891805575e+00 1.255492079786920012e+00 -2.466999573891805575e+00 -1.327835423673320925e+01
1.348102605715430613e+00 7.291249280031270708e+00 -2.201341902020958141e+00 7.291249280031270708e+00 1.894698623197277243e+01 -4.774457593760899954e+00 -2.201341902020958141e+00 -4.774457593760899954e+00 1.631630509443492416e+00
1.228130189238735781e+01 -3.110953533560116391e+00 1.150274421371594302e+00 -3.110953533560116391e+00 3.961625350689863989e+00 -3.651179577844073432e+00 1.150274421371594302e+00 -3.651179577844073432e+00 -3.129294036433416082e+00
-3.280122689759015220e+00 4.550747454448601736e+00 2.009967393216235632e+00 4.550747454448601736e+00 1.865005059846772539e+01 2.220412127740367669e+00 2.009967393216235632e+00 2.220412127740367669e+00 1.007878408500219924e+00
7.449327139540670828e+00 -5.705945129607733257e+00 9.695974247389820277e+00 -5.705945129607733257e+00 -1.544290159437863963e+01 2.581721445769122880e+00 9.695974247389820277e+00 2.581721445769122880e+00 -1.877358634054862208e+01
-1.796684378828550521e+01 -2.761967024257390158e+00 -1.139365501601371719e-02 -2.761967024257390158e+00 7.601192857918672274e+00 7.064433986243597197e+00 -1.139365501601371719e-02 7.064433986243597197e+00 -7.235748730806335072e-01
1.361515758483050620e+00 -7.677002922589778677e+00 -5.395892086384125541e+00 -7.677002922589778677e+00 -1.948318696947413997e+01 -2.151830604819357173e+00 -5.395892086384125541e+00 -2.151830604819357173e+00 -1.526936158250802578e+01
-7.148497550536202283e+00 5.252471630603364749e-01 3.046690392278734283e+00 5.252471630603364749e-01 3.035170187334811587e+01 4.655821930201485270e-01 3.046690392278734283e+00 4.655821930201485270e-01 2.337254555245237952e+01
1.547128791697378780e+01 1.575116548780282510e+00 2.566934493121055372e+00 1.575116548780282510e+00 6.001111286187049920e+00 -3.692303601401955238e+00 2.566934493121055372e+00 -3.692303601401955238e+00 1.827637513208943432e+01
3.054980823029719961e+00 1.348788567644857883e+00 -3.023427226826936653e+00 1.348788567644857883e+00 9.433063593647245781e+00 -7.360072343076502932e+00 -3.023427226826936653e+00 -7.360072343076502932e+00 1.827908634243092934e+01
4.216476027465099641e+00 -7.923009154035013379e-01 1.548809591849524603e+00 -7.923009154035013379e-01 -7.612449191972797458e+00 -1.453475779532020340e+00 1.548809591849524603e+00 -1.453475779532020340e+00 7.638927480749980958e+00
-6.628494282357535461e+00 5.465102940183010460e+00 -2.520956813022229070e+00 5.465102940183010460e+00 -2.764825815078276250e+01 -7.835547859502094425e-01 -2.520956813022229070e+00 -7.835547859502094425e-01 -1.147294423340145819e+01
2.021790128542129139e+01 -9.501903517794382248e-01 2.438253101329183714e+00 -9.501903517794382248e-01 -7.290615149364304770e+00 2.224650029545388819e+00 2.438253101329183714e+00 2.224650029545388819e+00 1.338569839277873363e+01
-1.106342407496108216e+01 -3.223290783284979977e-01 3.700823073331589885e+00 -3.223290783284979977e-01 1.524246338959913416e+01 2.020255644612538592e+00 3.700823073331589885e+00 2.020255644612538592e+00 -2.161145471505907079e+00
-1.266090018569186171e+01 1.601270433412437522e-01 3.585415064138893992e+00 1.601270433412437522e-01 1.229735736556965264e+01 -1.189098368743138678e+00 3.585415064138893992e+00 -1.189098368743138678e+00 -9.985996067166823531e-01
1.013366477109991504e-01 5.011344085888679523e+00 -9.457188579713686760e-01 5.011344085888679523e+00 -5.925542852561426876e+00 -2.362068074594495248e-01 -9.457188579713686760e-01 -2.362068074594495248e-01 -1.145099349960552848e+00
2.510516063325229474e+00 -5.772283121599360634e+00 -3.052180334652637939e+00 -5.772283121599360634e+00 2.116764540631678670e+01 -2.311933037636087818e+00 -3.052180334652637939e+00 -2.311933037636087818e+00 3.741133750970729199e+00
9.492315105529769426e+00 -3.092870634818913000e+00 -1.805567147783980309e+00 -3.092870634818913000e+00 9.818278977055021617e-01 3.110325507337686535e+00 -1.805567147783980309e+00 3.110325507337686535e+00 -6.915867658652483652e-01
