1.205545742248379959e+01 -1.340508362280816712e+00 -5.170116977122706237e-01 -1.340508362280816712e+00 1.339224238718717785e+01 2.629979261623638376e+00 -5.170116977122706237e-01 2.629979261623638376e+00 2.129313952179506586e+01
2.295357394635355419e+01 6.108725861113659228e+00 5.448732700283736463e+00 6.108725861113659228e+00 1.499729472576539990e+01 -3.077040717068029729e-01 5.448732700283736463e+00 -3.077040717068029729e-01 1.590084599596385040e+01
-3.342122341149586173e+00 1.168435849829317696e+00 8.101764777233074755e-01 1.168435849829317696e+00 -4.817707521401428217e+00 2.606318218434505951e+00 8.101764777233074755e-01 2.606318218434505951e+00 3.735324550505216390e+00
1.665988141477629014e+01 -2.209763598765347226e+00 -4.569538585987205970e+00 -2.209763598765347226e+00 1.001838686882498131e+01 4.525411164630986249e+00 -4.569538585987205970e+00 4.525411164630986249e+00 2.208124395569642573e+01
2.757025193334338908e+01 4.705983152943028713e+00 5.080366959019832152e+00 4.705983152943028713e+00 4.169044836822744315e+01 -8.731163162072101969e+00 5.080366959019832152e+00 -8.731163162072101969e+00 8.610167435905971445e+00
1.521905190707801836e+01 2.954713493104866640e+00 1.346602880952927350e+00 2.954713493104866640e+00 1.158398349229849167e+01 2.231197689982767685e+00 1.346602880952927350e+00 2.231197689982767685e+00 6.307712285149169595e+00
-3.284155919120774314e+00 -3.572660519669696444e-01 -4.844981567317084570e-02 -3.572660519669696444e-01 -3.370711683257723301e+00 7.547192855502653508e-01 -4.844981567317084570e-02 7.547192855502653508e-01 -5.299142635922740929e+00
1.103773830559242697e+01 9.140426846514658754e-01 1.129660198040616237e+00 9.140426846514658754e-01 1.137901836205383432e+01 -6.854117049550570440e-02 1.129660198040616237e+00 -6.854117049550570440e-02 8.806842059603363637e+00
1.016353005656427300e+01 7.012255003886163074e-01 1.759268994118478924e+00 7.012255003886163074e-01 1.871534813415437881e+01 -7.646829656246883822e+00 1.759268994118478924e+00 -7.646829656246883822e+00 6.823642487561188297e+00
2.399605384723987100e+01 -3.696852260205901519e+00 -1.148144660489684998e+00 -3.696852260205901519e+00 2.932300045579298953e+01 3.181926507449158059e+00 -1.148144660489684998e+00 3.181926507449158059e+00 2.336601108556154571e+01
-2.113446971853538692e+00 -1.995412747634891792e-01 3.695131534780946025e-02 -1.995412747634891792e-01 -5.867089198220475588e+00 1.998680724467382985e+00 3.695131534780946025e-02 1.998680724467382985e+00 6.550687373297917837e+00
5.041195473239973524e+00 -4.825396549059440265e-01 -5.165958999530474438e-01 -4.825396549059440265e-01 5.203328091271862021e+00 1.617343523090785773e+00 -5.165958999530474438e-01 1.617343523090785773e+00 7.293797715820356409e+00
-3.973107221704704983e+00 4.296042677178565916e-01 8.644943706992660459e-01 4.296042677178565916e-01 -9.256829558206835173e+00 2.654157653257471772e+00 8.644943706992660459e-01 2.654157653257471772e+00 -2.269567408558203159e+00
1.622432142205587624e+01 -4.656438461661663197e+00 -6.446843865083288883e+00 -4.656438461661663197e+00 2.160802007903549793e+01 3.019611056455798193e-01 -6.446843865083288883e+00 3.019611056455798193e-01 1.876322790628702464e+01
2.677659611165766051e+01 -1.413321263114686033e-01 2.389804761356326246e+00 -1.413321263114686033e-01 4.753029052258573195e+00 1.154300175023254882e+00 2.389804761356326246e+00 1.154300175023254882e+00 3.945932456757474949e+00
-2.774011863435303837e+01 -1.304770209221488120e+00 -4.326366707210870466e+00 -1.304770209221488120e+00 -1.563596240028403628e+01 4.153082302090718159e-01 -4.326366707210870466e+00 4.153082302090718159e-01 -2.325143892840851834e+01
-4.501959309958460942e+00 1.483359706671207201e+00 7.126692461390414790e-01 1.483359706671207201e+00 -8.064277017509557055e+00 1.007322594978286912e+00 7.126692461390414790e-01 1.007322594978286912e+00 1.200772972826722906e+00
2.757025193334338908e+01 4.705983152943028713e+00 5.080366959019832152e+00 4.705983152943028713e+00 4.169044836822744315e+01 -8.731163162072101969e+00 5.080366959019832152e+00 -8.731163162072101969e+00 8.610167435905971445e+00
1.783492250220997377e+01 -2.137708851737831317e+00 -1.121677858182685616e+00 -2.137708851737831317e+00 1.002197047855786138e+01 3.650484057034264040e+00 -1.121677858182685616e+00 3.650484057034264040e+00 1.637147157728750457e+01
-5.105066894282905388e+00 5.965029487794244467e-01 3.628240698918279605e+00 5.965029487794244467e-01 -1.093894638377036976e+01 1.759257778757067792e+00 3.628240698918279605e+00 1.759257778757067792e+00 -1.335000276047288637e+01
-1.268448238801684624e+01 -4.183447867019881805e+00 -2.228856171805492448e+00 -4.183447867019881805e+00 -1.027493409981981820e+01 3.461039479802381802e+00 -2.228856171805492448e+00 3.461039479802381802e+00 -2.940458607780345446e+01
1.674717027617339582e+01 -4.997145559349402077e+00 -5.762921870198973728e+00 -4.997145559349402077e+00 2.081411539422127177e+01 2.606706238513007978e+00 -5.762921870198973728e+00 2.606706238513007978e+00 1.697767981610915911e+01
-1.562899944096836968e+01 1.266983507798512987e+00 2.046121083559147014e+00 1.266983507798512987e+00 -1.024058590712683170e+01 -5.889575641504378734e-01 2.046121083559147014e+00 -5.889575641504378734e-01 -1.611720043881739883e+01
-2.347383756378034647e+01 -1.785671504170908974e-01 -2.796306628795413918e+00 -1.785671504170908974e-01 -1.800988881127822694e+01 3.809043660927283526e+00 -2.796306628795413918e+00 3.809043660927283526e+00 -2.499527274642866814e+01
-1.941450964526523748e+01 -1.928721446945731000e+00 -2.228728958527902704e-01 -1.928721446945731000e+00 -1.784999769016133442e+01 3.466624958598892026e-02 -2.228728958527902704e-01 3.466624958598892026e-02 -3.669322274024681363e+00
1.556042356817157923e+01 -1.993545872466077062e+00 -2.117574397893503768e+00 -1.993545872466077062e+00 4.934676938223731213e+00 5.436710282769817937e+00 -2.117574397893503768e+00 5.436710282769817937e+00 1.891002047712187206e+01
7.421528360530344592e+00 -5.056143230065815786e+00 -5.200879434684400948e+00 -5.056143230065815786e+00 8.627164969503979819e+00 1.461992240174557756e+00 -5.200879434684400948e+00 1.461992240174557756e+00 1.062309566096644708e+01
2.524011602126885379e+01 6.541750986205067120e-01 -2.114649713793238739e+00 6.541750986205067120e-01 1.551995507251589501e+01 6.986134337858280752e-01 -2.114649713793238739e+00 6.986134337858280752e-01 1.531016557844265158e+01
4.949397222937269802e+00 -1.160942939911363325e+00 -7.511133100215610092e-01 -1.160942939911363325e+00 3.228910640044036495e-01 1.846556225745952462e+00 -7.511133100215610092e-01 1.846556225745952462e+00 -4.068408584609454870e+00
3.645452691393939570e+00 7.616262447430046656e+00 2.653656168098554868e+00 7.616262447430046656e+00 5.667326659348348450e+00 -2.514441422519112290e+00 2.653656168098554868e+00 -2.514441422519112290e+00 1.262220910192212386e+01
1.027087060235819216e+01 -8.331261231027525804e-01 1.689763090725493244e+00 -8.331261231027525804e-01 1.468953374971063219e+01 -4.986592501419841561e+00 1.689763090725493244e+00 -4.986592501419841561e+00 2.902863907926981568e+00
4.422796016002445540e+00 -3.432949692214442905e+00 7.333122868347700107e-01 -3.432949692214442905e+00 1.406181307055686602e+01 -5.008951192036210642e+00 7.333122868347700107e-01 -5.008951192036210642e+00 1.310696736313757604e+00
9.575086217707392322e+00 4.661056193045062024e+00 1.644165216401733964e+00 4.661056193045062024e+00 2.583424694625904294e+00 4.490415558814476071e+00 1.644165216401733964e+00 4.490415558814476071e+00 1.211698654074470483e+01
2.034686521631669365e+01 3.466898794233739256e-01 -8.478181378741519447e-01 3.466898794233739256e-01 1.300759924721285898e+01 7.911687295832574129e+00 -8.478181378741519447e-01 7.911687295832574129e+00 9.636394008315244619e+00
-1.036980378050776963e+01 -1.832730567717065551e+00 5.352385463324620396e-01 -1.832730567717065551e+00 -1.183471052788567057e+01 -2.306930244808420127e+00 5.352385463324620396e-01 -2.306930244808420127e+00 -2.062643483589427618e+01
1.165703810381181205e+00 1.332547026932545009e+00 3.900406618693021410e-01 1.332547026932545009e+00 -1.161532499253286055e+00 6.924930186172484348e-01 3.900406618693021410e-01 6.924930186172484348e-01 -4.264628064394030638e+00
-5.174984900478984073e+00 1.977767838577102033e+00 1.749931302046314308e+00 1.977767838577102033e+00 -2.225759703858512406e+00 -2.513253617612540847e-01 1.749931302046314308e+00 -2.513253617612540847e-01 -1.746226905128838228e-02
1.567836355715335728e+01 -3.204485821453098460e+00 -3.943579710903615254e+00 -3.204485821453098460e+00 6.942523316037198633e+00 3.655976257291531084e+00 -3.943579710903615254e+00 3.655976257291531084e+00 2.389829835255708446e+01
1.580501262644103067e+00 4.575218481736728293e+00 1.906406270910526279e+00 4.575218481736728293e+00 7.248661364659203521e-01 1.854761573018246512e+00 1.906406270910526279e+00 1.854761573018246512e+00 1.014951076302819644e+01
1.211446028415624987e+01 -8.685453797057439418e-02 -8.993561983896877221e-01 -8.685453797057439418e-02 1.059562507090760697e+01 1.362440971789158128e+00 -8.993561983896877221e-01 1.362440971789158128e+00 -3.186852037766574886e-01
-8.542326713535397076e+00 -2.540551384270638424e-01 9.932861541859393517e-01 -2.540551384270638424e-01 -1.802572972807281815e+01 1.785574577884946779e+00 9.932861541859393517e-01 1.785574577884946779e+00 -6.718367269113256768e+00
9.175357804356680524e-02 -9.721052869619997594e+00 -4.788033319993586723e+00 -9.721052869619997594e+00 1.789949207715763890e+01 -2.453934714990553267e+00 -4.788033319993586723e+00 -2.453934714990553267e+00 2.497446837435866485e+01
1.895346181404443442e+01 -2.261174239376047890e+00 -8.203237043609968859e-01 -2.261174239376047890e+00 1.688232670948384850e+01 1.206255728036408903e-01 -8.203237043609968859e-01 1.206255728036408903e-01 5.039788766476035242e+00
-1.893456602223152530e+01 -1.326945034814929647e+00 1.511034898957527295e-01 -1.326945034814929647e+00 -3.098150804613463194e+01 2.039073379088105042e+00 1.511034898957527295e-01 2.039073379088105042e+00 -1.248125974083709622e+01
-2.231352288685436491e+01 -1.993600670649690709e+00 -1.611670011868754582e+00 -1.993600670649690709e+00 -2.213479465783174760e+01 -1.396440301949915197e+00 -1.611670011868754582e+00 -1.396440301949915197e+00 3.586309688609882196e-01
1.223467691505988997e+00 -6.515211474977600226e+00 -5.844675285744109772e-01 -6.515211474977600226e+00 -1.481544736132638818e+01 -6.979431220069798769e+00 -5.844675285744109772e-01 -6.979431220069798769e+00 -1.136566538858756559e+01
-1.575265337298030310e+01 -4.878778533766624292e+00 -8.054435751017541278e+00 -4.878778533766624292e+00 -1.418227619358109237e+01 7.704906705837688996e+00 -8.054435751017541278e+00 7.704906705837688996e+00 -2.151759392642860647e+01
1.138885026517448829e+00 -6.111711798355456970e-01 1.788318960579375894e-01 -6.111711798355456970e-01 9.837200326087744973e-01 1.241340609025126218e+00 1.788318960579375894e-01 1.241340609025126218e+00 -1.686919218920176711e+00
6.644303713078323348e-01 -6.057569315591424086e+00 -4.795319716869575366e+00 -6.057569315591424086e+00 -5.546332036889641159e+00 1.444585066781442606e+00 -4.795319716869575366e+00 1.444585066781442606e+00 -1.978254381915118820e+00
-3.189600138857623612e+00 1.136592305074778597e+00 1.197002287376814078e-01 1.136592305074778597e+00 -4.995260178237892035e+00 1.443179237636942114e+00 1.197002287376814078e-01 1.443179237636942114e+00 -7.548546018433634153e+00
