-4.899926656987963369e+00 -4.016774968251167977e+00 -3.043693139328794484e+00 -4.016774968251167977e+00 5.329126324717673446e-01 -1.129032582247886296e+01 -3.043693139328794484e+00 -1.129032582247886296e+01 -1.102708503363191461e+01
-2.002064717292221907e+00 -8.036831081088832152e-01 2.180058884080767201e-01 -8.036831081088832152e-01 -6.801372887643093001e+00 -2.330304271149106654e+00 2.180058884080767201e-01 -2.330304271149106654e+00 4.406697025632202447e+00
-4.032617848354655976e+00 3.902926594225288870e+00 -5.260374639897593685e-01 3.902926594225288870e+00 -3.758257146634276680e+00 5.964277879071943483e-02 -5.260374639897593685e-01 5.964277879071943483e-02 7.233574716386250714e+00
-6.546174225487284559e-01 2.105000923455806028e+00 -7.868978883463896068e+00 2.105000923455806028e+00 1.601185761586845224e+00 5.012659321272490587e+00 -7.868978883463896068e+00 5.012659321272490587e+00 6.141518232778660824e+00
-9.749839508924114995e+00 -2.185382917205109798e-01 2.682575109850744877e+00 -2.185382917205109798e-01 1.801694601982130717e+00 -1.322969354744855996e+00 2.682575109850744877e+00 -1.322969354744855996e+00 -2.475197217649662385e+00
3.250042267766346527e+00 8.005836139728083056e-01 -9.262825125879449173e-01 8.005836139728083056e-01 3.295808816783738049e+00 -3.858941074583059350e-01 -9.262825125879449173e-01 -3.858941074583059350e-01 1.089043567452843142e+01
2.949327821837383290e+00 1.036076227325746224e+01 5.044494828759222393e+00 1.036076227325746224e+01 -6.018841473304235912e+00 -2.391864173297354235e+00 5.044494828759222393e+00 -2.391864173297354235e+00 4.330813023707686504e+00
-7.904079597027037218e-01 3.483651266382966849e+00 -2.116646116602133088e+00 3.483651266382966849e+00 -4.588065373261696611e-01 -3.361857237055151604e+00 -2.116646116602133088e+00 -3.361857237055151604e+00 7.804206230200164462e+00
-7.487855775515287249e+00 4.273120222246751254e+00 3.833834667694566711e+00 4.273120222246751254e+00 8.147442017714570994e+00 1.708363019424472273e-01 3.833834667694566711e+00 1.708363019424472273e-01 2.167247756660769653e+01
1.021722799678378024e+01 1.351202662892929007e+00 -2.225083784110720053e+00 1.351202662892929007e+00 9.922812487904174361e+00 -1.272241740264488552e+00 -2.225083784110720053e+00 -1.272241740264488552e+00 1.725913120173156301e+01
5.620984159553666260e+00 -4.852108505712349640e+00 -7.066590922528862007e-02 -4.852108505712349640e+00 6.160826420270940851e+00 -2.970692609838445186e+00 -7.066590922528862007e-02 -2.970692609838445186e+00 1.026446782813616920e+01
4.693157037772233586e+00 -7.275529515767334976e-01 1.905700845067423099e+00 -7.275529515767334976e-01 -9.158917525839125773e+00 -3.124882554299051041e+00 1.905700845067423099e+00 -3.124882554299051041e+00 1.359503044180322817e+01
2.183016615212724787e+01 6.812514812087956395e-01 -2.100601571455356087e+00 6.812514812087956395e-01 1.639249299200076848e+01 5.579987286327376950e+00 -2.100601571455356087e+00 5.579987286327376950e+00 2.699197533286902129e+01
-1.510951606139088632e+00 4.108240446081045327e+00 -3.980047944372716362e+00 4.108240446081045327e+00 -8.108542230038912058e-01 -7.461477016719764155e-01 -3.980047944372716362e+00 -7.461477016719764155e-01 -4.109030339130857357e+00
2.243395665492130320e+00 6.028900715173645536e-02 2.225445020669445384e+00 6.028900715173645536e-02 2.585022220445726937e+00 8.760641799490672676e-01 2.225445020669445384e+00 8.760641799490672676e-01 -2.473687182303438092e+00
-4.414584500605986506e+00 -5.930176229972499158e+00 1.398340277406055154e+00 -5.930176229972499158e+00 -3.287058267814113144e+00 1.825520265812908827e+00 1.398340277406055154e+00 1.825520265812908827e+00 8.680919084415647191e+00
-8.596286702192964313e+00 -3.330836789876171267e+00 -1.215053450648395428e+00 -3.330836789876171267e+00 -6.352117714599191389e-01 1.254473058798754259e+00 -1.215053450648395428e+00 1.254473058798754259e+00 1.001079484986335189e+01
1.103481715197481527e+01 1.125065845921048524e+00 -3.891815832151367616e+00 1.125065845921048524e+00 1.251669795943846530e+01 -8.532695425397353040e-01 -3.891815832151367616e+00 -8.532695425397353040e-01 1.178949364662706500e+01
-1.257835811525215419e+01 -4.313410868973090118e+00 -1.088004155859046973e+00 -4.313410868973090118e+00 2.800294561067129262e+00 -3.234454180477103424e+00 -1.088004155859046973e+00 -3.234454180477103424e+00 -3.340517693180491410e+00
1.456961719590209192e+01 1.244687511743429509e+00 5.909150854499729544e-01 1.244687511743429509e+00 6.950013425495511044e+00 5.787885027817530670e+00 5.909150854499729544e-01 5.787885027817530670e+00 2.371441025091863253e+01
3.495963898154113902e+00 -7.821152354409661722e-01 -4.298576476747002495e+00 -7.821152354409661722e-01 -1.755868928239996851e+00 3.042022999447284271e+00 -4.298576476747002495e+00 3.042022999447284271e+00 1.061345858607648118e+01
-1.947206652029886698e+01 -4.496081684691381142e+00 -1.211085640421745602e+00 -4.496081684691381142e+00 -2.202412764732538264e+01 6.109861907739511544e+00 -1.211085640421745602e+00 6.109861907739511544e+00 1.755833820497848974e+00
3.096725951860315629e+00 9.655473470145992110e-01 -3.128192811913085514e+00 9.655473470145992110e-01 -1.605128379141521400e+00 -3.288190679271074668e+00 -3.128192811913085514e+00 -3.288190679271074668e+00 1.182906392984544119e+01
-5.913646955205927647e+00 -2.307417975466303783e-01 -1.399346940726626576e+00 -2.307417975466303783e-01 1.757560577878317654e+00 -3.712278854014583462e+00 -1.399346940726626576e+00 -3.712278854014583462e+00 3.231657108503479758e+00
5.347170481871490466e-01 -6.754520151672329664e-01 -2.443805735466869411e+00 -6.754520151672329664e-01 3.012940229576365758e-01 -5.081906820991262119e-01 -2.443805735466869411e+00 -5.081906820991262119e-01 8.323686223776116222e+00
-3.136927991395913384e+00 -2.223854512748985046e-01 6.713135940994058970e+00 -2.223854512748985046e-01 2.704389325109546327e-01 -3.006622810071579721e+00 6.713135940994058970e+00 -3.006622810071579721e+00 8.701252525349872258e+00
7.624080245135490763e+00 -1.547201049038033682e+00 -2.385208334817376929e+00 -1.547201049038033682e+00 1.172557611139808742e+01 1.456189726398117834e+00 -2.385208334817376929e+00 1.456189726398117834e+00 1.582601216292682977e+01
-7.479874881781543472e+00 5.409880592297494628e-01 -5.001046564559475938e-01 5.409880592297494628e-01 -1.591651557854468457e+01 6.457332254017070783e-01 -5.001046564559475938e-01 6.457332254017070783e-01 3.745137982926201481e+00
1.607037702963022241e+01 2.724320975855288651e+00 4.619408615150580211e+00 2.724320975855288651e+00 1.226588194605462867e+01 1.222850401050741276e+00 4.619408615150580211e+00 1.222850401050741276e+00 9.008251270459084026e+00
-6.159541417314804868e+00 -2.452686309329818182e-01 4.050355877098017032e+00 -2.452686309329818182e-01 5.589770423860173310e+00 -2.909230509873313775e+00 4.050355877098017032e+00 -2.909230509873313775e+00 1.304202969464880901e+01
4.140446160730014924e+00 -5.941109547732494001e+00 4.419354166392040817e+00 -5.941109547732494001e+00 -9.895856305612408477e+00 -1.933738170825410219e+00 4.419354166392040817e+00 -1.933738170825410219e+00 2.575907258892143403e+01
-1.903437026873841020e+01 1.573865038990561516e+00 -3.519827008455261641e+00 1.573865038990561516e+00 -1.320593273596645822e+01 3.853189904926491494e+00 -3.519827008455261641e+00 3.853189904926491494e+00 -1.878051061448951842e+00
8.974571812129831017e+00 -8.179021939957947795e-01 8.113453701239217719e-02 -8.179021939957947795e-01 -2.278512360872472442e+00 4.129642330723678478e-01 8.113453701239217719e-02 4.129642330723678478e-01 3.110812149109497682e+01
5.729589463231414825e+00 1.221330632519192605e+00 -3.177156629263781618e+00 1.221330632519192605e+00 5.683844565302904606e+00 -1.238494286898161656e+00 -3.177156629263781618e+00 -1.238494286898161656e+00 1.348850472172740744e+01
1.109527878077005703e+01 1.391038137881617232e+00 -1.227963869610688041e+00 1.391038137881617232e+00 9.897015579062813373e+00 -6.617152258259824116e-01 -1.227963869610688041e+00 -6.617152258259824116e-01 1.731431107215445309e+01
3.994644295976080617e+00 -4.056412770864724071e-01 -1.088542586457368788e+00 -4.056412770864724071e-01 4.294243679123700197e+00 2.646326123578582878e-01 -1.088542586457368788e+00 2.646326123578582878e-01 1.394806217254688718e+01
1.490851813492107247e+01 -3.450839430797908225e+00 1.636315488808827434e-01 -3.450839430797908225e+00 1.532170937773808284e+01 -3.338233489320876934e+00 1.636315488808827434e-01 -3.338233489320876934e+00 1.250937615040812290e+01
3.403171107348937685e+00 -9.581358314799032216e-01 3.141204443333183161e+00 -9.581358314799032216e-01 -4.963093734810482438e+00 5.229241123733937791e+00 3.141204443333183161e+00 5.229241123733937791e+00 1.329548990980835121e+01
6.760960559394720626e+00 2.590083775573928992e+00 5.605054461656910902e-01 2.590083775573928992e+00 -1.576656579486960696e+00 1.672398565955106386e+00 5.605054461656910902e-01 1.672398565955106386e+00 8.212374073700763333e+00
-3.274368172295518775e+01 -9.368785316148436904e-01 2.601286795979582234e+00 -9.368785316148436904e-01 -7.734388250569899093e+00 -3.770014949906613122e+00 2.601286795979582234e+00 -3.770014949906613122e+00 -1.405284697692342100e+01
1.719438506321368187e+00 -3.665314025262164765e+00 2.454783947748521822e+00 -3.665314025262164765e+00 -2.662555003344012849e+00 -3.533627267206684408e+00 2.454783947748521822e+00 -3.533627267206684408e+00 1.356122178432903702e+01
-7.374723815904298263e+00 -2.015937825586978871e+00 -5.651712232167673378e+00 -2.015937825586978871e+00 -4.974525973726913186e+00 6.651016724841315453e-01 -5.651712232167673378e+00 6.651016724841315453e-01 8.289039379947917396e+00
-4.294686997494517655e+00 -1.938263909756616776e+00 -7.640284160892611531e+00 -1.938263909756616776e+00 -5.128360379328297469e+00 4.112331337367979067e+00 -7.640284160892611531e+00 4.112331337367979067e+00 1.261391685715153521e+01
9.193293718691402105e-01 -4.995688866463295352e-01 -1.765060737232404753e+00 -4.995688866463295352e-01 -3.684963030649783811e-01 1.039892551408510224e+00 -1.765060737232404753e+00 1.039892551408510224e+00 7.768641995868809325e+00
1.302816568639314276e+01 1.312251883733060787e+00 -6.878142800503376231e-01 1.312251883733060787e+00 1.243268344742895160e+01 6.998031456750808843e+00 -6.878142800503376231e-01 6.998031456750808843e+00 3.568781276604644148e+01
2.183016615212724787e+01 6.812514812087956395e-01 -2.100601571455356087e+00 6.812514812087956395e-01 1.639249299200076848e+01 5.579987286327376950e+00 -2.100601571455356087e+00 5.579987286327376950e+00 2.699197533286902129e+01
6.732162646411245177e+00 1.398618325999987644e-01 -3.253343147765003773e-01 1.398618325999987644e-01 2.102183856186170097e+00 6.725998178875022049e+00 -3.253343147765003773e-01 6.725998178875022049e+00 1.782556321269546373e+01
-5.679284383344969100e+00 3.968829527240221644e+00 2.217791428785380159e+00 3.968829527240221644e+00 9.797253788748397696e+00 5.899966572570079393e+00 2.217791428785380159e+00 5.899966572570079393e+00 3.275257895110526007e+00
9.491703688027051555e+00 4.648099759294774813e-01 -1.559143502935799619e+00 4.648099759294774813e-01 1.031819752772339527e+01 -8.853686684741796098e-01 -1.559143502935799619e+00 -8.853686684741796098e-01 1.814388368970461940e+01
2.358013709275320835e+01 3.355631893809790434e+00 5.859650972146294379e+00 3.355631893809790434e+00 5.715386542957756610e+00 4.946762777613193052e+00 5.859650972146294379e+00 4.946762777613193052e+00 6.714061996798029952e+00
