3.920189684971887800e+01 -3.516651483135079914e+00 2.491671985784626564e+00 -3.516651483135079914e+00 3.554359800498637867e+01 8.036040863407200030e-01 2.491671985784626564e+00 8.036040863407200030e-01 2.031412459045161611e+01
3.298570388747109661e+01 4.277111933781099218e+00 -1.487803793792800422e-01 4.277111933781099218e+00 2.926214930377835444e+01 2.612380729061325901e+00 -1.487803793792800422e-01 2.612380729061325901e+00 1.504013987752944814e+01
9.239832696719124883e+00 5.844157481684148642e-02 -7.686445373038813811e-01 5.844157481684148642e-02 1.666462313265613204e+01 -6.836655049347743152e+00 -7.686445373038813811e-01 -6.836655049347743152e+00 -1.671911151036058696e+00
2.487252451352825844e+01 -7.720713556497830865e+00 -2.514386789380950837e+00 -7.720713556497830865e+00 7.517618314282279002e+00 -2.115045827604920436e+00 -2.514386789380950837e+00 -2.115045827604920436e+00 1.584715215167587665e+01
1.478920762360404595e+01 -1.363233951531727550e+00 3.670070100783109357e+00 -1.363233951531727550e+00 1.823086160342516138e+01 -2.095639971018279646e-01 3.670070100783109357e+00 -2.095639971018279646e-01 7.480916543795171236e+00
-1.724835164901348250e+01 -3.582221026026378041e+00 -3.376548193718182378e-01 -3.582221026026378041e+00 -2.873513493203094882e+01 -1.371121273649119621e-01 -3.376548193718182378e-01 -1.371121273649119621e-01 -2.991144701788201843e+01
-3.809283682356915790e+01 8.761504547533021992e+00 -9.700688955694405369e-01 8.761504547533021992e+00 -2.514837085563618757e+01 -4.512449112047896449e+00 -9.700688955694405369e-01 -4.512449112047896449e+00 -3.485046640628534931e+01
-2.224075388347079496e+01 6.599154243607978643e-01 4.683989618718036319e+00 6.599154243607978643e-01 -2.647712081182389809e+01 -1.501618541409888430e-01 4.683989618718036319e+00 -1.501618541409888430e-01 -2.291434053655801151e+01
-2.298725712254696063e+01 -2.338596750854250672e+00 -2.996204687061086336e+00 -2.338596750854250672e+00 -1.390543981580841404e+01 -2.573435785056076064e+00 -2.996204687061086336e+00 -2.573435785056076064e+00 -8.696049248669144305e+00
1.405426168541371368e+01 -2.194505850736983010e+00 -1.913221028038058380e+00 -2.194505850736983010e+00 1.146841946270258283e+01 -3.535747302186239338e+00 -1.913221028038058380e+00 -3.535747302186239338e+00 -1.288144598229742588e+00
1.232818185383830745e+01 -1.631825588235825408e-01 1.112764159928709473e+00 -1.631825588235825408e-01 3.105895895346323954e+01 2.615300146103964440e+00 1.112764159928709473e+00 2.615300146103964440e+00 2.251477156064915164e+01
2.359929228170711824e+00 -1.149315610045246405e+00 -8.564258607701967785e-01 -1.149315610045246405e+00 1.873866427087497044e+01 1.139327274111607169e+00 -8.564258607701967785e-01 1.139327274111607169e+00 1.754646593611235161e+01
1.161985495464380458e+00 -8.554818026702539768e+00 5.918392271202266741e+00 -8.554818026702539768e+00 -9.946227056025062296e+00 1.645029162016732105e+00 5.918392271202266741e+00 1.645029162016732105e+00 2.270685114243761760e+01
-3.129136557633087534e+01 -3.539510311983665058e+00 -4.446636996938046593e+00 -3.539510311983665058e+00 -1.087702541445200310e+01 -9.007683866673538375e+00 -4.446636996938046593e+00 -9.007683866673538375e+00 -2.653962221409970113e+01
2.972166101770616464e+01 -1.117814087212410712e+00 -2.380044448603862328e+00 -1.117814087212410712e+00 3.006644979229055537e+01 4.463402018873904531e+00 -2.380044448603862328e+00 4.463402018873904531e+00 2.531198692869797640e+01
1.033179247536289758e+01 1.598840264385578414e-01 -2.189021042682923301e+00 1.598840264385578414e-01 1.593304992703372314e+01 3.040774915988348148e+00 -2.189021042682923301e+00 3.040774915988348148e+00 1.001613857364450055e+01
-1.993210949587805558e+01 1.450976789785023868e+00 6.617038856663508994e+00 1.450976789785023868e+00 -2.886759822066017023e+01 9.527392582921867970e+00 6.617038856663508994e+00 9.527392582921867970e+00 -2.172045881890769436e+01
1.960591074637568454e+01 -2.636674806934223181e+00 4.059565935925560254e+00 -2.636674806934223181e+00 3.101151127393676532e+01 7.659178277980896787e+00 4.059565935925560254e+00 7.659178277980896787e+00 3.448941543442628443e+01
6.364688985872788152e+01 -9.435683122001691459e+00 7.100683482508243216e+00 -9.435683122001691459e+00 5.578202472517195076e+01 9.708241938045237829e-01 7.100683482508243216e+00 9.708241938045237829e-01 2.991332870914961362e+01
-1.853444808469750171e+01 -3.894640380481936504e+00 -2.599909218808482692e+00 -3.894640380481936504e+00 -2.232096185936830679e+01 3.388040217624871175e+00 -2.599909218808482692e+00 3.388040217624871175e+00 -1.855877363126842639e+01
2.129544836407446695e+01 -5.950895064107760923e+00 -1.338906917752988868e-01 -5.950895064107760923e+00 2.752910726148623866e+01 -8.623648136011140553e-01 -1.338906917752988868e-01 -8.623648136011140553e-01 2.087085086074904083e+01
-6.278326646645551179e+00 4.687790939697018544e+00 1.632759333266019297e+00 4.687790939697018544e+00 5.725432412316203035e+00 1.017676929973718059e+00 1.632759333266019297e+00 1.017676929973718059e+00 1.159513881744255182e+00
2.821041655252350822e+01 7.114945241988390734e+00 -1.492566496452594205e+00 7.114945241988390734e+00 3.507397130372971361e+01 3.935412844625534035e-02 -1.492566496452594205e+00 3.935412844625534035e-02 1.628496789810174050e+01
-1.729333155445570469e+01 5.358862168773749879e+00 -3.821443691446319679e+00 5.358862168773749879e+00 -1.986648038438826092e+01 3.343061409845863086e+00 -3.821443691446319679e+00 3.343061409845863086e+00 -2.158789870970222324e+01
-3.688660464394565519e+00 -5.615548803265506095e+00 2.445574438679934293e+00 -5.615548803265506095e+00 -1.055524693784605894e+01 2.687418154468789400e+00 2.445574438679934293e+00 2.687418154468789400e+00 1.163926096275327460e+01
-3.877200278740998840e+01 3.776347145825931229e+00 -6.265180655659928766e-01 3.776347145825931229e+00 -2.201438566320096157e+01 -6.730310117038924567e+00 -6.265180655659928766e-01 -6.730310117038924567e+00 -4.271115340136212524e+01
-8.380392696400857488e+00 1.810383292475590267e+00 1.136410587509458558e+00 1.810383292475590267e+00 -6.148686061311934736e+00 3.722063874034334252e-01 1.136410587509458558e+00 3.722063874034334252e-01 -6.161903864066690772e+00
1.187111753284184701e+01 -1.208759605871814857e+00 4.586119625262781718e-01 -1.208759605871814857e+00 8.595030968305792385e+00 -8.638747715334769151e-01 4.586119625262781718e-01 -8.638747715334769151e-01 7.964969044408388044e+00
3.353849983088100828e+01 -2.274098822767675721e+00 -4.905828709868787385e+00 -2.274098822767675721e+00 3.046341498896795841e+01 -3.856015996490621767e+00 -4.905828709868787385e+00 -3.856015996490621767e+00 1.820936556878294255e+01
2.269532590233803404e+01 1.984362860962414765e-01 2.845826664401514439e+00 1.984362860962414765e-01 3.418561882244023309e+01 -2.460022319191028206e+00 2.845826664401514439e+00 -2.460022319191028206e+00 1.088286952824401155e+01
3.354197964036096380e+01 -3.333823545143761030e-02 -4.660792885774810657e+00 -3.333823545143761030e-02 3.060924881558993960e+01 4.489904819560850413e+00 -4.660792885774810657e+00 4.489904819560850413e+00 2.342476293193461245e+01
-2.796668576114024418e+01 7.610594499437653759e+00 -4.766122775392665822e+00 7.610594499437653759e+00 -2.505204410876192256e+01 -7.676122236682164868e+00 -4.766122775392665822e+00 -7.676122236682164868e+00 -2.724710910361375582e+01
1.299527662167186293e+01 -1.646467071999290877e+00 1.822561895768083140e+00 -1.646467071999290877e+00 1.517939418824964015e+01 1.790883282150242950e+00 1.822561895768083140e+00 1.790883282150242950e+00 1.856745757859221868e+01
4.664615061936018492e+00 -6.320734972900353688e-01 1.949509511520112870e+00 -6.320734972900353688e-01 3.390786076530813542e+00 -1.332006207406372100e+00 1.949509511520112870e+00 -1.332006207406372100e+00 1.153156781606458736e+01
2.185212441535396266e+01 -1.068838196923590944e+00 9.708994219240708601e-01 -1.068838196923590944e+00 3.183094816876942446e+01 4.119059225563094451e+00 9.708994219240708601e-01 4.119059225563094451e+00 1.383851927968047235e+01
-2.879047733590817337e+00 3.730909626960549286e+00 -3.806042007997997079e+00 3.730909626960549286e+00 2.556849746118026623e+00 -5.008593994531551630e-01 -3.806042007997997079e+00 -5.008593994531551630e-01 2.769172339207684796e+00
5.157816942803449933e+00 -3.431965802275293687e+00 -2.192172984535741609e+00 -3.431965802275293687e+00 2.689217175217753919e+01 -1.850011118442769886e+00 -2.192172984535741609e+00 -1.850011118442769886e+00 2.200812947628362792e+01
2.710501535133939655e+01 -1.227395560623403048e+00 4.545626803090492274e+00 -1.227395560623403048e+00 3.257351977577852864e+01 -2.181378620656344136e+00 4.545626803090492274e+00 -2.181378620656344136e+00 2.050056971736805878e+01
9.023854803553113868e+00 2.265486461616371017e+00 4.960427012602178998e+00 2.265486461616371017e+00 1.932413736782886815e+01 -5.441756074577018154e+00 4.960427012602178998e+00 -5.441756074577018154e+00 1.249245663191473810e+01
3.911759809427822976e+00 -7.689501719132381119e-01 -7.775792291133086565e+00 -7.689501719132381119e-01 3.896708426998439112e+00 -1.755842408543805355e+00 -7.775792291133086565e+00 -1.755842408543805355e+00 2.490141087372764872e+01
-3.285448204934564131e+01 5.664448721238311002e+00 -4.104192863198504182e-01 5.664448721238311002e+00 9.637992189193028025e+00 3.985286284598029694e-01 -4.104192863198504182e-01 3.985286284598029694e-01 6.369569861524194465e+00
2.158283989744541742e+01 2.663087235199974590e+00 -2.225158903354361173e-01 2.663087235199974590e+00 2.024597652267909709e+01 6.927755908622669212e-01 -2.225158903354361173e-01 6.927755908622669212e-01 1.065853563190101561e+01
-1.625705754738743991e+01 7.435901962290632383e+00 1.122175198939862728e+00 7.435901962290632383e+00 -5.253278871627118818e+00 2.477147126894629903e+00 1.122175198939862728e+00 2.477147126894629903e+00 -5.294113198161075218e+01
-7.189707481071140549e+00 -3.922191795123813329e-01 -6.098001460228974491e-01 -3.922191795123813329e-01 -2.722006620800496268e+00 5.310544684918094838e+00 -6.098001460228974491e-01 5.310544684918094838e+00 -1.263616095509204662e+01
1.378321575350975614e+01 -2.200913837655269933e+00 1.043829607557179351e+00 -2.200913837655269933e+00 1.022248028484781024e+01 -1.772671845726357942e+00 1.043829607557179351e+00 -1.772671845726357942e+00 2.576867312144894129e+01
5.134046180166136786e+00 3.559548268272477944e+00 -3.201478889997005695e+00 3.559548268272477944e+00 1.419158524230383200e+01 -1.954663863940828916e+00 -3.201478889997005695e+00 -1.954663863940828916e+00 -1.111314853682879367e+01
-2.076376699567840589e+01 -1.027313219288736690e+01 1.676291066117564288e+00 -1.027313219288736690e+01 9.268305546028610564e+00 -1.594810071271700380e+00 1.676291066117564288e+00 -1.594810071271700380e+00 -5.078114270878374725e+01
4.743185423734616712e+00 4.111213896648952648e+00 -8.073150554231066423e+00 4.111213896648952648e+00 6.139301033329707558e+00 -5.507815073471491019e+00 -8.073150554231066423e+00 -5.507815073471491019e+00 1.210793674733594294e+01
2.480658449548951339e+01 3.135174244915163388e+00 9.175446599289765359e+00 3.135174244915163388e+00 5.377275559266237082e+01 -1.994043096443921081e+00 9.175446599289765359e+00 -1.994043096443921081e+00 1.684407423232406487e+01
2.673763475560631875e+01 4.914562750423925763e+00 -1.771259705918408311e+00 4.914562750423925763e+00 2.379382577900890183e+01 -8.980825588972537465e-01 -1.771259705918408311e+00 -8.980825588972537465e-01 1.888082965478738373e+01
