4.642049950207053577e+00 -2.371137439361098720e-01 3.240537002582230652e+00 -2.371137439361098720e-01 1.071568878390114321e+01 2.164140459669057215e+00 3.240537002582230652e+00 2.164140459669057215e+00 -6.216826885172689998e+00
-2.011214552684115020e+01 2.584545702937577794e+00 -3.422393326530459579e+00 2.584545702937577794e+00 -1.822018371373593126e+00 -3.347673750302524454e-01 -3.422393326530459579e+00 -3.347673750302524454e-01 -9.727680965696583471e+00
-8.386533006826267567e+00 9.753511445986073891e-01 -2.445843419272457187e+00 9.753511445986073891e-01 -5.131570732628521370e+00 8.755738229924331151e+00 -2.445843419272457187e+00 8.755738229924331151e+00 -1.309789906063540599e+01
1.099453416520418081e+01 -4.516870483392213309e+00 -7.965532956563401434e-01 -4.516870483392213309e+00 -1.247094546995177300e+00 4.815940401872503607e+00 -7.965532956563401434e-01 4.815940401872503607e+00 -1.086750572461222752e+01
-2.565397874638256326e+01 -9.735661907709499019e+00 -1.238644333144189602e+01 -9.735661907709499019e+00 -1.055895500464015768e+01 -1.442241072650150224e+00 -1.238644333144189602e+01 -1.442241072650150224e+00 -1.343161802753534673e+01
1.084112796640422438e+01 -8.606174113060559350e+00 -7.110521905835930356e-01 -8.606174113060559350e+00 5.245274806548122726e+00 -5.149526677328499780e+00 -7.110521905835930356e-01 -5.149526677328499780e+00 5.855051738171328068e+00
6.013167571074817808e+00 -6.730655827128216195e+00 7.527340944545716006e+00 -6.730655827128216195e+00 1.517019085246651189e+00 2.457948414062914200e+00 7.527340944545716006e+00 2.457948414062914200e+00 -1.874179334599808566e+00
4.957704347071683060e+01 2.627676288561086704e+00 -1.095593117835065655e+01 2.627676288561086704e+00 3.595927694942152364e+00 -1.851343903136471569e+00 -1.095593117835065655e+01 -1.851343903136471569e+00 9.134607464766727247e+00
2.782902157804634768e+01 -4.103796101524090467e+00 -4.083416707252748523e+00 -4.103796101524090467e+00 3.958050354512548097e+01 -5.745026931975234508e-01 -4.083416707252748523e+00 -5.745026931975234508e-01 2.251611909794322131e+01
-4.238834936442091306e-01 -2.574605203618245408e+00 1.052955769183160051e+01 -2.574605203618245408e+00 -1.040489485842124395e+01 3.251446379658470054e+00 1.052955769183160051e+01 3.251446379658470054e+00 1.590691322920974216e+01
1.109851551288211269e+01 -2.003275341169136858e+00 -1.462515711852334199e+00 -2.003275341169136858e+00 8.521845256621595865e+00 -1.435763267624924122e+00 -1.462515711852334199e+00 -1.435763267624924122e+00 1.103131458913342655e+01
-1.509255616369223318e+01 -8.029649560506295636e-01 -4.265700723022728624e+00 -8.029649560506295636e-01 -2.269094992294965252e+01 7.078055952411793861e+00 -4.265700723022728624e+00 7.078055952411793861e+00 -2.377186309823222743e+01
1.019259806954987191e+01 5.012369051204569992e+00 5.908264882966872023e+00 5.012369051204569992e+00 5.970185474071415754e+00 -1.731002294415064091e-01 5.908264882966872023e+00 -1.731002294415064091e-01 -2.950125182076960950e+00
-5.730292549543738012e+00 -1.022001390981969848e+01 2.138801188450846880e+00 -1.022001390981969848e+01 3.789295351724216054e+00 2.136825280361634771e+00 2.138801188450846880e+00 2.136825280361634771e+00 -3.738051877702363157e+01
-1.569064572611849506e+01 -1.601878068652880627e+00 -3.929045097433949696e+00 -1.601878068652880627e+00 -2.962787823465055936e+01 -1.681459763678136987e-01 -3.929045097433949696e+00 -1.681459763678136987e-01 -8.001057100536304034e+00
3.077404562567118695e+00 -1.593004656166496780e+00 2.657878805642126085e+00 -1.593004656166496780e+00 1.837074814869426476e+00 -2.771258196779300409e-01 2.657878805642126085e+00 -2.771258196779300409e-01 -1.430088434167807065e+01
-7.807783190707271004e+00 1.854550887403063619e+00 8.209604618512464924e+00 1.854550887403063619e+00 1.225042571127860747e+01 -3.173643305019410027e-02 8.209604618512464924e+00 -3.173643305019410027e-02 -1.119662422000035740e+00
4.575198706156272976e+01 -1.051030969533827575e+00 2.894789144658953539e+00 -1.051030969533827575e+00 4.953851909006473164e+01 2.641375177102344374e+00 2.894789144658953539e+00 2.641375177102344374e+00 3.439426647742990895e+01
6.346208314470123568e+00 -7.401237579346696016e+00 5.975423643958531095e+00 -7.401237579346696016e+00 1.203150369344722392e+01 1.005188968859121346e+00 5.975423643958531095e+00 1.005188968859121346e+00 -1.177296549162725636e+00
-2.024950226299614187e+01 5.643543545174021681e+00 -2.825163352434939767e+00 5.643543545174021681e+00 -2.397988054293229965e+01 2.170958569652249093e+00 -2.825163352434939767e+00 2.170958569652249093e+00 -2.279963794892085716e+01
3.494536218790208260e+00 4.651270415567364758e+00 1.627705677858506839e+00 4.651270415567364758e+00 7.128224095330479848e+00 -1.904558586779043772e+00 1.627705677858506839e+00 -1.904558586779043772e+00 5.163773619188710917e+00
2.905910964489515180e+01 2.191241579238231707e-01 1.226996811495741690e+00 2.191241579238231707e-01 3.058765351317851966e+01 4.291409499828687246e-01 1.226996811495741690e+00 4.291409499828687246e-01 1.947039019985826158e+01
5.813007405031181207e+01 -3.757021661351084285e-01 3.378165886063116741e+00 -3.757021661351084285e-01 4.266567501168567134e+01 -9.285150294918427250e+00 3.378165886063116741e+00 -9.285150294918427250e+00 1.916573164017606601e+01
3.151239898607897771e+01 7.110765959537522107e+00 1.179058094089357800e+00 7.110765959537522107e+00 3.636483077817094056e+01 -7.119313447911203241e+00 1.179058094089357800e+00 -7.119313447911203241e+00 3.166661039386983134e+01
-1.652439068094276209e+01 1.199127131611157582e+00 7.725189791431128938e+00 1.199127131611157582e+00 2.757018271666706255e+01 2.785206829201606116e+00 7.725189791431128938e+00 2.785206829201606116e+00 7.062792185897591501e+00
4.895003015566767424e+00 -6.256896496458622892e+00 -8.967567724908018789e+00 -6.256896496458622892e+00 -6.802435652453962867e+00 -2.119945192259172106e+00 -8.967567724908018789e+00 -2.119945192259172106e+00 -1.425676387036664039e+01
1.866118604966162386e-01 6.949015854600381736e+00 9.299874891833951329e-01 6.949015854600381736e+00 -1.166561770981137780e+00 -1.231525997005446182e+00 9.299874891833951329e-01 -1.231525997005446182e+00 -4.096689835359465093e+01
-1.361565556223987983e+01 -3.833061099875234135e+00 -1.275593328292307049e+01 -3.833061099875234135e+00 1.697875618951341181e+01 3.194147907553261501e+00 -1.275593328292307049e+01 3.194147907553261501e+00 4.736022533623835407e-01
-8.061052788354663434e+00 -1.151173814188114264e+00 -1.391705220945848309e-01 -1.151173814188114264e+00 1.174215572698732224e+01 3.606221984469726749e+00 -1.391705220945848309e-01 3.606221984469726749e+00 -1.205746261352228110e+01
2.009191067384486473e+01 4.900333063640232467e+00 -3.491818139746830862e+00 4.900333063640232467e+00 -2.054201612694608770e+01 1.682481308699601108e+00 -3.491818139746830862e+00 1.682481308699601108e+00 -4.033890727889150263e+00
5.215589888191565215e+00 -1.970648490376053052e+00 -3.810459366105934942e-01 -1.970648490376053052e+00 1.561552645495357083e+01 -4.713548308741547288e+00 -3.810459366105934942e-01 -4.713548308741547288e+00 2.136631468861154737e+00
1.303093227227839357e+01 -1.003390961874140785e+01 8.971095670212204665e-01 -1.003390961874140785e+01 3.876141308175203903e+01 -4.184662026617663066e+00 8.971095670212204665e-01 -4.184662026617663066e+00 1.765548524632517058e+01
2.555338562425530924e+01 -7.458112533007091649e+00 9.935433796496604408e-01 -7.458112533007091649e+00 3.567393968076202526e+01 5.208846257804701230e-01 9.935433796496604408e-01 5.208846257804701230e-01 1.744023453256345491e+01
-1.931704514147894791e+00 -7.819697359737109110e+00 6.921389225564521297e+00 -7.819697359737109110e+00 -2.259778517499914319e+00 -1.489109904715943244e+01 6.921389225564521297e+00 -1.489109904715943244e+01 -7.617554236457714900e+00
2.154817130178403417e+01 9.846130261467247458e-01 1.823974826540381011e+00 9.846130261467247458e-01 1.836442452374457446e+01 1.035393314661009256e+00 1.823974826540381011e+00 1.035393314661009256e+00 1.383395492345555766e+01
-6.704620166361375810e-01 5.370734149980627592e+00 -4.019499421962265728e+00 5.370734149980627592e+00 5.992223299079888932e+00 1.002967259662258748e+01 -4.019499421962265728e+00 1.002967259662258748e+01 3.492351956786886036e-01
3.282490233856011486e+01 1.178601907298020812e+01 -1.674286875263084173e+00 1.178601907298020812e+01 7.308202671626183644e+00 2.042307006599277663e+00 -1.674286875263084173e+00 2.042307006599277663e+00 1.426497477895062715e+01
2.795705904169891909e+01 -9.008725295269602640e+00 -5.354588446236948407e+00 -9.008725295269602640e+00 3.551566107890522517e+01 3.462037500820923097e-01 -5.354588446236948407e+00 3.462037500820923097e-01 2.082874203452409390e+01
5.978397095471857270e+00 -4.224979866689301033e+00 2.078910849007115313e+00 -4.224979866689301033e+00 2.663295443943359153e+00 -8.350933434435129143e+00 2.078910849007115313e+00 -8.350933434435129143e+00 1.956720665960829564e+01
1.379486617082862310e+01 2.401980896341385119e+00 -4.996847706138870748e+00 2.401980896341385119e+00 -2.601249002603391247e+01 -1.956308975180535814e+00 -4.996847706138870748e+00 -1.956308975180535814e+00 -2.035926396006471961e+01
2.607614200209435396e+01 5.107583346097472443e+00 6.830109814404106139e+00 5.107583346097472443e+00 2.345980095087254114e+01 -2.006564492088000751e-01 6.830109814404106139e+00 -2.006564492088000751e-01 1.274623132249256763e+01
5.439569235115351375e+01 -2.120465804055637449e+00 5.975556951143157214e+00 -2.120465804055637449e+00 3.969607993471525020e+01 2.940309692948325893e+00 5.975556951143157214e+00 2.940309692948325893e+00 3.690700929657089802e+01
1.883813047609490710e+01 2.097088716145622644e+00 1.549133930898253464e+00 2.097088716145622644e+00 1.464168173444322818e+01 1.587252670954712175e-01 1.549133930898253464e+00 1.587252670954712175e-01 8.695834070272566052e+00
1.022778520355635301e+01 -5.151277383912052921e-01 1.266560853812901177e+00 -5.151277383912052921e-01 2.283574300914894906e+01 -4.888272489829866174e+00 1.266560853812901177e+00 -4.888272489829866174e+00 1.258205117284327379e+01
-1.498107657437154128e+00 9.427545498515591760e+00 -1.145362572318515265e-01 9.427545498515591760e+00 1.369011911321095454e+00 9.806515186978270293e+00 -1.145362572318515265e-01 9.806515186978270293e+00 -3.889190250147790628e+00
3.996117529361427057e+00 -1.322495837094885296e+01 3.247854763310700665e+00 -1.322495837094885296e+01 1.606823373353584472e+01 -6.940414309971488116e+00 3.247854763310700665e+00 -6.940414309971488116e+00 8.199439345232002907e+00
1.459362020682660521e+01 4.830618535639375821e+00 -3.149115877983640566e+00 4.830618535639375821e+00 -8.399137613124658230e+00 4.230664197810614979e+00 -3.149115877983640566e+00 4.230664197810614979e+00 -9.299829477338843020e+00
8.109209399111977135e+00 -8.205226522944775169e+00 7.558976554764444522e+00 -8.205226522944775169e+00 -2.561387849841753273e+00 -1.229409529684395253e+01 7.558976554764444522e+00 -1.229409529684395253e+01 -1.115319979612694645e+01
4.527111050966549755e+00 5.957349678700329498e+00 2.113668992694021753e+00 5.957349678700329498e+00 2.806724601442260436e+00 -5.935157168616145285e+00 2.113668992694021753e+00 -5.935157168616145285e+00 -1.152548880757311167e+01
6.716403419223331639e+01 -4.999655003041540979e+00 -7.050105742227687600e+00 -4.999655003041540979e+00 6.604703127930045525e+01 -1.368181572292165527e+00 -7.050105742227687600e+00 -1.368181572292165527e+00 3.031817930581840415e+01
