4.818729506353856884e+00 -5.971184045492092807e+00 1.983658098720431751e+00 -5.971184045492092807e+00 9.737878533245710955e+00 7.266557775693651244e+00 1.983658098720431751e+00 7.266557775693651244e+00 1.786668720977124991e+01
-1.599377987556092151e+01 -7.522387754609662913e-01 -2.232389314095859945e+00 -7.522387754609662913e-01 -2.068126040105283536e+01 1.704412004687112292e+00 -2.232389314095859945e+00 1.704412004687112292e+00 -2.577571152250824582e+01
9.007011752325450260e+00 3.543544823050087444e+00 -2.521568784677859387e+00 3.543544823050087444e+00 9.916600384195735529e+00 1.254386518249069882e+00 -2.521568784677859387e+00 1.254386518249069882e+00 8.096409906109505172e+00
-1.513933808067192821e+01 -3.456807470702030205e+00 -6.081863902880316197e-02 -3.456807470702030205e+00 -1.979820013171050519e+01 3.013378755858048930e+00 -6.081863902880316197e-02 3.013378755858048930e+00 -1.899984717396777256e+01
1.953482464308037736e+00 -3.792910048621004560e+00 -1.830391730621146129e+00 -3.792910048621004560e+00 4.971790552355902726e+00 -9.664782613675494405e-01 -1.830391730621146129e+00 -9.664782613675494405e-01 1.364240519588819289e+01
-1.615441216029689997e+01 7.187830800571673784e+00 -1.437079184429499445e-01 7.187830800571673784e+00 -1.593875336663079878e+01 1.326274793028090704e+00 -1.437079184429499445e-01 1.326274793028090704e+00 -4.115118767870787342e-01
2.172530612368528935e+01 9.950976665265834006e-03 4.758372417570170043e+00 9.950976665265834006e-03 1.816376129660799066e+01 8.174867628307036505e-01 4.758372417570170043e+00 8.174867628307036505e-01 1.621295304344506860e+01
2.566269832937127049e+01 3.484537303756245930e+00 1.121445748766171313e+00 3.484537303756245930e+00 3.372241403601885423e+01 -9.721852646155622057e-01 1.121445748766171313e+00 -9.721852646155622057e-01 2.473006272254265880e+01
-3.149245090487124799e+01 1.588773113497357947e+00 -1.246836283894617203e+00 1.588773113497357947e+00 -2.351501634914627559e+01 2.875215641889363294e+00 -1.246836283894617203e+00 2.875215641889363294e+00 -3.505624557897422022e+01
-5.946778979830618539e+00 1.052432974347289191e-01 -5.859599655204394075e+00 1.052432974347289191e-01 1.388694863637575772e+00 -2.702896388516807580e+00 -5.859599655204394075e+00 -2.702896388516807580e+00 -5.082315082185750121e+00
-2.328061011116068713e+01 4.251564943988211276e+00 -3.283698820810799113e+00 4.251564943988211276e+00 -2.988949066513420405e+01 -1.424162351732969789e+00 -3.283698820810799113e+00 -1.424162351732969789e+00 -1.800403334013128287e+01
-1.173519357896799775e+01 3.759536726260643835e+00 1.268799657114725532e+00 3.759536726260643835e+00 -1.089432228318462315e+01 1.759755989492191919e+00 1.268799657114725532e+00 1.759755989492191919e+00 -1.815814950173367492e+01
6.612589128693164398e+00 -8.753824761381508168e-02 5.059240747420764572e-01 -8.753824761381508168e-02 7.311012318929374310e+00 -1.250558362006824575e+00 5.059240747420764572e-01 -1.250558362006824575e+00 2.606431531408938795e+00
1.046388727895204873e+01 -2.132795158505508493e+00 2.137697899895833142e+00 -2.132795158505508493e+00 1.586199032638526241e+01 -2.366825096145009688e+00 2.137697899895833142e+00 -2.366825096145009688e+00 1.776835602825084592e+01
-1.316322486055827490e+01 5.423823319464015746e+00 -1.687582259595025169e+00 5.423823319464015746e+00 -1.468442549295770050e+01 1.677087988002532892e+00 -1.687582259595025169e+00 1.677087988002532892e+00 -1.133335552344776076e+01
-9.583624831147332657e+00 4.797410725184495739e+00 5.689999938435831517e+00 4.797410725184495739e+00 -2.081402822642546724e+01 -9.042776528505354960e+00 5.689999938435831517e+00 -9.042776528505354960e+00 -1.841912877629156853e+01
1.650782266773080043e+00 -4.828218795457229540e+00 -2.500410852429214792e+00 -4.828218795457229540e+00 1.252163115168118124e-01 3.300183626069274734e+00 -2.500410852429214792e+00 3.300183626069274734e+00 3.416912408703769444e+00
8.070473079886888002e+00 -1.028657821852499321e+00 -3.629949454805697862e+00 -1.028657821852499321e+00 2.551937906422353208e+01 5.733125067176064071e+00 -3.629949454805697862e+00 5.733125067176064071e+00 1.885532042694333654e+01
-2.678635517279076339e+01 -1.067842199718056273e+00 1.176215063241935199e-01 -1.067842199718056273e+00 -2.316581754604019494e+01 -1.052028036863892124e+00 1.176215063241935199e-01 -1.052028036863892124e+00 -2.551650409444303236e+01
2.678687585312643193e+01 -1.812899433159820495e+00 -3.313035706237671185e+00 -1.812899433159820495e+00 2.318388271843692294e+01 3.681488271662362255e+00 -3.313035706237671185e+00 3.681488271662362255e+00 1.237656301974858941e+01
-3.494624105077053233e+00 -8.374577718294954565e+00 -3.451503276869166026e+00 -8.374577718294954565e+00 -1.276239775991601100e+01 -4.353810047436527775e+00 -3.451503276869166026e+00 -4.353810047436527775e+00 -5.174619523011929623e+00
1.525616559731309785e+01 1.579752668273545657e+00 -7.673370510296217972e-01 1.579752668273545657e+00 1.357220699355526783e+01 6.409101868048779904e-01 -7.673370510296217972e-01 6.409101868048779904e-01 6.546878219987029901e+00
-2.035446004012226950e+01 -8.861218520242671037e-02 1.241352238398562458e+00 -8.861218520242671037e-02 -1.112792680481286567e+01 3.109606237781965987e+00 1.241352238398562458e+00 3.109606237781965987e+00 -2.041473041769826580e+01
2.214989016616710771e+01 2.224757518345984231e+00 -1.349123537231434966e+00 2.224757518345984231e+00 2.376208417806583739e+01 -2.567865246028152804e+00 -1.349123537231434966e+00 -2.567865246028152804e+00 1.243569595501494973e+01
8.736891960884978658e+00 -4.985433392442939038e+00 2.407968989772858670e+00 -4.985433392442939038e+00 4.482751262647347801e+00 3.444030582760139403e+00 2.407968989772858670e+00 3.444030582760139403e+00 7.512715090025928966e+00
5.117057389717055926e+00 -1.245705573100651109e-01 3.943504601132280296e+00 -1.245705573100651109e-01 -3.139620993533537519e+00 5.114447227770278381e+00 3.943504601132280296e+00 5.114447227770278381e+00 9.896730840900161752e+00
1.423443435373454236e+01 8.555483411964768692e+00 2.498766064403445508e+00 8.555483411964768692e+00 2.204587082377052454e+01 -3.397264316433911358e+00 2.498766064403445508e+00 -3.397264316433911358e+00 8.058297289923173068e+00
1.751010719988939712e+01 -2.660416751908239785e+00 -2.676196033333421376e+00 -2.660416751908239785e+00 1.454724807608518766e+01 6.877992965954133453e+00 -2.676196033333421376e+00 6.877992965954133453e+00 1.749546261756981735e+01
2.608430265550529814e+00 6.971958783105821844e+00 3.610438211925871776e+00 6.971958783105821844e+00 1.987137286569333838e+01 -1.087166013847652574e-01 3.610438211925871776e+00 -1.087166013847652574e-01 1.573710482834404401e+00
-1.532954781213488360e+01 -4.096714318339851779e+00 2.730207228645621598e+00 -4.096714318339851779e+00 -1.583432551130835009e+01 -3.447904818939051541e+00 2.730207228645621598e+00 -3.447904818939051541e+00 -2.329971055459691698e+01
1.751715553682820925e+01 1.278147584728862141e+00 3.845111209060886992e+00 1.278147584728862141e+00 3.000764415134265395e+00 4.094681805818486175e+00 3.845111209060886992e+00 4.094681805818486175e+00 1.031498334428300723e+01
3.353559335843802103e+01 4.196723435910485911e+00 1.238760988564571397e+00 4.196723435910485911e+00 2.258938249356219785e+01 2.212364018599095150e+00 1.238760988564571397e+00 2.212364018599095150e+00 2.578324189435560143e+01
-2.202757994349800441e+01 -4.072883077700218402e-01 2.514134103805865106e+00 -4.072883077700218402e-01 -1.201268527251588658e+01 -2.463058626134677187e+00 2.514134103805865106e+00 -2.463058626134677187e+00 -1.160290499351462934e+01
4.028658425174968016e+01 3.162152101625036238e+00 -2.146190137761136096e+00 3.162152101625036238e+00 3.212864994680830932e+01 3.506734501762298617e+00 -2.146190137761136096e+00 3.506734501762298617e+00 4.601106177564320632e+01
3.335826303589447317e+00 7.434719992450565584e+00 -1.495799463281632935e+00 7.434719992450565584e+00 2.934348251511521788e+00 9.644060110881339520e-01 -1.495799463281632935e+00 9.644060110881339520e-01 9.134945967528031119e+00
-6.361041283700343385e+00 9.479644040640742286e-01 8.227985017818437719e-01 9.479644040640742286e-01 -1.166166290185734233e+01 4.533452406278368763e+00 8.227985017818437719e-01 4.533452406278368763e+00 -1.409987227608424476e+01
4.556236772388090372e+01 -5.301015688459874475e+00 -5.821748055976031511e-01 -5.301015688459874475e+00 2.673994133323885691e+01 -1.368310051258243787e+00 -5.821748055976031511e-01 -1.368310051258243787e+00 5.006956665047720634e+01
-6.088500567104059513e+00 2.682075570954450150e+00 8.895485452923825032e-02 2.682075570954450150e+00 -3.360977736174960651e+00 2.399700106739435235e+00 8.895485452923825032e-02 2.399700106739435235e+00 -5.591822046727258133e+00
-8.458411741705639031e+00 -6.910592409572442474e-01 2.614484946137058397e-01 -6.910592409572442474e-01 -6.911921478949675013e+00 -5.553542624398253302e+00 2.614484946137058397e-01 -5.553542624398253302e+00 -1.152264239805743351e+01
-5.791978304795233790e+00 -2.644799734768870536e+00 -1.302684115433761169e+00 -2.644799734768870536e+00 -6.790887721678859457e+00 -2.496341443497326618e-01 -1.302684115433761169e+00 -2.496341443497326618e-01 3.098093719238425248e+00
2.975703525292837437e+00 -4.321024261422399815e-01 1.135946443607431133e+00 -4.321024261422399815e-01 7.597257013300022344e+00 2.308126212037496128e+00 1.135946443607431133e+00 2.308126212037496128e+00 1.843883608429946808e+00
9.354196393109383223e+00 1.803777133962356727e+00 5.331764071338886968e-01 1.803777133962356727e+00 1.298800968464505523e+01 -2.121953118393437254e+00 5.331764071338886968e-01 -2.121953118393437254e+00 3.580332828282515867e-01
3.045955164803161352e+01 2.918396900207289146e+00 -1.972240712769294690e+00 2.918396900207289146e+00 3.042087971702171956e+01 -1.806633925273308239e-01 -1.972240712769294690e+00 -1.806633925273308239e-01 2.538305987248856965e+01
-1.533465928367565390e+01 3.131147750709542432e+00 -1.509627142297253144e+00 3.131147750709542432e+00 -9.525985766353036510e+00 4.669456295054112416e-01 -1.509627142297253144e+00 4.669456295054112416e-01 -1.076933300249634051e+01
-5.124234022205225614e+00 -7.200674044540477325e+00 -2.934114931358079659e+00 -7.200674044540477325e+00 -2.993677935723955130e+00 -7.268966201638527913e+00 -2.934114931358079659e+00 -7.268966201638527913e+00 4.603677672002657317e+00
-8.669818444768533361e-01 -1.264083908178315285e+00 -6.083068103810775895e-01 -1.264083908178315285e+00 2.097202112836049626e+00 -9.358118489906168680e-01 -6.083068103810775895e-01 -9.358118489906168680e-01 8.227071220178996391e-01
5.250611240675506330e+00 9.422489781370478212e+00 -4.359781883353186505e-01 9.422489781370478212e+00 2.670470636682262722e+01 1.030396899533725819e+00 -4.359781883353186505e-01 1.030396899533725819e+00 1.072666825316830597e+01
-4.009398976344350274e+00 -6.166707933876791614e-01 8.938057198095549438e+00 -6.166707933876791614e-01 -1.832260607535683761e+01 7.729618295168413922e-02 8.938057198095549438e+00 7.729618295168413922e-02 -2.057728316690795722e+01
4.028658425174968016e+01 3.162152101625036238e+00 -2.146190137761136096e+00 3.162152101625036238e+00 3.212864994680830932e+01 3.506734501762298617e+00 -2.146190137761136096e+00 3.506734501762298617e+00 4.601106177564320632e+01
8.744673317943677304e+00 4.452099071133901020e+00 -5.068655738942590361e+00 4.452099071133901020e+00 7.118018702883772697e+00 -1.802413861837533604e+00 -5.068655738942590361e+00 -1.802413861837533604e+00 1.042434554803200619e+01
