2.949175308270545770e+01 5.713802523554986079e-01 5.770861921119681881e+00 5.713802523554986079e-01 1.804988638245109556e+01 3.183803793971329288e+00 5.770861921119681881e+00 3.183803793971329288e+00 -2.568377023577527041e+01
1.922554766372961410e+01 -4.007838630812578629e+00 -1.944893311013081050e+00 -4.007838630812578629e+00 3.008139422952411834e+01 4.760415465752799308e-02 -1.944893311013081050e+00 4.760415465752799308e-02 8.706256963445113684e+00
1.614914900319603319e+01 -1.399259360210998260e+01 4.218024496795364620e+00 -1.399259360210998260e+01 1.326796112674847095e+01 5.974999829198317514e+00 4.218024496795364620e+00 5.974999829198317514e+00 2.156139982636156205e+01
-2.099104912803995404e+01 -3.390814864415587215e-01 -2.669417792558685054e+00 -3.390814864415587215e-01 -2.299184178187298500e+01 -2.983566186369682960e+00 -2.669417792558685054e+00 -2.983566186369682960e+00 -1.248244678808308805e+01
2.855780317510386190e+00 2.464851089851378241e+00 -3.640327717509457717e+00 2.464851089851378241e+00 -5.553734874819214795e+00 -2.520242075899750578e+00 -3.640327717509457717e+00 -2.520242075899750578e+00 -8.549703514433620199e+00
-2.367222700686010484e+01 -1.311962903532875702e+00 -6.612750659788647845e+00 -1.311962903532875702e+00 -1.814593537690017300e+01 -1.074894978414418362e-01 -6.612750659788647845e+00 -1.074894978414418362e-01 4.642572081694322783e+00
-9.737118202223644658e+00 -1.332201131875901723e+00 -4.008022675117964617e+00 -1.332201131875901723e+00 -2.210163352696168371e+00 -4.089613715927796989e+00 -4.008022675117964617e+00 -4.089613715927796989e+00 3.603790451453487087e+00
1.875206809853479939e+01 -1.827620763401685267e+01 1.459551831696447977e+00 -1.827620763401685267e+01 -2.473044182544314129e+00 -3.606799899883735838e-01 1.459551831696447977e+00 -3.606799899883735838e-01 -5.436117242153996720e+00
-1.838014138711666945e+01 3.035725895705032151e+00 -4.180388735858684868e+00 3.035725895705032151e+00 -1.143782261035554093e+01 2.536701057657456015e+00 -4.180388735858684868e+00 2.536701057657456015e+00 -6.689682272850606459e+00
1.733009913432931981e+01 1.841480413983981324e+00 1.884819756507441602e+00 1.841480413983981324e+00 7.833436760341653482e+00 1.978832926372350309e+00 1.884819756507441602e+00 1.978832926372350309e+00 6.937116656418139016e+00
9.501873549436718136e+00 -7.888429378098085643e+00 4.520064202581332680e+00 -7.888429378098085643e+00 1.333546872693359653e+01 7.896154195953855925e+00 4.520064202581332680e+00 7.896154195953855925e+00 1.678842035832720825e+01
-3.208361466349100022e-01 -2.356281127853437685e+00 5.856058768907029588e+00 -2.356281127853437685e+00 2.675666310127767566e+00 2.018695145775683208e+00 5.856058768907029588e+00 2.018695145775683208e+00 9.066375091005529185e+00
1.790745090528351113e+01 -7.014226090720709732e-03 5.019952780404696169e-01 -7.014226090720709732e-03 1.932561862874910119e+01 1.693454625405687697e+00 5.019952780404696169e-01 1.693454625405687697e+00 1.437806125044891381e+01
-1.110277018004087779e+01 5.344066432548737033e+00 -2.431579987720280833e+00 5.344066432548737033e+00 -6.435928359727753012e+00 8.418855317776731795e+00 -2.431579987720280833e+00 8.418855317776731795e+00 -9.178826296074987567e+00
-2.007186754391001671e+01 1.489784766208279621e+01 1.566958909642568454e+00 1.489784766208279621e+01 -1.183526738958155988e+01 -2.118902415697407005e+00 1.566958909642568454e+00 -2.118902415697407005e+00 -6.806331345741734040e-01
3.543849207823115410e+00 -5.513307070682923694e+00 -9.169941002517981721e-01 -5.513307070682923694e+00 -2.111943576739812922e+00 1.564785931002401931e+00 -9.169941002517981721e-01 1.564785931002401931e+00 -2.222516430788391339e+00
-5.034590650124212807e+00 1.753515000552799963e-01 -6.510265791575736927e+00 1.753515000552799963e-01 4.649956144911657319e+00 2.551998651755625236e+00 -6.510265791575736927e+00 2.551998651755625236e+00 2.206913239723578002e+00
-3.447158923625416538e+00 -3.229614406061653842e-01 2.811100921038192535e+00 -3.229614406061653842e-01 6.938805576584446300e+00 -6.455812818554096388e+00 2.811100921038192535e+00 -6.455812818554096388e+00 4.387706461406227554e+00
9.181414419385960812e+00 9.397079461494941555e+00 1.510498108601207035e+00 9.397079461494941555e+00 2.119112147921362066e+01 -1.540091893447607552e+00 1.510498108601207035e+00 -1.540091893447607552e+00 5.386456000345218875e+00
-6.524475156754572680e+00 6.899322195454280937e+00 2.358491925459767824e+00 6.899322195454280937e+00 -1.514790565555616553e+01 3.558081944778477723e+00 2.358491925459767824e+00 3.558081944778477723e+00 -4.086310017857031518e+00
1.746102200595710130e+01 5.640631510319199293e+00 7.658205412976479387e+00 5.640631510319199293e+00 1.186253954635470009e+01 3.395923551067505208e+00 7.658205412976479387e+00 3.395923551067505208e+00 -1.306249178211302286e+01
1.394959610055394172e+01 5.614439721109855341e+00 -2.210824306881860490e+00 5.614439721109855341e+00 8.483162742387735378e+00 2.014863686129923226e-01 -2.210824306881860490e+00 2.014863686129923226e-01 1.714982071087479198e+01
1.082939644215196751e+01 8.701438269021833705e+00 5.112919828448494464e+00 8.701438269021833705e+00 1.539617573347637380e+00 -1.611379086333294686e-01 5.112919828448494464e+00 -1.611379086333294686e-01 8.958544591985074135e+00
-2.350909257597257884e+00 -3.637640433874483881e-01 -1.143663521616114842e+00 -3.637640433874483881e-01 -1.036283602073577903e+01 -1.368898866566310213e+00 -1.143663521616114842e+00 -1.368898866566310213e+00 9.581613831126125191e+00
-6.424261279113988365e+00 1.659258692698886151e-01 -1.317894292447255422e+00 1.659258692698886151e-01 2.723633095461212017e-01 1.600396489084380258e+00 -1.317894292447255422e+00 1.600396489084380258e+00 -5.568971602347462024e+00
1.767773476244509823e+01 1.109478640819953066e+00 3.060097006387908269e+00 1.109478640819953066e+00 2.808053850423547715e+01 -5.730695342246010071e+00 3.060097006387908269e+00 -5.730695342246010071e+00 -2.788071022414989031e+01
1.421210820292239774e+01 -2.895879677269342922e-01 -2.217247727766699650e-01 -2.895879677269342922e-01 1.301598971018006523e+01 -8.297670982245594073e-01 -2.217247727766699650e-01 -8.297670982245594073e-01 1.623703539541079621e+01
-1.114280676269173753e+01 3.750371134596714562e+00 -1.580703460800487958e+00 3.750371134596714562e+00 -3.916338522497890828e+00 1.668907155769633888e-01 -1.580703460800487958e+00 1.668907155769633888e-01 -1.664960310866402082e+01
2.026669459359632341e+01 1.004262341110870205e+00 -4.594573591164931692e+00 1.004262341110870205e+00 1.119640637905353842e+01 2.854797603501172620e+00 -4.594573591164931692e+00 2.854797603501172620e+00 2.487463780469914809e+01
5.485674718270029393e-01 -1.152391406655506856e+01 2.371888489813462897e+00 -1.152391406655506856e+01 4.587129294449571404e+00 -5.886240326606649198e+00 2.371888489813462897e+00 -5.886240326606649198e+00 1.422534464370472485e+01
2.087530021640441102e+00 -1.328583225995941364e+00 3.169782090844581735e+00 -1.328583225995941364e+00 1.305218927801118411e+01 -9.706332162857953527e-01 3.169782090844581735e+00 -9.706332162857953527e-01 2.107908920574632816e+01
2.371936921319942382e+00 -7.410171066988865407e-01 -5.631119406076161571e-01 -7.410171066988865407e-01 2.011417204333440623e+00 -1.814664997913741695e+00 -5.631119406076161571e-01 -1.814664997913741695e+00 -4.159640928758820522e+00
4.516543660798821302e-01 9.614509232895091628e+00 3.058203920952167199e-01 9.614509232895091628e+00 -1.208820248848939194e+01 -1.063482254538126170e+00 3.058203920952167199e-01 -1.063482254538126170e+00 1.969729750615751485e+01
2.364047865703876639e+01 1.185095878981240247e+01 -1.102462418666691812e+00 1.185095878981240247e+01 2.181583557230841919e+01 -4.719960738528344857e-02 -1.102462418666691812e+00 -4.719960738528344857e-02 1.328732406350668604e+01
1.356928932873446847e+01 1.256372292396446255e+01 -5.488532396015392223e+00 1.256372292396446255e+01 1.663731359947253452e+01 3.213661549753473956e+00 -5.488532396015392223e+00 3.213661549753473956e+00 7.435955246659894158e+00
4.529901045356025335e+00 8.062012388094117910e+00 -6.724887426933919166e+00 8.062012388094117910e+00 -1.749140821026105685e+00 -2.032323967688226318e+00 -6.724887426933919166e+00 -2.032323967688226318e+00 1.503918900714369755e+01
2.242689723350943254e+01 -1.136681702628443924e+00 -1.167757342416302579e+00 -1.136681702628443924e+00 1.754315163894703389e+01 -1.019237745411148532e+00 -1.167757342416302579e+00 -1.019237745411148532e+00 1.824966729011439881e+01
-1.812458464817344961e+01 -1.846798987403744041e+00 -6.158811404458580663e-01 -1.846798987403744041e+00 -1.557920022136218030e+01 -1.357818374002805362e+00 -6.158811404458580663e-01 -1.357818374002805362e+00 8.598522301476082319e+00
2.070969930987272178e+01 2.715388339255475625e+00 -4.424925875876954073e+00 2.715388339255475625e+00 2.198945906236238557e+01 -1.908497569757317436e+00 -4.424925875876954073e+00 -1.908497569757317436e+00 2.569133387713715777e+01
-2.275343253037882008e+01 -7.693520376847935438e+00 2.797596344162311954e+00 -7.693520376847935438e+00 -2.658620996955305316e+01 1.043281509425635134e+00 2.797596344162311954e+00 1.043281509425635134e+00 -2.205658942255861277e+01
1.212107480217575306e+00 5.420929997540170353e-01 -5.099521569726688242e-01 5.420929997540170353e-01 -1.244386958093893369e+01 -8.628750881050208932e+00 -5.099521569726688242e-01 -8.628750881050208932e+00 4.351643134849555672e+00
1.773038402179047068e+01 -8.164533796838417956e+00 7.153957153027428184e+00 -8.164533796838417956e+00 1.709652484129970773e+01 1.422592292856483143e+00 7.153957153027428184e+00 1.422592292856483143e+00 3.126913242779374258e+01
7.308560115145118274e+00 2.158234741644589505e+00 -7.962225939131151620e+00 2.158234741644589505e+00 9.776117801911381022e+00 1.689627380030064518e+00 -7.962225939131151620e+00 1.689627380030064518e+00 3.027295670962694274e+01
-1.459267113545822525e+01 1.569675873357532891e+00 -6.469822900089645668e-01 1.569675873357532891e+00 1.239242011244570385e+01 4.364320140313286522e+00 -6.469822900089645668e-01 4.364320140313286522e+00 3.536175675562526877e+00
2.554063703590500012e+01 -1.323483078371162192e+00 -3.794758176511237036e+00 -1.323483078371162192e+00 2.607937114824300906e+01 -8.090182721356156126e-01 -3.794758176511237036e+00 -8.090182721356156126e-01 2.976336631454179837e+01
2.083336543594645107e+01 -1.431111093478779850e+00 4.077780724172660465e-01 -1.431111093478779850e+00 3.043488501900004550e+01 7.010789772217922156e-02 4.077780724172660465e-01 7.010789772217922156e-02 2.632722708946898749e+01
1.885098000129142548e+01 -3.929545701131055058e+00 9.751724581349144216e+00 -3.929545701131055058e+00 2.437773462196687291e+01 -2.907445045150511120e+01 9.751724581349144216e+00 -2.907445045150511120e+01 4.549629755906236284e+01
2.408161923551956107e+01 -4.627332686721913113e+00 -2.263722885491294079e+00 -4.627332686721913113e+00 1.236484195984090917e+01 -3.334422154300311636e+00 -2.263722885491294079e+00 -3.334422154300311636e+00 1.396475504652660860e+01
3.237866073450663151e+01 6.126002860858498877e+00 -2.174126784915726418e+00 6.126002860858498877e+00 2.249620419413258432e+01 -1.563896884316671398e+00 -2.174126784915726418e+00 -1.563896884316671398e+00 2.828304537015243980e+01
-1.350533625495883572e-01 1.675639885096338988e+00 2.504696201360890218e+00 1.675639885096338988e+00 -3.438469624104949052e+00 -7.965909828887566491e+00 2.504696201360890218e+00 -7.965909828887566491e+00 -2.277029931088350878e+01
