9.425634989216096216e+00 -5.490341001262247111e+00 7.729979360405132560e-01 -5.490341001262247111e+00 7.958702003973041172e+00 -2.492099169736743836e+00 7.729979360405132560e-01 -2.492099169736743836e+00 -2.685842352359273821e+00
1.143534503669168245e+01 1.311812844550700907e+00 -1.609211792312978950e+00 1.311812844550700907e+00 5.705172977929646727e+00 -5.354683637118951012e-01 -1.609211792312978950e+00 -5.354683637118951012e-01 2.680367223724610337e+00
5.792527912218843333e+00 2.660255337909180895e+00 -5.271178727255904431e-03 2.660255337909180895e+00 5.311716649710911398e+00 -4.981112831760251547e-01 -5.271178727255904431e-03 -4.981112831760251547e-01 5.582774477323829920e+00
3.052220703729684015e+00 -4.471981855493697644e+00 1.509825086563996610e+00 -4.471981855493697644e+00 7.747500958156500417e+00 -5.402270296155229357e-01 1.509825086563996610e+00 -5.402270296155229357e-01 1.050007648880499467e+00
1.174116142156504949e+01 -4.028334200512464491e+00 5.143670522894838726e+00 -4.028334200512464491e+00 5.693652636417136037e+00 -1.422678910484016290e+00 5.143670522894838726e+00 -1.422678910484016290e+00 -3.120545488125774369e+00
3.320408417695166747e+01 -2.338604106981791553e+00 6.235545882168744836e-01 -2.338604106981791553e+00 3.329907111571052525e+01 2.085498771813392604e+00 6.235545882168744836e-01 2.085498771813392604e+00 1.956705992871703970e+01
3.517397657212821382e+00 1.995801656174203131e+00 -8.057519101561727570e-01 1.995801656174203131e+00 4.014368693660983922e+00 5.610910897382640483e-01 -8.057519101561727570e-01 5.610910897382640483e-01 2.351996189409292004e+00
3.598414200128972595e+01 -4.488867884323194168e+00 4.104793432121160990e+00 -4.488867884323194168e+00 2.742092354256747555e+01 -4.881947749709752316e+00 4.104793432121160990e+00 -4.881947749709752316e+00 2.910969436115657416e+01
9.715035834571203566e+00 5.710237321771087782e-01 2.416796120701983075e-01 5.710237321771087782e-01 1.257149985869093278e+01 8.738024258069284622e-01 2.416796120701983075e-01 8.738024258069284622e-01 6.790544008283109001e+00
2.425646420450794949e+01 4.666244891199425204e+00 -2.233013057274714885e+00 4.666244891199425204e+00 7.895387696857929960e+00 1.494529686720930783e+00 -2.233013057274714885e+00 1.494529686720930783e+00 7.556404497769219297e+00
1.387953990313761388e+01 4.083456169164107585e+00 3.006342587591720239e+00 4.083456169164107585e+00 8.074166706553910444e+00 5.559335877344855348e+00 3.006342587591720239e+00 5.559335877344855348e+00 -1.991575063164563453e+00
5.178619361982416791e+00 5.949664658754292290e+00 4.064840010511770352e+00 5.949664658754292290e+00 -1.644558178262103709e+00 5.336692504904700485e+00 4.064840010511770352e+00 5.336692504904700485e+00 8.799566682095047554e+00
7.722809091639123658e+00 5.000852593267929302e-01 7.119170834198546016e-01 5.000852593267929302e-01 9.880161547451951520e+00 1.802253429060611811e-01 7.119170834198546016e-01 1.802253429060611811e-01 4.528877585090126168e+00
1.420190227950911499e+01 -5.729725987929555231e+00 1.802500120291201213e+00 -5.729725987929555231e+00 1.147386025294596301e+01 -1.118343583696509214e+00 1.802500120291201213e+00 -1.118343583696509214e+00 1.125730261549426814e+01
1.006383815526208370e+00 -5.433264962339647397e+00 -5.086329299144178862e+00 -5.433264962339647397e+00 -2.232963143358936975e+00 -3.777703338505359110e+00 -5.086329299144178862e+00 -3.777703338505359110e+00 -5.523209786218282069e+00
4.837438909578300361e+00 -2.540600086424951165e-01 2.585298827389069132e+00 -2.540600086424951165e-01 6.075670748602282067e+00 2.273520909106043764e+00 2.585298827389069132e+00 2.273520909106043764e+00 2.034943428636104112e+00
2.107521592428419055e+01 5.478943205957860663e+00 -1.906491898813915897e+00 5.478943205957860663e+00 2.389069584113736155e+01 2.533945794228749548e+00 -1.906491898813915897e+00 2.533945794228749548e+00 3.390201103337572164e+01
9.092707064028259234e-01 -4.957666016512484397e+00 -6.800268186495906697e+00 -4.957666016512484397e+00 4.098771880972248205e+00 -2.235884434079214333e+00 -6.800268186495906697e+00 -2.235884434079214333e+00 1.309090997304450665e+00
1.422805835399559449e+01 -5.806884065313480114e+00 7.447294689233462384e-01 -5.806884065313480114e+00 1.145959945771504707e+01 1.044018666236314064e-01 7.447294689233462384e-01 1.044018666236314064e-01 1.071776468010289385e+01
2.054127626191003131e+01 -5.188387622314268199e+00 2.200007435131408506e+00 -5.188387622314268199e+00 1.929865026797285310e+01 -4.056968563865637201e+00 2.200007435131408506e+00 -4.056968563865637201e+00 3.044179146777564959e+00
7.915330845151157924e+00 -6.611844052945433425e+00 7.345204298249125685e+00 -6.611844052945433425e+00 3.837475039126011733e+00 -4.237237863181742448e+00 7.345204298249125685e+00 -4.237237863181742448e+00 3.554977146430113866e+00
1.836733290436523802e+01 -1.909516082526961256e+00 3.092762741166017459e+00 -1.909516082526961256e+00 1.006241832125434321e+01 -1.872965990658339797e+00 3.092762741166017459e+00 -1.872965990658339797e+00 2.135039629886064105e+01
1.732596929383049300e+01 -4.361345507841362767e+00 1.381632112384994837e+00 -4.361345507841362767e+00 1.417597904138453302e+01 1.059329183829320398e+00 1.381632112384994837e+00 1.059329183829320398e+00 2.834556542265022294e+00
-1.339855652523542995e+00 -1.541625773959336199e+00 2.758670168727226812e+00 -1.541625773959336199e+00 8.992175411135578944e-01 -2.675403890425452680e+00 2.758670168727226812e+00 -2.675403890425452680e+00 -1.363119020882971277e+01
1.532990090844340614e+01 -2.360897068776344199e+00 3.856781214663214552e+00 -2.360897068776344199e+00 2.382584131522542226e+00 -2.865209978293388637e+00 3.856781214663214552e+00 -2.865209978293388637e+00 1.901127730394188475e+01
1.046623312821135521e+01 -1.214598983405920762e+00 1.355183600176137704e+00 -1.214598983405920762e+00 9.953060197883498716e+00 -8.272387637867948396e-01 1.355183600176137704e+00 -8.272387637867948396e-01 4.242747539376678034e+00
8.765848569548960967e+00 5.858481153696124544e+00 4.805366937166087205e+00 5.858481153696124544e+00 9.046644167501607825e+00 3.130156054131622678e+00 4.805366937166087205e+00 3.130156054131622678e+00 5.044959485649937569e+00
1.219586231709345192e+01 1.289067549068484908e+01 -5.989676908649737896e+00 1.289067549068484908e+01 1.595495954340751510e+01 -6.041844451691218865e+00 -5.989676908649737896e+00 -6.041844451691218865e+00 2.033005010194937512e+01
8.440936628604429615e+00 -9.957857564349815505e+00 -2.656623629693201760e+00 -9.957857564349815505e+00 5.829917475418744388e+00 -8.425508471328806426e-01 -2.656623629693201760e+00 -8.425508471328806426e-01 5.295005468783396729e+00
9.023226965524278498e+00 1.915034628496271873e-01 -1.602409825834704218e-02 1.915034628496271873e-01 2.584862860775479554e+00 -1.540274646209967679e+00 -1.602409825834704218e-02 -1.540274646209967679e+00 -3.044502764382883253e+00
2.873298017272081495e+01 -5.383845474682248167e+00 -2.517885603410661699e-01 -5.383845474682248167e+00 2.157927877753400736e+01 2.203130864926931665e+00 -2.517885603410661699e-01 2.203130864926931665e+00 1.114838961342995738e+01
4.265611035600095136e+00 -8.211010826146971642e-01 -6.931985598102251345e+00 -8.211010826146971642e-01 4.507711352576166952e+00 -8.778681904349378229e+00 -6.931985598102251345e+00 -8.778681904349378229e+00 -2.800859132969895970e+00
-1.437003296708747158e+01 7.223272534123004185e+00 -6.522718471544627583e+00 7.223272534123004185e+00 -7.233023156447031532e+00 4.169158809059296256e-01 -6.522718471544627583e+00 4.169158809059296256e-01 -2.805932662050570059e+01
1.163841231094962403e+01 4.785952775749154675e+00 -2.246154768967095983e+00 4.785952775749154675e+00 2.892648366202613008e+00 -1.033489787930825576e+00 -2.246154768967095983e+00 -1.033489787930825576e+00 1.301267139284199637e+01
-1.304919984965251523e+01 1.139070910160698169e+00 4.092909427667159150e+00 1.139070910160698169e+00 -2.480955662414133123e+00 -4.186452825882685858e+00 4.092909427667159150e+00 -4.186452825882685858e+00 -6.271893603918429427e+00
2.290606478234174403e+00 3.484539625781164496e+00 -2.688682567898686759e+00 3.484539625781164496e+00 2.595208446835959748e+00 7.598787005679760176e-01 -2.688682567898686759e+00 7.598787005679760176e-01 1.015828372216326825e+00
-2.182397468423767251e+00 -1.443889284523430128e+00 -6.285004061281114218e+00 -1.443889284523430128e+00 3.403713392496916956e+00 -3.021302881475674607e+00 -6.285004061281114218e+00 -3.021302881475674607e+00 9.096095690272978374e+00
1.393956369675516882e+01 -5.424457746351517784e+00 1.764382569326711447e+00 -5.424457746351517784e+00 1.162083087566867867e+01 -7.353087374956077671e-01 1.764382569326711447e+00 -7.353087374956077671e-01 9.216707105567888192e+00
1.029434406473711761e+01 9.939488372942938410e-01 -5.646645491371513614e-01 9.939488372942938410e-01 5.926270723431626308e+00 3.226947405967583310e-02 -5.646645491371513614e-01 3.226947405967583310e-02 4.775415914460856115e+00
-6.551887193879660565e+00 2.754307003485583216e+00 -4.154157236599001379e+00 2.754307003485583216e+00 -9.850222784027516942e-01 1.444108233111832895e+00 -4.154157236599001379e+00 1.444108233111832895e+00 -8.028493873509853884e+00
6.754618214373954821e+00 -2.750084925056291985e-01 -8.390010223816123380e-01 -2.750084925056291985e-01 9.587752407763440843e+00 -6.436649946175277970e-01 -8.390010223816123380e-01 -6.436649946175277970e-01 4.583293304900697862e+00
2.008417902874945682e+01 -1.756095116496745545e+00 1.672795590449375203e-01 -1.756095116496745545e+00 1.979019415982519448e+01 8.012597797416789458e-01 1.672795590449375203e-01 8.012597797416789458e-01 1.582319062653118458e+01
6.194428621221704567e+00 -2.428141213868258763e+00 -4.030836843469972619e-01 -2.428141213868258763e+00 6.005326630542293209e+00 -1.331541393965388898e-01 -4.030836843469972619e-01 -1.331541393965388898e-01 -4.578241084113833459e+00
7.580763844997918888e+00 3.029239968287236628e+00 5.263491776805675038e+00 3.029239968287236628e+00 -2.161415578643115065e+00 4.564346856181662471e-01 5.263491776805675038e+00 4.564346856181662471e-01 1.063065425471774716e+01
5.916793587140322330e+00 -6.951482208503101390e-01 -2.019429357158764926e+00 -6.951482208503101390e-01 7.800060077757383858e+00 -1.251376050341314050e+00 -2.019429357158764926e+00 -1.251376050341314050e+00 4.176755112542813286e+00
1.430694662883585622e+01 4.117358451159549126e+00 -4.503121787365139461e+00 4.117358451159549126e+00 1.151201036675964495e+01 1.508123891756083301e+00 -4.503121787365139461e+00 1.508123891756083301e+00 2.838684378482708492e+00
1.404388137573551276e+01 2.223615069561898583e+00 4.761671795706913457e+00 2.223615069561898583e+00 1.035717566348908036e+01 2.572827237993685845e+00 4.761671795706913457e+00 2.572827237993685845e+00 7.975850124907796435e+00
3.687133797579959804e+01 -1.723801387472521318e+00 1.418764449050461618e+00 -1.723801387472521318e+00 2.279726083113640556e+01 -2.985155494280548716e+00 1.418764449050461618e+00 -2.985155494280548716e+00 1.263663516839286771e+01
8.262561901060244907e+00 1.068048847151439773e+00 -6.783361769725767765e+00 1.068048847151439773e+00 2.084859018251085061e+01 -2.190213660110560956e-01 -6.783361769725767765e+00 -2.190213660110560956e-01 2.268136606450620363e+01
2.063267626604504201e+01 -4.009295755708756383e-03 4.947189538917659557e-01 -4.009295755708756383e-03 1.626153512734985540e+01 -6.590663883148527302e-02 4.947189538917659557e-01 -6.590663883148527302e-02 4.673275166355987942e+00
