6.440065220879904739e-01 -9.448061276468621150e-01 -1.888391652157949574e+00 -9.448061276468621150e-01 -1.795088649625065358e+01 5.941142453703699644e+00 -1.888391652157949574e+00 5.941142453703699644e+00 -1.401522958661657547e+01
8.325174652860312108e+00 3.807645097990870031e+00 1.872434276068674075e+00 3.807645097990870031e+00 1.604010005554762941e+01 -2.538877487191406157e+00 1.872434276068674075e+00 -2.538877487191406157e+00 1.063661560637496528e+01
-1.394318428178753955e+01 4.327038247729680265e+00 1.028793366862899905e+00 4.327038247729680265e+00 -9.972481706763455023e+00 -4.395590885240532320e-01 1.028793366862899905e+00 -4.395590885240532320e-01 -1.137618096914851229e+01
6.821782707313230887e+00 -4.177966538185813761e+00 -3.095623260469876126e+00 -4.177966538185813761e+00 7.243902142262660604e+00 -8.556608525616723471e-01 -3.095623260469876126e+00 -8.556608525616723471e-01 1.908035317388264929e+01
2.169965121888101933e+01 3.162029916600228585e-01 2.896196985512896394e+00 3.162029916600228585e-01 1.912619331785485954e+01 6.329042818112881719e+00 2.896196985512896394e+00 6.329042818112881719e+00 1.816689421028930695e+01
-1.638810435847688751e+01 4.649795589587084055e-01 2.183726852721971312e+00 4.649795589587084055e-01 -1.473617100415130388e+01 1.720922210318171164e+00 2.183726852721971312e+00 1.720922210318171164e+00 -1.007594838687265160e+01
-3.362826788447888238e-02 1.968058092865879072e+00 -5.215067847517039112e+00 1.968058092865879072e+00 -2.125419690527498850e-01 1.659516890022060709e+00 -5.215067847517039112e+00 1.659516890022060709e+00 -6.304478586681164565e+00
-5.370333263131873425e-01 4.558480144489138297e+00 4.909503952425293138e-01 4.558480144489138297e+00 -6.561591072932778657e-01 8.842454933024074260e-01 4.909503952425293138e-01 8.842454933024074260e-01 1.122959348742676333e+01
5.303885733349412712e-01 1.806476292182748467e-01 -9.765049641148002557e-01 1.806476292182748467e-01 -1.604654542967060893e+00 7.838739288207792200e-01 -9.765049641148002557e-01 7.838739288207792200e-01 -2.168174273608041158e+00
5.666716224355144993e-01 -7.797184727071356791e-01 1.445013836312560307e-01 -7.797184727071356791e-01 -1.303968264640886110e+00 6.231013624833694475e-01 1.445013836312560307e-01 6.231013624833694475e-01 -3.341614281655771013e+00
-5.010636811254741474e+00 7.817711739649739755e-01 5.059052569460552595e-01 7.817711739649739755e-01 -2.871628469075025336e+00 2.432890041754628419e-01 5.059052569460552595e-01 2.432890041754628419e-01 -3.537573566109352363e+00
-3.157448643189385784e+00 8.788006673829082960e-01 5.173947835450017907e-01 8.788006673829082960e-01 -5.763771125992254163e+00 7.185705892615427137e-01 5.173947835450017907e-01 7.185705892615427137e-01 -4.417665537896664496e+00
-7.564848199834087517e+00 -1.387733558958827995e+00 -6.341154788913382356e-01 -1.387733558958827995e+00 -6.490311811302544420e+00 -3.457494494928849832e-02 -6.341154788913382356e-01 -3.457494494928849832e-02 -7.704317333345247931e+00
9.917594412805167181e+00 -7.510637061672471582e-01 -1.100194470804903402e+00 -7.510637061672471582e-01 9.598987228120428483e+00 2.979794630116781168e-02 -1.100194470804903402e+00 2.979794630116781168e-02 7.753773649917227395e+00
3.048264630343941128e+00 3.533374966175671372e-01 9.874991711192669941e-01 3.533374966175671372e-01 5.080013865297410725e+00 -9.424978475434591108e-01 9.874991711192669941e-01 -9.424978475434591108e-01 5.214750154308559260e+00
3.416848476886337949e+01 2.723218961145704053e+00 3.043977815857815017e+00 2.723218961145704053e+00 2.746230895671154215e+01 6.898185285392043342e-01 3.043977815857815017e+00 6.898185285392043342e-01 1.772467419208104289e+01
-1.200381579694509782e+01 1.526264683743536743e-01 1.335124877809826804e+00 1.526264683743536743e-01 -1.274972078541412479e+01 -1.888433243897533753e+00 1.335124877809826804e+00 -1.888433243897533753e+00 -8.553221313343206234e+00
4.255008993367056291e+00 4.507989297269400453e+00 -7.382039107820114188e-01 4.507989297269400453e+00 9.607475709186510393e-01 -2.961877818776811111e+00 -7.382039107820114188e-01 -2.961877818776811111e+00 -7.056015688176990430e+00
4.563209467275166076e-01 7.319601820155809957e-01 1.149458768254994601e+00 7.319601820155809957e-01 3.029407426897818834e+00 4.018107173180659464e-01 1.149458768254994601e+00 4.018107173180659464e-01 4.385280389190581829e+00
-2.609717502614311568e-01 -1.143796424665773248e+00 -1.974639933834472449e+00 -1.143796424665773248e+00 -1.852096989624976431e-01 1.065131227324463969e+00 -1.974639933834472449e+00 1.065131227324463969e+00 -4.244509699364418243e-01
1.079094184894420572e+01 2.862899738264358618e+00 -2.450178588956586356e+00 2.862899738264358618e+00 9.641409800815800679e+00 1.073335473060700984e+00 -2.450178588956586356e+00 1.073335473060700984e+00 5.389721719385116572e+00
-1.621082815069779315e+01 1.662023775126985903e-01 -4.748253330328827126e-01 1.662023775126985903e-01 -1.920166028885498832e+01 -1.604027701469003642e+00 -4.748253330328827126e-01 -1.604027701469003642e+00 -7.793674762115064603e+00
-1.337406642667352408e+01 7.675989094088021325e+00 3.256108982087000836e+00 7.675989094088021325e+00 -2.260470621811109027e+01 8.579910637930864281e-01 3.256108982087000836e+00 8.579910637930864281e-01 -3.497598887704261017e+01
1.288872375100937051e-01 -4.040377632502266891e+00 -8.493146613764456232e-01 -4.040377632502266891e+00 2.578794207630547675e+00 5.152142711337363151e-02 -8.493146613764456232e-01 5.152142711337363151e-02 -3.599949753620515502e-01
-2.805665273923131764e+01 2.404721345798769561e-01 5.579149970280790072e-01 2.404721345798769561e-01 -2.779752583758190809e+01 -5.603809914491667543e-01 5.579149970280790072e-01 -5.603809914491667543e-01 -2.667222943923067646e+01
-4.284325914577828520e+00 6.905844241911838211e-01 6.306134230624598214e-01 6.905844241911838211e-01 -2.442596619934398472e+00 -2.039735855842561285e-01 6.306134230624598214e-01 -2.039735855842561285e-01 -2.163443339214009775e+00
-9.014817261993544051e+00 2.902548821561250048e+00 5.506616486162661417e+00 2.902548821561250048e+00 1.365546868380474566e+00 -4.934788987682390271e+00 5.506616486162661417e+00 -4.934788987682390271e+00 1.397028685625703315e-01
6.287915726026133356e+00 -6.785818554591660501e-01 2.655360753165260768e+00 -6.785818554591660501e-01 7.740170371999545829e+00 3.754740910671686138e-01 2.655360753165260768e+00 3.754740910671686138e-01 4.714951172025601878e+00
1.681024548559392651e+00 4.262327924039507998e+00 1.875885339413731145e+00 4.262327924039507998e+00 2.658547716704023678e+00 -4.247155399638364304e-01 1.875885339413731145e+00 -4.247155399638364304e-01 -2.475078912945500420e+00
-4.970699787581993156e+00 -9.497981102562539357e-01 2.966365065782591501e-02 -9.497981102562539357e-01 -4.942661940141038102e+00 1.000442364331799894e+00 2.966365065782591501e-02 1.000442364331799894e+00 -5.659887932483842476e+00
-1.837610336907612663e+01 4.259475702106268358e+00 -1.742102504209595837e-01 4.259475702106268358e+00 -1.878882999237701767e+01 -2.607416056187034314e+00 -1.742102504209595837e-01 -2.607416056187034314e+00 -2.107137588559480790e+01
-4.467279814186191800e+00 -8.818921121332358171e-01 1.609995537421208933e+00 -8.818921121332358171e-01 -5.300636688074803260e+00 1.742743675733380959e+00 1.609995537421208933e+00 1.742743675733380959e+00 -2.525452564078026985e+00
-2.021027531188569260e+00 -9.763868453140394088e-01 -1.137973161740930411e-01 -9.763868453140394088e-01 -2.071882767658231650e+00 -9.098971736287153611e-01 -1.137973161740930411e-01 -9.098971736287153611e-01 -3.328892803064710915e+00
9.223060241959815997e+00 1.024924071517547830e+00 7.657180910295004139e+00 1.024924071517547830e+00 3.674900637882764443e+00 1.367897757971717976e+00 7.657180910295004139e+00 1.367897757971717976e+00 1.036137456673237978e+01
-3.665350932271352669e+00 -2.039328504121513674e+00 -2.735346588338379292e-01 -2.039328504121513674e+00 -1.286588230895817420e+00 -2.099174076753535512e-01 -2.735346588338379292e-01 -2.099174076753535512e-01 -4.065013895055612281e+00
-1.850748960966040468e-01 4.765726521351827394e-01 -4.211892292125953285e-01 4.765726521351827394e-01 -9.433137997510367967e-01 -5.046407464810252069e-03 -4.211892292125953285e-01 -5.046407464810252069e-03 -1.117212281785434191e+00
1.008698970513063564e+00 -7.168104574339328572e+00 -6.710354408197964915e+00 -7.168104574339328572e+00 -9.471468040291714630e+00 8.359676303649561380e-01 -6.710354408197964915e+00 8.359676303649561380e-01 -1.550883940566971830e+01
6.842069560947883211e-01 -3.032607908747581016e-01 -3.325106430771882948e+00 -3.032607908747581016e-01 5.739235217866995420e+00 1.102428675329737207e+00 -3.325106430771882948e+00 1.102428675329737207e+00 -4.116122325179937924e+00
1.187719295171540956e+01 -6.841769435429742252e+00 -2.088632125452986266e+00 -6.841769435429742252e+00 2.120929307314106893e+01 3.980873282150418357e-01 -2.088632125452986266e+00 3.980873282150418357e-01 2.341469072367546644e+01
2.209703922741680771e+01 2.844506364576197210e+00 -1.919718787608163391e+00 2.844506364576197210e+00 2.690041361187636326e+01 -3.545935727382500069e+00 -1.919718787608163391e+00 -3.545935727382500069e+00 4.014327082475982245e+00
4.569804219130719325e+00 9.013400861906373240e-02 -9.357024292086318917e-01 9.013400861906373240e-02 4.055761820645180649e+00 1.042302222336525669e-01 -9.357024292086318917e-01 1.042302222336525669e-01 1.189389116952283443e+00
-1.289288092070542646e+01 8.000188440649038668e-01 6.137971583229760997e-01 8.000188440649038668e-01 -1.675993404460994896e+01 -5.973519478390896253e-01 6.137971583229760997e-01 -5.973519478390896253e-01 -7.487094844038028718e+00
2.654293779491881722e+01 -6.545485311619056112e+00 2.299438746504326669e+00 -6.545485311619056112e+00 2.558387874146058749e+01 8.568757696488065179e-01 2.299438746504326669e+00 8.568757696488065179e-01 2.270294862497497590e+01
-2.525910963833361222e+00 1.562917770211064594e+00 1.526035048976942088e+00 1.562917770211064594e+00 1.042701973164121387e+00 -1.464272959665890994e+00 1.526035048976942088e+00 -1.464272959665890994e+00 -2.699718934154471839e+00
1.558485402734365799e+01 1.239867515244195362e+00 7.725566138985956455e-02 1.239867515244195362e+00 2.253794811063265513e+01 1.587627212509010732e-01 7.725566138985956455e-02 1.587627212509010732e-01 1.664770599397808581e+01
-5.081148072056903553e-01 1.235905832312401031e+00 8.304384231602972566e-01 1.235905832312401031e+00 -1.862466029412219282e+00 7.202599538939993273e-01 8.304384231602972566e-01 7.202599538939993273e-01 -8.218886679038548415e-01
-1.109690542826609416e+01 1.343336353576563669e+00 2.525892664394298048e+00 1.343336353576563669e+00 -2.164315499838467005e+01 1.778757659599001784e+00 2.525892664394298048e+00 1.778757659599001784e+00 -2.241149394266781414e+01
2.429419961545447926e+00 -1.180333215722641160e+00 1.072491263391556066e-01 -1.180333215722641160e+00 3.111274608664592822e+00 -1.198317984971780659e-01 1.072491263391556066e-01 -1.198317984971780659e-01 1.760090846729680969e+00
-2.825655748424105695e+01 3.116725897512611532e+00 -5.822572396381833215e+00 3.116725897512611532e+00 -2.760004397252072295e+01 -1.398031278908738351e+00 -5.822572396381833215e+00 -1.398031278908738351e+00 -2.378885433655347370e+01
4.633124141075721347e+00 -2.718073660504931599e+00 -6.401193366554341901e-01 -2.718073660504931599e+00 5.182240410222687110e+00 -1.778898511079716416e+00 -6.401193366554341901e-01 -1.778898511079716416e+00 -2.124210465524590141e+00
