6.251700381124431161e+00 -9.187332998515821414e-01 -4.441452404135321608e+00 -9.187332998515821414e-01 6.140307964356374271e+00 -8.961629873208593722e+00 -4.441452404135321608e+00 -8.961629873208593722e+00 -3.451100533347895905e+00
-6.685036540390730586e+00 1.825492695097923779e+00 2.706005775930727886e+00 1.825492695097923779e+00 3.683139225500678959e-01 9.771874629296529724e-01 2.706005775930727886e+00 9.771874629296529724e-01 -9.730026984553452607e+00
9.007496582375765115e+00 -4.170529940976270389e+00 4.869069417392823063e+00 -4.170529940976270389e+00 2.061299182296631471e+01 -4.703570829044402934e+00 4.869069417392823063e+00 -4.703570829044402934e+00 -3.322181794474366967e+01
2.027342622675789841e+01 -1.290390807615017510e-01 2.895830617016087238e+00 -1.290390807615017510e-01 -5.900669311228281977e+00 5.758404856834287600e+00 2.895830617016087238e+00 5.758404856834287600e+00 -4.361343294505740431e+01
-8.727380454880364624e+00 -8.694497406641220394e+00 -4.109264796021629529e+00 -8.694497406641220394e+00 1.792020197490315425e+01 8.427009193005540411e+00 -4.109264796021629529e+00 8.427009193005540411e+00 -3.741372452403326498e+00
1.349465812100722850e+01 -1.213418274730184265e+01 -7.364294252187963963e+00 -1.213418274730184265e+01 1.529491081851911538e+01 9.837708794596028428e-01 -7.364294252187963963e+00 9.837708794596028428e-01 1.202241915548686091e+00
5.490455638061746413e+00 -3.707107159157956744e+00 1.489638122029595335e+00 -3.707107159157956744e+00 -2.892672422624168860e+01 -8.295424772797915125e+00 1.489638122029595335e+00 -8.295424772797915125e+00 -4.567317275162372958e+00
-1.206455490607184045e+00 4.629566343858423139e+00 1.770483190313901778e-01 4.629566343858423139e+00 1.233758189851423914e+01 3.040561455192432039e-01 1.770483190313901778e-01 3.040561455192432039e-01 -2.653295201821197580e+01
3.378887094845502315e+00 -5.464537775889989568e+00 4.349841270298099083e+00 -5.464537775889989568e+00 5.659307161806177433e+00 1.913124821190931302e+00 4.349841270298099083e+00 1.913124821190931302e+00 -1.266561401300430312e+01
1.105038758838319701e+01 6.035449006001534222e+00 -3.246168847942507263e+00 6.035449006001534222e+00 9.620072423837299880e+00 1.286508813135488927e+00 -3.246168847942507263e+00 1.286508813135488927e+00 -2.152337545729903567e+01
2.645320224114285423e+01 -7.101550249162844608e-01 -1.302488777444470447e+00 -7.101550249162844608e-01 1.850467281889527982e+01 1.874726644579946200e+00 -1.302488777444470447e+00 1.874726644579946200e+00 2.066238280778754444e+01
2.162476781890505606e+01 -3.352530375169088028e+00 -2.685410760929670460e+00 -3.352530375169088028e+00 2.513956062286522908e+01 1.568471000360241785e+00 -2.685410760929670460e+00 1.568471000360241785e+00 -3.821802457600192326e+01
-1.005526441461197784e+01 9.326555793434696540e+00 2.128478449191447019e+00 9.326555793434696540e+00 -1.268926611045490382e+01 -1.597589855696347261e+00 2.128478449191447019e+00 -1.597589855696347261e+00 -6.511053775513730102e+00
-1.665449463073416325e+01 -3.415732212811080526e+00 2.142086508229081865e+00 -3.415732212811080526e+00 6.889400439588184710e+00 7.425144796685577475e+00 2.142086508229081865e+00 7.425144796685577475e+00 -1.699587099796510259e+01
-1.586221282777198383e+01 -6.877127635798859551e+00 -4.931198143253876509e-01 -6.877127635798859551e+00 6.266300011009424686e+00 9.920678607544486383e+00 -4.931198143253876509e-01 9.920678607544486383e+00 -2.179316952923942452e+01
2.418415546932962457e+01 -1.036078333669406248e+01 4.294080662800913828e+00 -1.036078333669406248e+01 2.536776352727029860e+01 3.257502825491544574e+00 4.294080662800913828e+00 3.257502825491544574e+00 -1.550259435398401742e+01
9.481619296486659465e+00 -1.614707472599866733e+01 -4.446637319825434531e+00 -1.614707472599866733e+01 1.246509057155586930e+01 1.827651272022947415e+00 -4.446637319825434531e+00 1.827651272022947415e+00 -1.345566448722183672e+01
3.622744223771384053e+00 5.586061241300867009e-01 -6.147101177174858933e+00 5.586061241300867009e-01 -5.488483304213038316e+00 9.924577762299265915e-01 -6.147101177174858933e+00 9.924577762299265915e-01 1.075029472532299124e+01
-1.998592351162873371e+01 7.503655887940970715e+00 5.342264395867150073e-01 7.503655887940970715e+00 -1.813577989720700145e+01 -2.733381117625404144e+00 5.342264395867150073e-01 -2.733381117625404144e+00 9.309422184225971009e+00
-3.126533018628013139e+01 -3.585612679810644465e+00 -2.814055753606653720e+00 -3.585612679810644465e+00 -4.013810594745310567e+01 7.631549828526635437e+00 -2.814055753606653720e+00 7.631549828526635437e+00 -9.159593706242457500e+00
-1.275955501457189634e+01 5.321167611215240179e+00 1.065013129192390728e+01 5.321167611215240179e+00 -1.440650182182976557e+01 -2.474938051242760562e+00 1.065013129192390728e+01 -2.474938051242760562e+00 -1.893978635256954846e+01
