1.087730101671444416e+01 -9.013517934565300038e+00 1.170100844972039589e+00 -9.013517934565300038e+00 2.133921143460845471e+01 1.988626073822979290e+00 1.170100844972039589e+00 1.988626073822979290e+00 1.054995472336776885e+01
2.701150124328750124e+01 1.619076504517831472e+00 1.945788219119160223e+00 1.619076504517831472e+00 4.327518238099639092e+01 -5.364951457155552106e+00 1.945788219119160223e+00 -5.364951457155552106e+00 3.005848640220265722e+01
4.345266931849214842e+01 -7.097363589823051377e-01 1.219047294702573758e+01 -7.097363589823051377e-01 5.475807274827876370e+01 -1.749984130509889724e+01 1.219047294702573758e+01 -1.749984130509889724e+01 1.611254387461821835e+01
4.899937629338688083e+01 -5.537144463014793239e+00 3.392513097918987253e+00 -5.537144463014793239e+00 3.812418535739799097e+01 4.137338509599841174e+00 3.392513097918987253e+00 4.137338509599841174e+00 3.628357994796878216e+01
2.502752974510717721e+01 8.368517275867213279e-01 2.919412729728282585e+00 8.368517275867213279e-01 4.430493464482128729e+01 -5.523137816122378752e+00 2.919412729728282585e+00 -5.523137816122378752e+00 2.894378169096974318e+01
2.004233665767788963e+01 -2.436068353015153320e+01 -1.189074580351495669e+01 -2.436068353015153320e+01 3.666892122136766119e+01 -1.565762346390426663e+00 -1.189074580351495669e+01 -1.565762346390426663e+00 3.492397760413170715e+01
2.471278462302215928e+01 6.085581140459908056e-01 3.070116094731787815e+00 6.085581140459908056e-01 4.438318955566008839e+01 -5.410197914511680750e+00 3.070116094731787815e+00 -5.410197914511680750e+00 2.882903975413521280e+01
-4.946887153466904330e+00 -9.561015695644453416e+00 -4.335989768474892259e+00 -9.561015695644453416e+00 1.269863146070817450e+01 6.151900474870378721e-01 -4.335989768474892259e+00 6.151900474870378721e-01 3.023965808442935455e+01
9.972378554504803816e+00 -1.896682756482222132e+01 -5.093356941916818315e+00 -1.896682756482222132e+01 8.353566519916066468e+00 6.127816348069944574e+00 -5.093356941916818315e+00 6.127816348069944574e+00 2.893657114329781876e+01
-6.859140176761676422e+00 -2.638074929504776733e+00 -2.521612458039811600e+01 -2.638074929504776733e+00 1.298510364640932835e+01 5.452691253944228045e+00 -2.521612458039811600e+01 5.452691253944228045e+00 -1.226196873452033174e+02
-2.792433889986826401e+00 -9.866976714034648710e-01 6.846852921080188725e-01 -9.866976714034648710e-01 4.364358500989311551e+01 -1.619752087655573547e+01 6.846852921080188725e-01 -1.619752087655573547e+01 3.079744462115687398e+01
1.786519863150488874e+01 -3.591436957050088696e-01 3.197075561101684116e+00 -3.591436957050088696e-01 2.567197021799848500e+01 -1.534581909638974118e+01 3.197075561101684116e+00 -1.534581909638974118e+01 2.766377699231211196e+01
-1.225278998074012691e+02 4.697692741913149206e+01 1.123607209088961234e+01 4.697692741913149206e+01 -3.133512957011830835e+01 -3.474934903071252990e+01 1.123607209088961234e+01 -3.474934903071252990e+01 -3.244481773861539153e+01
4.589770680061963049e+01 1.456329989561356264e+01 4.390198839246523654e+00 1.456329989561356264e+01 -1.425714858112757888e+00 1.839117399798726638e+01 4.390198839246523654e+00 1.839117399798726638e+01 1.918184929556465690e+01
5.205452694656809598e+01 -4.819683439162631977e+00 -4.797856174351793790e+00 -4.819683439162631977e+00 4.442710690661892414e+01 -3.981095756132020380e+00 -4.797856174351793790e+00 -3.981095756132020380e+00 4.388606886615682612e+01
2.197870235390193017e+01 -1.188480906554619310e+01 -2.348110131423095659e+00 -1.188480906554619310e+01 1.792250465920458069e+01 2.597842330886694029e+00 -2.348110131423095659e+00 2.597842330886694029e+00 1.575150528937347305e+00
3.200480087250243599e+01 -1.761273990940498413e-01 -1.000788096756711321e+00 -1.761273990940498413e-01 1.316136281598943292e+01 -8.129512223767973111e+00 -1.000788096756711321e+00 -8.129512223767973111e+00 1.166112141319774764e+01
3.495160507989207588e+01 2.240256517676680215e+00 -2.936161470041768751e-01 2.240256517676680215e+00 4.285251067062122843e+01 -3.854040975190777818e+00 -2.936161470041768751e-01 -3.854040975190777818e+00 3.509567063464834291e+01
9.970496731487706654e+00 -2.880423285028788527e+01 -1.612078026340529746e+01 -2.880423285028788527e+01 -2.128787804867469191e+01 1.016889667173648171e+01 -1.612078026340529746e+01 1.016889667173648171e+01 2.798136308077687673e+01
1.435562489270480135e+01 -3.090425644764330571e+00 9.869987480177518924e-01 -3.090425644764330571e+00 3.403920928617502284e+01 -1.124970342295899783e+01 9.869987480177518924e-01 -1.124970342295899783e+01 1.712136696292117222e+01
3.898680407356954447e+01 5.312665753388961853e+00 7.763748304379954890e-01 5.312665753388961853e+00 2.076423160581925664e+00 7.104785980058572759e-02 7.763748304379954890e-01 7.104785980058572759e-02 -1.576377962873892313e+00
2.492126813167061883e+01 8.265225773703377410e-01 2.785716477881146957e+00 8.265225773703377410e-01 4.430161469589666723e+01 -5.464179682906732616e+00 2.785716477881146957e+00 -5.464179682906732616e+00 2.913675247380307098e+01
5.351247343582647176e+01 2.755876028155187729e+00 -1.625373341112446468e+01 2.755876028155187729e+00 1.035515068757412216e+01 -1.413216067051492386e+00 -1.625373341112446468e+01 -1.413216067051492386e+00 2.536205126884359373e+01
2.053022918025998322e+01 -2.068390387627605165e+01 -6.819167977867038211e+00 -2.068390387627605165e+01 3.835271561429372156e+01 -1.426070782148685545e+01 -6.819167977867038211e+00 -1.426070782148685545e+01 3.952801241689995493e+01
2.486360320894103637e+01 8.087595163007613719e-01 2.717187825674619805e+00 8.087595163007613719e-01 4.431153711319416999e+01 -5.423410548146685883e+00 2.717187825674619805e+00 -5.423410548146685883e+00 2.922930915597026313e+01
7.606680845589997020e+00 6.913549966036271144e+00 1.083616696884646835e+01 6.913549966036271144e+00 9.607869464430320861e+00 4.087174103569013006e+00 1.083616696884646835e+01 4.087174103569013006e+00 -1.075659494048924003e+01
5.560615048062135024e+00 1.088615930212311689e+01 -5.939745766885383027e+00 1.088615930212311689e+01 2.900628279834610623e+01 -1.077168159374641121e+01 -5.939745766885383027e+00 -1.077168159374641121e+01 3.047884183553833992e+01
1.083439411951491316e+01 -2.667396230690916026e-01 -9.188620112906251691e+00 -2.667396230690916026e-01 3.177570175544630615e+01 -1.996384365531160654e+01 -9.188620112906251691e+00 -1.996384365531160654e+01 5.478512294825334550e+01
2.521970093012004099e+01 8.783542666347026184e-01 3.006210258196881036e+00 8.783542666347026184e-01 4.426782229638300947e+01 -5.563333968265696150e+00 3.006210258196881036e+00 -5.563333968265696150e+00 2.884589000867485709e+01
2.455986405634789804e+01 6.258765657967079177e-01 3.044717990353384085e+00 6.258765657967079177e-01 4.447607228822135284e+01 -5.453561041463527381e+00 3.044717990353384085e+00 -5.453561041463527381e+00 2.884844397058305887e+01
1.980848693034915087e+01 3.219812691060566667e+00 -3.939886237663552837e+00 3.219812691060566667e+00 2.298599635615342152e+01 -1.879140517945974365e+00 -3.939886237663552837e+00 -1.879140517945974365e+00 3.902942729918475351e+01
8.786827263730195625e+00 -2.881861321691154831e+00 -7.338012128037597392e+00 -2.881861321691154831e+00 -1.032833377626274363e+01 -1.197653503712835965e+00 -7.338012128037597392e+00 -1.197653503712835965e+00 2.607147704587906034e+01
4.814255980408726998e+01 -1.025973019053991386e+01 1.191961699107176198e+00 -1.025973019053991386e+01 4.047181069779243501e+01 -2.236258308525119531e+00 1.191961699107176198e+00 -2.236258308525119531e+00 4.243863651696084105e+01
4.306920230748919209e+01 -6.040532155386109991e+00 -1.493719879122562766e+00 -6.040532155386109991e+00 3.475551957749856768e+01 -3.712984612128771733e+00 -1.493719879122562766e+00 -3.712984612128771733e+00 3.271525262648778920e+01
2.458971075867483691e+01 7.554631015104948943e-01 2.913436372142964359e+00 7.554631015104948943e-01 4.442457031514048538e+01 -5.470155899220218387e+00 2.913436372142964359e+00 -5.470155899220218387e+00 2.899520687389020068e+01
2.482589200902950566e+01 -9.424820338045840629e+00 9.561195431075849571e-01 -9.424820338045840629e+00 2.010217997322798311e+01 -4.250803318425160349e+00 9.561195431075849571e-01 -4.250803318425160349e+00 1.181258245245804162e+01
2.496636856804565241e+01 8.210976556933967663e-01 2.875226373357817167e+00 8.210976556933967663e-01 4.431567871258044278e+01 -5.505149232138784043e+00 2.875226373357817167e+00 -5.505149232138784043e+00 2.899503975282628332e+01
4.186061781485049238e+01 2.159766731663678385e+00 -8.736869743060224902e-01 2.159766731663678385e+00 4.486992594080818009e+01 -2.926452171625768539e+00 -8.736869743060224902e-01 -2.926452171625768539e+00 3.922687385374769065e+01
2.490376785622261124e+01 8.124080865167191412e-01 2.703522784775680421e+00 8.124080865167191412e-01 4.428650516296013961e+01 -5.434346356759012231e+00 2.703522784775680421e+00 -5.434346356759012231e+00 2.924552835067729362e+01
3.153909690428106316e+01 4.264997781408406574e+00 1.178527518907526961e+01 4.264997781408406574e+00 2.503146695588753801e+01 -6.404022035256464740e-01 1.178527518907526961e+01 -6.404022035256464740e-01 2.849351790515540017e+01
2.910606039806290468e+01 6.398569085320747085e+00 3.775829370557374443e+00 6.398569085320747085e+00 3.134324766363238624e+01 -3.079398706432495025e+00 3.775829370557374443e+00 -3.079398706432495025e+00 2.718701732407920346e+01
5.026564972256988995e+01 4.960877694985815545e+00 2.034793223704635423e+01 4.960877694985815545e+00 -1.927464202388585335e+01 9.453652094079474821e+00 2.034793223704635423e+01 9.453652094079474821e+00 1.925618586514197617e+01
4.036040558568360836e+01 -2.466890187793252309e+01 -9.284897906465337414e+00 -2.466890187793252309e+01 5.435383489147692870e+01 -1.314153081158725556e+01 -9.284897906465337414e+00 -1.314153081158725556e+01 6.611031151992054333e+01
2.993644015991902307e+01 2.228203636499002105e+00 5.311419271492541228e-01 2.228203636499002105e+00 4.256503678205808683e+01 -5.001376207325077594e+00 5.311419271492541228e-01 -5.001376207325077594e+00 3.242210057206094831e+01
-1.498774469831228018e+01 -9.965798302059958758e+00 -1.653687078022841650e+00 -9.965798302059958758e+00 3.609375738313340776e+01 -1.000656619640696832e+01 -1.653687078022841650e+00 -1.000656619640696832e+01 3.411894015446192441e+01
2.493033062417940116e+01 8.239270983194513231e-01 2.733151908168788946e+00 8.239270983194513231e-01 4.429958261739168535e+01 -5.448100524557484725e+00 2.733151908168788946e+00 -5.448100524557484725e+00 2.920822359563335979e+01
1.479973243602533728e+01 -9.604751899594257125e+00 -1.218769245216726560e+01 -9.604751899594257125e+00 -2.220318208505009494e+00 3.152813354488245956e+00 -1.218769245216726560e+01 3.152813354488245956e+00 4.637409108127733326e+00
1.399375728467455282e+00 -7.573574588700980215e+00 -7.691771377183426850e+00 -7.573574588700980215e+00 2.250530959632718719e+01 -9.599711539180932895e-02 -7.691771377183426850e+00 -9.599711539180932895e-02 2.149296726523282075e+01
1.914251157399651149e+01 -2.327965703748698267e+00 1.368251527671336065e+00 -2.327965703748698267e+00 3.277591418507676480e+01 4.360946771652368659e-02 1.368251527671336065e+00 4.360946771652368659e-02 3.440554970152408742e+01
1.668238625019111510e+01 -6.321145552245256205e+00 -5.162741053443955508e+00 -6.321145552245256205e+00 9.652114921756352217e+00 -2.255933297566659501e+00 -5.162741053443955508e+00 -2.255933297566659501e+00 2.754858243651152350e+01
