2.967235359287234076e+01 -6.562376140628428445e+00 2.785416714563420992e+00 -6.562376140628428445e+00 -1.191062159726687497e+00 -4.999199170909618850e+00 2.785416714563420992e+00 -4.999199170909618850e+00 1.146287232981604021e+01
3.991435004097945605e+00 1.464359724770110560e+01 -8.373100390728794196e+00 1.464359724770110560e+01 -1.913058473345240174e+01 6.753949951453138700e-01 -8.373100390728794196e+00 6.753949951453138700e-01 1.211452681868907177e+01
3.273089035422227955e+00 -7.913109914691127678e-01 5.229643458723626237e-01 -7.913109914691127678e-01 4.004105631217302452e+00 -2.991863881743728193e+00 5.229643458723626237e-01 -2.991863881743728193e+00 2.590379521262378404e+01
2.174081720917525473e+01 -6.500226986381382188e-01 -2.986107919167605651e+00 -6.500226986381382188e-01 3.148896548197697953e+01 2.789355183839724361e+00 -2.986107919167605651e+00 2.789355183839724361e+00 1.809991309742188292e+01
1.047517343633878006e+01 4.415278597077411327e+00 -3.137817267016692835e+00 4.415278597077411327e+00 7.560368946293521297e+00 1.851299308123453891e+00 -3.137817267016692835e+00 1.851299308123453891e+00 1.664108039343999579e+01
2.447491290754134852e+01 -1.674429877861733251e+00 2.447164216378810764e+00 -1.674429877861733251e+00 1.771123704861875936e+01 1.403652983771587426e+00 2.447164216378810764e+00 1.403652983771587426e+00 6.549606462747502356e+00
3.461256946681413638e+01 2.467454354360265167e+00 9.189125646706530759e-01 2.467454354360265167e+00 4.642773395945286552e+01 2.957160602871953703e+00 9.189125646706530759e-01 2.957160602871953703e+00 3.141163766966989357e+01
-1.102575817730885888e+01 3.104601447173830575e+00 -1.789104531485105065e+00 3.104601447173830575e+00 1.102300033588913841e+01 2.151916442111277750e+00 -1.789104531485105065e+00 2.151916442111277750e+00 7.935054152176385323e+00
1.714587186005050556e+00 -1.645986506064844312e-01 -4.494731658242908101e-01 -1.645986506064844312e-01 3.626914171298540435e+00 -1.399375071821851169e+00 -4.494731658242908101e-01 -1.399375071821851169e+00 6.016030209259798589e+00
4.004423493038909498e+01 -2.001064197070987927e+00 2.497903555621673988e+00 -2.001064197070987927e+00 4.852824241698113639e+01 -6.794928921473047723e+00 2.497903555621673988e+00 -6.794928921473047723e+00 4.564930989079295642e+01
4.735577903491865470e+01 2.083229621122415498e+00 -1.039839906350955578e+00 2.083229621122415498e+00 5.006260107453397978e+01 -1.286543126214108490e+00 -1.039839906350955578e+00 -1.286543126214108490e+00 3.677864514218559577e+01
1.303362298274829634e+01 -5.342146077096757706e-01 2.948609370920455275e-01 -5.342146077096757706e-01 1.650458600445437796e+01 -5.659496620824017166e-01 2.948609370920455275e-01 -5.659496620824017166e-01 1.828029354361384407e+01
4.263509475522734071e+00 -2.384346303140449930e-01 -1.684747938654634902e+00 -2.384346303140449930e-01 7.055605220821571599e+00 -2.687734572790195120e+00 -1.684747938654634902e+00 -2.687734572790195120e+00 1.092955434014149851e+01
1.419444630738736279e+01 6.573342060571024659e-02 2.192572776769960430e-01 6.573342060571024659e-02 2.135207893381782895e+01 1.034910746237541757e+00 2.192572776769960430e-01 1.034910746237541757e+00 1.598268566096789378e+01
2.725248567273496736e+00 2.612585813585018180e+00 -1.696230383072677705e+00 2.612585813585018180e+00 2.437221182757010940e+00 -2.394985677731797491e+00 -1.696230383072677705e+00 -2.394985677731797491e+00 8.953585090636165589e+00
1.095002870101186865e+01 5.140580172162831918e-01 5.372978369234672202e-01 5.140580172162831918e-01 1.214961172131047284e+01 1.629203987427207956e+00 5.372978369234672202e-01 1.629203987427207956e+00 -8.379321958391777514e+00
1.262578839224295457e+01 -2.457215568991137911e+00 1.828795978129864330e-01 -2.457215568991137911e+00 2.235907513456533735e+01 -6.713690782640217236e+00 1.828795978129864330e-01 -6.713690782640217236e+00 1.683153899609982318e+01
-4.115348177956335896e+00 3.569089610662969925e+00 -1.175267867655957477e-01 3.569089610662969925e+00 1.179439980654912823e+01 -1.062391003215410246e+00 -1.175267867655957477e-01 -1.062391003215410246e+00 4.202674315364631319e+00
1.488226025488896198e+01 2.926052638968832831e+00 1.000344237978326500e+00 2.926052638968832831e+00 1.013921745473896685e+01 -3.293356826458169184e+00 1.000344237978326500e+00 -3.293356826458169184e+00 -1.315112645537509728e+00
1.132564373788467638e+00 6.313699500223395766e+00 -2.306668907781965316e+00 6.313699500223395766e+00 -1.517734038512941863e+00 5.040170322596816632e+00 -2.306668907781965316e+00 5.040170322596816632e+00 8.966865606691351021e-01
1.121488657542630563e+01 8.375224351605755402e+00 3.641951076856992486e+00 8.375224351605755402e+00 -2.112688994954007526e+00 -4.191774407503936484e-01 3.641951076856992486e+00 -4.191774407503936484e-01 -1.373731197299680851e+01
4.860490839675982500e+00 6.849459748935212700e-01 -1.014349225901252094e+00 6.849459748935212700e-01 6.924946849332450860e+00 -4.598000502425344388e-02 -1.014349225901252094e+00 -4.598000502425344388e-02 9.296331592885616502e+00
4.385859001751249053e+01 2.346257654498329903e-01 7.147396522298098409e-01 2.346257654498329903e-01 6.184119494215729418e+01 -2.918011803858637343e+00 7.147396522298098409e-01 -2.918011803858637343e+00 3.634946358562145718e+01
1.971563065787736591e+01 6.777647931329147113e-01 -5.425605456474256183e-01 6.777647931329147113e-01 1.727524749337619170e+01 9.837934387798882296e-01 -5.425605456474256183e-01 9.837934387798882296e-01 1.364057587881551648e+01
5.248721041553214661e+01 -2.916480885450323690e+00 -2.069735294473899201e-01 -2.916480885450323690e+00 4.208426252132369427e+01 6.183867652708397777e+00 -2.069735294473899201e-01 6.183867652708397777e+00 1.202499342346164823e+01
6.287652773885640300e+01 -1.769475695576998353e+00 6.367506953031303318e-01 -1.769475695576998353e+00 5.073782455935852198e+01 -3.203754912485577755e+00 6.367506953031303318e-01 -3.203754912485577755e+00 5.630952299506957814e+01
-1.587115661020376933e+01 -1.360938102653228565e+00 3.071819124178102545e+00 -1.360938102653228565e+00 -2.166623719599864994e+00 -1.958540326133964893e+00 3.071819124178102545e+00 -1.958540326133964893e+00 -6.624136603460138772e+00
4.280580649128879855e+01 1.113936304458446047e+00 -7.161546807284246974e-01 1.113936304458446047e+00 4.406209059360694624e+01 6.804483882518803650e-01 -7.161546807284246974e-01 6.804483882518803650e-01 2.993051125618524111e+01
1.058198427480052572e+01 -1.195210222939530720e+00 -2.959109691814251764e-01 -1.195210222939530720e+00 1.065823284684268124e+01 1.155035222467889477e+00 -2.959109691814251764e-01 1.155035222467889477e+00 1.480129362665939574e+01
-2.175070442458918052e+01 -4.018769415943809875e+00 -7.350126378915456726e+00 -4.018769415943809875e+00 -4.669634805516053255e+00 7.474037636532757212e+00 -7.350126378915456726e+00 7.474037636532757212e+00 8.301121382308926044e+00
1.034285513223327690e+01 3.126751163040863535e+00 1.604970184248866449e-01 3.126751163040863535e+00 4.396890977921709798e+00 1.432608922862641077e+00 1.604970184248866449e-01 1.432608922862641077e+00 1.928819312169373390e+01
1.154575446169172181e+01 3.647847740142580619e+00 1.222832003203089712e+00 3.647847740142580619e+00 3.805229343456192481e+01 -2.770416601518867150e+00 1.222832003203089712e+00 -2.770416601518867150e+00 4.645842963688018301e+01
-1.593936278688206265e+01 1.425307131403175553e+00 -4.000196617217247841e+00 1.425307131403175553e+00 3.170472977214080057e+00 5.417103822183602979e+00 -4.000196617217247841e+00 5.417103822183602979e+00 -9.811291936975734984e+00
2.017781780208225584e+01 2.493648153632282316e+00 8.870402863243535663e+00 2.493648153632282316e+00 1.601788580022586217e+01 -1.511147587632581724e+00 8.870402863243535663e+00 -1.511147587632581724e+00 2.663202430433603496e+01
2.744466480971914280e+01 2.649789037154166138e+00 1.626012071574114287e-02 2.649789037154166138e+00 3.103506879084642023e+01 2.475694827400868103e+00 1.626012071574114287e-02 2.475694827400868103e+00 1.234079443419190092e+01
-8.171333948367152544e+00 -4.943067347060305927e+00 2.352371025845577890e+00 -4.943067347060305927e+00 -1.765648677377980391e+01 3.733151351259816675e+00 2.352371025845577890e+00 3.733151351259816675e+00 1.425907640274659727e+01
1.605444545008518631e+01 -1.401997222530603882e+00 1.096593669422686990e+00 -1.401997222530603882e+00 1.826817427101775237e+01 3.473121064086935661e+00 1.096593669422686990e+00 3.473121064086935661e+00 -1.197339701711751836e+01
3.750498333742782187e+00 -4.942724459359278733e+00 3.987032331168995469e+00 -4.942724459359278733e+00 -8.473401500380516538e+00 5.091988693036701541e+00 3.987032331168995469e+00 5.091988693036701541e+00 -2.286316670283852215e+00
8.234612031128446574e+01 -5.431425445152746612e+00 3.197416247550427304e+00 -5.431425445152746612e+00 3.049836440007378613e+01 -5.023834400050336768e+00 3.197416247550427304e+00 -5.023834400050336768e+00 5.471792436199969245e+01
1.077235822762851924e+01 3.524145204813960763e+00 -3.415897192919140402e+00 3.524145204813960763e+00 1.914836782706189311e+01 4.181380425587823524e+00 -3.415897192919140402e+00 4.181380425587823524e+00 3.577131465148277556e+01
1.114469389857418591e+01 1.957552637590347144e+00 2.372302141613086945e+00 1.957552637590347144e+00 3.429448056475833795e+01 2.866682280550892248e+00 2.372302141613086945e+00 2.866682280550892248e+00 1.847495692636805131e+01
1.657182984052736785e+01 -5.233470998880421554e+00 -3.107357107571248722e+00 -5.233470998880421554e+00 1.134947370371343212e+01 -6.295650536157693100e-01 -3.107357107571248722e+00 -6.295650536157693100e-01 2.352217735137415744e+01
7.433371988028714128e+00 -3.710006354404337126e-01 -5.240042918063074762e-01 -3.710006354404337126e-01 1.375666769146486779e+01 2.745142668313070189e+00 -5.240042918063074762e-01 2.745142668313070189e+00 1.248524018850867101e+01
1.634239352739426110e+01 1.507499364258307883e+00 1.052122815641839182e+00 1.507499364258307883e+00 2.031814646101850030e+01 -7.474844332451230366e-01 1.052122815641839182e+00 -7.474844332451230366e-01 9.815858792975594938e+00
-3.125007948981680528e+01 4.925848432135530253e+00 -1.302201351859020306e+00 4.925848432135530253e+00 -1.029058613009094358e+01 9.452338259392199793e-02 -1.302201351859020306e+00 9.452338259392199793e-02 -2.702656324262117948e+01
1.562300951275234162e+01 -7.128348412159194680e+00 3.727098742439232115e+00 -7.128348412159194680e+00 1.614041816937316653e+01 4.145358965633841208e+00 3.727098742439232115e+00 4.145358965633841208e+00 -3.012126919287331450e+00
-1.321975828937817532e+01 2.211359441699193518e+00 -4.752992585388577496e+00 2.211359441699193518e+00 1.441673637754974457e+01 -3.143806486503939013e+00 -4.752992585388577496e+00 -3.143806486503939013e+00 9.436042893210666804e+00
9.781135467532479311e+00 -3.302594901697651908e-01 4.677855467671749312e-01 -3.302594901697651908e-01 1.175303784632585469e+01 -1.353823574742644698e-01 4.677855467671749312e-01 -1.353823574742644698e-01 1.786644343876739782e+01
2.317069106251446797e+01 2.966422491857543697e+00 -2.113074537459691093e+00 2.966422491857543697e+00 1.457916947675429498e+01 -1.650574858064305372e+00 -2.113074537459691093e+00 -1.650574858064305372e+00 2.351587597464932600e+01
1.487262834473634854e+01 4.674502744564619783e-01 -2.848762813066167521e+00 4.674502744564619783e-01 1.897853208069689757e+01 -3.897857133387030992e-01 -2.848762813066167521e+00 -3.897857133387030992e-01 2.222035739622311112e+01
