3.874677613981109658e+01 -1.010348994900387432e+00 8.317096929003593431e+00 -1.010348994900387432e+00 2.066611335267638694e+01 5.140948269725077679e+00 8.317096929003593431e+00 5.140948269725077679e+00 3.277566090636687335e+01
7.892915213871498636e+00 6.279304982230475840e-01 -5.760133537747342380e+00 6.279304982230475840e-01 2.317360966203121109e+01 -7.182369085169596268e+00 -5.760133537747342380e+00 -7.182369085169596268e+00 1.229821560870131059e+01
2.402815586910140055e+01 -1.149033963934568092e+01 6.026343163513851131e+00 -1.149033963934568092e+01 -5.046451369238036833e+00 3.341068700091490040e+00 6.026343163513851131e+00 3.341068700091490040e+00 -1.645037220819483448e+00
1.697609190750063446e-01 -1.491544631059509740e+01 -7.068162797698496203e-02 -1.491544631059509740e+01 9.921404574207617344e+00 3.514490327339892417e+00 -7.068162797698496203e-02 3.514490327339892417e+00 -1.224800571632307822e+01
2.179199709556657183e+01 1.794076833029815354e+00 -5.132748146836997982e+00 1.794076833029815354e+00 1.165944163971302672e+01 -8.981101743173944829e-01 -5.132748146836997982e+00 -8.981101743173944829e-01 2.908602058866935902e+00
2.219613273961071442e+01 -3.076199126404938866e+00 1.374061092186171562e+00 -3.076199126404938866e+00 2.451558591344663540e+01 -3.194521682924965855e+00 1.374061092186171562e+00 -3.194521682924965855e+00 2.233178593242224252e+01
2.753444995979860366e+00 5.617050984858443563e+00 -1.007708841181031545e+01 5.617050984858443563e+00 -4.989240834830412474e+00 1.618870421173660645e+01 -1.007708841181031545e+01 1.618870421173660645e+01 -1.267637506016966142e+01
2.429315413303671178e+01 -1.687410833611671990e+01 3.486534415918161933e+00 -1.687410833611671990e+01 7.430335587220184834e+00 -5.825635503102477131e+00 3.486534415918161933e+00 -5.825635503102477131e+00 1.511417435556724342e+01
2.673991339164607339e+01 -2.897814405644823399e+00 -8.418131357416406502e+00 -2.897814405644823399e+00 3.927907360573259865e+01 -1.036914937881303445e+01 -8.418131357416406502e+00 -1.036914937881303445e+01 3.010573706034958619e+01
-3.143031094681440507e+01 1.735096399238951648e+01 -4.518803126210776400e-01 1.735096399238951648e+01 -7.926954019040700850e+00 -5.258733602855339306e+00 -4.518803126210776400e-01 -5.258733602855339306e+00 -2.757606071303215245e+01
-6.948518185607268638e-01 -7.073240300702139827e+00 3.209536342981807344e+00 -7.073240300702139827e+00 -2.264219405825651421e+01 7.176394521403542948e-01 3.209536342981807344e+00 7.176394521403542948e-01 8.126822559213958685e-01
1.892651011524381133e+01 2.920946430747776823e+00 5.825008729541632846e+00 2.920946430747776823e+00 3.474204614154692194e+01 -1.091445487625120947e+01 5.825008729541632846e+00 -1.091445487625120947e+01 2.343774192077545493e+01
1.107634989742801501e+01 1.285251007246555055e+00 1.957461676985162269e+00 1.285251007246555055e+00 -1.166898865100889715e+01 -3.088888758611176399e+00 1.957461676985162269e+00 -3.088888758611176399e+00 8.611124073188074490e+00
1.258080710694085624e+01 7.233101300451180826e+00 9.467668975843510637e+00 7.233101300451180826e+00 -5.640256103203233451e+00 4.850749221474249140e+00 9.467668975843510637e+00 4.850749221474249140e+00 5.601552610339678218e+00
-2.970081511704147559e+01 6.294225848206433049e+00 7.434073750352267140e+00 6.294225848206433049e+00 -1.967442626210538137e+01 4.964497657097554750e+00 7.434073750352267140e+00 4.964497657097554750e+00 -2.396024531547983616e-01
-1.634569989319054883e+01 6.906397514044150476e+00 -4.422319866813211320e+00 6.906397514044150476e+00 -1.442974377055398350e+01 -3.503050332518175658e+00 -4.422319866813211320e+00 -3.503050332518175658e+00 8.636330886711341748e+00
-1.012493234165079770e+01 -3.845814437586088097e+00 1.264741826356342891e+01 -3.845814437586088097e+00 -1.716061899989724537e+01 8.090140139677469477e+00 1.264741826356342891e+01 8.090140139677469477e+00 -1.007715708701628365e+01
4.400495598337304415e+01 1.016973276338671361e+01 -3.724865179055640407e+00 1.016973276338671361e+01 1.772779334369471727e+01 2.764790208284499062e+00 -3.724865179055640407e+00 2.764790208284499062e+00 2.493505666237912877e+01
1.937211342545690940e+00 2.100056715497254700e+00 1.499019009309172645e+01 2.100056715497254700e+00 1.038516148989848897e+00 7.868918258915614139e+00 1.499019009309172645e+01 7.868918258915614139e+00 4.180536581917947636e+00
2.388804806140424475e+01 -3.738409086710442697e+00 8.661679787610887526e-01 -3.738409086710442697e+00 2.098625671205812182e+01 -6.152086357859878341e+00 8.661679787610887526e-01 -6.152086357859878341e+00 1.794750359408238438e+01
-3.622792929529220274e+00 -1.981606884283186876e+00 -4.794665454332007748e-01 -1.981606884283186876e+00 2.449112279856738539e+01 -2.567035787021096360e-01 -4.794665454332007748e-01 -2.567035787021096360e-01 8.240523990871416515e+00
1.377166064707955684e+01 -5.496953861441760125e+00 -5.847872097959201376e+00 -5.496953861441760125e+00 9.830116422861035375e+00 -1.916618688671631432e+00 -5.847872097959201376e+00 -1.916618688671631432e+00 1.023463373933951459e+01
8.243318974534185273e+00 -1.140825646143356131e+01 -1.314727976536789855e+00 -1.140825646143356131e+01 1.609513861399885926e+01 -1.028065988740214109e+01 -1.314727976536789855e+00 -1.028065988740214109e+01 1.691370580267685142e+01
1.569809516667363958e-01 5.434300240413465488e-01 -4.263428766398062564e+00 5.434300240413465488e-01 2.779772223149310495e+00 -1.296155198280216858e+01 -4.263428766398062564e+00 -1.296155198280216858e+01 7.056727317290759416e+00
3.602569287509782470e+01 -9.276449801002186746e+00 -6.680805228963610176e+00 -9.276449801002186746e+00 4.561960470611366958e+01 4.357310099430335981e+00 -6.680805228963610176e+00 4.357310099430335981e+00 2.523603174591544374e+01
-2.143949006776576738e+01 4.528415555382671598e-01 1.688841726505119434e+00 4.528415555382671598e-01 3.959614887595790833e+00 1.132107226147765466e+01 1.688841726505119434e+00 1.132107226147765466e+01 8.028405062449015972e+00
8.663769191681931048e+00 -8.645530697681758525e+00 -7.144893756483678082e+00 -8.645530697681758525e+00 7.134468858465443653e+00 2.248911342592043172e-01 -7.144893756483678082e+00 2.248911342592043172e-01 1.777867562749443664e+01
1.267908825449137566e+01 -2.668991376429671991e+00 7.983914572285324418e+00 -2.668991376429671991e+00 1.063650549013366486e+01 2.694930066173006011e+00 7.983914572285324418e+00 2.694930066173006011e+00 1.633186280222487952e+01
2.767663358722379385e+01 5.378796566091302855e-01 8.603966295147998933e-01 5.378796566091302855e-01 1.783194610650035017e+01 -7.798506493931205874e+00 8.603966295147998933e-01 -7.798506493931205874e+00 1.520252529358164217e+01
1.136079621435201759e+01 2.905283496633205509e+00 -4.154154419298691003e+00 2.905283496633205509e+00 1.081867447970376084e+01 6.060018669943405989e+00 -4.154154419298691003e+00 6.060018669943405989e+00 9.452047439470865342e+00
1.446346881371594328e+01 5.699928754546254694e+00 4.063767530924459415e+00 5.699928754546254694e+00 1.523282568945799476e+01 4.928843782877269319e+00 4.063767530924459415e+00 4.928843782877269319e+00 5.713713532965075892e+00
-1.332064489920738026e+01 -1.551308351935998431e+01 8.222835726275418367e+00 -1.551308351935998431e+01 2.293449978197483219e+01 -2.580329046083711386e-01 8.222835726275418367e+00 -2.580329046083711386e-01 -2.280546123503793599e+00
1.509653616715294255e+01 -4.925725477969217003e+00 1.265188012470954693e+00 -4.925725477969217003e+00 1.747446283670739930e+01 3.801911068803569993e+00 1.265188012470954693e+00 3.801911068803569993e+00 1.857031440762057883e+01
2.418515311414582314e+01 -2.600292738490128208e+00 6.933838834259240969e+00 -2.600292738490128208e+00 1.296937893349471738e+00 -1.239555613147264168e+01 6.933838834259240969e+00 -1.239555613147264168e+01 2.009287466135898370e+01
-1.589579556911498770e+01 -4.740871805055424382e+00 -2.482212171990280325e+01 -4.740871805055424382e+00 -1.224871846684289700e+01 -1.104665726589612618e+01 -2.482212171990280325e+01 -1.104665726589612618e+01 -7.123066814915866019e+00
2.166373803873153392e+01 1.480300689728287322e+00 5.342960436372655941e+00 1.480300689728287322e+00 -1.535674319907414542e+00 -4.888079610420712484e+00 5.342960436372655941e+00 -4.888079610420712484e+00 5.453383740209541308e+00
-4.793753980047056551e+00 -4.708830623289763651e+00 1.175850076518688248e+01 -4.708830623289763651e+00 -1.332751377076808019e+01 7.242846950756132607e+00 1.175850076518688248e+01 7.242846950756132607e+00 -1.443418672139632974e+01
3.806592843184931851e+00 5.856083085469017568e+00 7.765901202721589236e+00 5.856083085469017568e+00 -6.896145890538130097e+00 9.088757895477055371e+00 7.765901202721589236e+00 9.088757895477055371e+00 1.592783490874077001e+00
-2.307403608467840783e+01 5.198999421406798938e+00 4.814758592502338175e+00 5.198999421406798938e+00 -2.015700008701301726e+00 -2.198854903230480051e+00 4.814758592502338175e+00 -2.198854903230480051e+00 -5.064125909616932653e+00
-8.281159860296600783e+00 -2.082153344495381475e+00 9.658924211896610101e-01 -2.082153344495381475e+00 -6.655322264920440212e+00 8.236357744090579303e+00 9.658924211896610101e-01 8.236357744090579303e+00 -1.477731144792101858e+01
1.181236178327867137e+01 2.237500974727818726e+00 -4.405642916871109094e+00 2.237500974727818726e+00 2.644112629059550912e+01 9.576362287860032296e+00 -4.405642916871109094e+00 9.576362287860032296e+00 3.082537021746718064e+00
3.549512896937842754e+01 3.258370010114731485e+00 -2.543537141419459413e+00 3.258370010114731485e+00 3.886455749928515502e+01 -9.800675461464953386e+00 -2.543537141419459413e+00 -9.800675461464953386e+00 4.395997389937156896e+01
1.978664995627745427e+01 -6.404268545216115882e+00 -2.047346425239757295e+00 -6.404268545216115882e+00 7.021233114903995265e-01 -1.363967787176165070e+00 -2.047346425239757295e+00 -1.363967787176165070e+00 3.837491584334921768e+00
2.599208932795716720e+01 -2.473429611931898364e+00 1.776669775249182459e+00 -2.473429611931898364e+00 -1.007189955379289614e+01 -9.584417214195056545e+00 1.776669775249182459e+00 -9.584417214195056545e+00 1.351735885915844371e+00
2.506157970642054522e+01 2.501139595880283562e+00 6.875577344991837259e-02 2.501139595880283562e+00 3.113756824403274237e+01 -3.871210226303260504e-01 6.875577344991837259e-02 -3.871210226303260504e-01 2.683581962677445176e+01
2.836934612565727765e+00 -8.831052814910430371e+00 4.664146000665850167e+00 -8.831052814910430371e+00 -1.368671316859378528e+01 -6.682631505845616715e+00 4.664146000665850167e+00 -6.682631505845616715e+00 1.275388281069705876e+01
-1.889478949304411870e+01 1.083265348695380048e+01 -4.932929146775202334e+00 1.083265348695380048e+01 2.578233898053676754e+00 -1.416331902289459421e+01 -4.932929146775202334e+00 -1.416331902289459421e+01 -8.109641222652767212e+00
-9.698191635200197336e-01 3.646815088023289686e+00 -1.149613793216281321e+00 3.646815088023289686e+00 -2.504916646826923277e+00 -7.919328834129026884e-01 -1.149613793216281321e+00 -7.919328834129026884e-01 5.639550608156379319e+00
1.049180038531664927e+01 -2.050063722588983062e+00 -1.879173029173798248e+00 -2.050063722588983062e+00 1.263644778752709463e+01 -1.244957826274001711e+01 -1.879173029173798248e+00 -1.244957826274001711e+01 1.759291109035142497e+01
1.480269356401314518e+01 2.421292351829622547e+00 -5.349732926547169143e+00 2.421292351829622547e+00 -7.277800205225938512e+00 -3.413952187531216875e+00 -5.349732926547169143e+00 -3.413952187531216875e+00 2.698233884210960998e+00
