-1.107989894475034909e+01 3.795922776441047919e+00 2.542458513753674820e-01 3.795922776441047919e+00 -2.726308758448484326e+01 1.334095820602629878e+00 2.542458513753674820e-01 1.334095820602629878e+00 -1.096758115006311485e+01
2.021460388337544245e+01 9.571554998072901999e-01 -2.263124547319097513e+00 9.571554998072901999e-01 2.195463856587092266e+01 1.600534799625266125e+00 -2.263124547319097513e+00 1.600534799625266125e+00 2.190318587517958715e+00
-1.306706927677752716e+01 -4.610439067146575809e+00 -6.581763283162241684e+00 -4.610439067146575809e+00 2.462769640238062330e+00 -1.086534501373071837e+00 -6.581763283162241684e+00 -1.086534501373071837e+00 1.453108860833128846e+00
1.041996898964067242e+01 -4.004431780483212466e-01 -7.263987552245918522e+00 -4.004431780483212466e-01 1.801456881934371523e+01 7.230260921573377075e+00 -7.263987552245918522e+00 7.230260921573377075e+00 2.197897840610930587e+01
4.316039273953097499e+00 -1.321611473431317485e+01 -5.975464495247378771e+00 -1.321611473431317485e+01 1.895911957942526982e+01 -3.431774639725339693e+00 -5.975464495247378771e+00 -3.431774639725339693e+00 1.741999666042348016e+00
-2.009867129970984223e+01 -6.971553041327225309e+00 -3.743390658379595615e-01 -6.971553041327225309e+00 -4.683224243824133382e+00 -1.310262375646063182e+00 -3.743390658379595615e-01 -1.310262375646063182e+00 1.687725006903127323e+01
1.948764307337113166e+01 5.215959112723326463e+00 3.464333217881909732e+00 5.215959112723326463e+00 -4.431843560316735875e+00 1.072263418169479010e+01 3.464333217881909732e+00 1.072263418169479010e+01 1.984469103769922427e+01
-5.551892446684297155e+00 -1.067273133461070556e+00 7.827978074653951346e+00 -1.067273133461070556e+00 -9.182959832146822876e+00 -2.562047396166083235e+00 7.827978074653951346e+00 -2.562047396166083235e+00 -2.498315049150538592e+00
-2.401590434591366474e+01 9.460990645256165621e+00 8.102455827481858108e+00 9.460990645256165621e+00 -1.775704179001175120e+01 -4.087064954602749600e-02 8.102455827481858108e+00 -4.087064954602749600e-02 -3.290530767759782549e+01
-7.532649633982734905e+00 -7.560413681888082660e-02 -3.797993276218576852e+00 -7.560413681888082660e-02 -3.055280831601224989e+01 4.144195218083948973e+00 -3.797993276218576852e+00 4.144195218083948973e+00 -1.292830444930309497e+01
1.621654087610797745e+01 -1.465212537526279224e+00 2.415740649016954400e+00 -1.465212537526279224e+00 1.512700089289731409e+01 3.595401693814472832e+00 2.415740649016954400e+00 3.595401693814472832e+00 -8.274262396188900581e+00
1.071078522447971260e+01 -1.705693781059721692e+00 1.778949701722706056e+00 -1.705693781059721692e+00 1.166819012168538450e+01 -7.551860256958283557e+00 1.778949701722706056e+00 -7.551860256958283557e+00 -7.169406090934701936e+00
-4.399195628411025183e+00 4.008281630802482454e+00 -2.479772487197339004e+00 4.008281630802482454e+00 -4.330133054023717065e+00 2.127865377836766658e+00 -2.479772487197339004e+00 2.127865377836766658e+00 -6.329605266299695110e+00
2.734939147639496326e+01 -2.225542268598935891e+00 1.078381260504816808e-01 -2.225542268598935891e+00 3.167776462694057926e+01 2.938427542391643499e+00 1.078381260504816808e-01 2.938427542391643499e+00 1.425740085627400155e+01
2.587372509812787755e-02 -1.023608901951563688e+01 -5.513482508173789043e+00 -1.023608901951563688e+01 -4.352207005037169729e+00 -4.837123072238653787e-01 -5.513482508173789043e+00 -4.837123072238653787e-01 5.655970125382682845e+00
7.896506127086077242e+00 -1.044432542704601907e+01 7.292152266537405003e-01 -1.044432542704601907e+01 3.553446707095953006e+00 -9.504874515449594774e-02 7.292152266537405003e-01 -9.504874515449594774e-02 2.471149115197410140e+01
1.945783491586480896e+00 1.879267797257652717e+01 1.855029499623731937e+01 1.879267797257652717e+01 -9.850980703935356075e+00 6.130998528144244730e+00 1.855029499623731937e+01 6.130998528144244730e+00 7.928423127607153731e-02
-3.911817484032651837e+00 1.325811389289277553e+00 -1.230961558287281932e+00 1.325811389289277553e+00 -5.445195935471283555e+00 3.414531042942734462e+00 -1.230961558287281932e+00 3.414531042942734462e+00 2.668853445398201174e+01
8.884103529679034494e+00 -2.256936499357991566e-01 -2.022536390383705029e+00 -2.256936499357991566e-01 9.613742037953048936e+00 -2.260409490633551677e+00 -2.022536390383705029e+00 -2.260409490633551677e+00 1.700475273188920511e+01
2.192539907538576927e+01 -2.196786272756534331e+01 -1.224005113208862561e+01 -2.196786272756534331e+01 3.005574761842141740e+01 -3.904781792263364970e+00 -1.224005113208862561e+01 -3.904781792263364970e+00 2.292521603407561770e+01
-8.964270969449225746e+00 2.349688280111446037e+00 -8.740216555234467943e-01 2.349688280111446037e+00 -1.722081745448605616e+01 1.943441325160154109e+00 -8.740216555234467943e-01 1.943441325160154109e+00 6.304349925218194484e-01
-1.377922791519086410e+01 3.463518353556908291e+00 -1.149438513818151542e+00 3.463518353556908291e+00 1.918406651072265934e+00 1.839692810599357520e+00 -1.149438513818151542e+00 1.839692810599357520e+00 -8.139684035127723760e+00
4.267908455343551566e+00 -6.062738311841051164e+00 6.498378689139433284e+00 -6.062738311841051164e+00 3.017050655434136530e+00 -3.115030524514472710e+00 6.498378689139433284e+00 -3.115030524514472710e+00 -9.349992458669246886e+00
-2.051913411955972322e+01 7.494917008974308903e-01 1.683209841532244289e+00 7.494917008974308903e-01 1.168817997036602563e+01 -8.908545567622502048e+00 1.683209841532244289e+00 -8.908545567622502048e+00 -3.495217154781323554e+00
-4.964741392748667437e+00 -2.284138988023718397e+00 7.405104389169275825e-01 -2.284138988023718397e+00 -6.280066911704206944e+00 -1.771738639008040850e-01 7.405104389169275825e-01 -1.771738639008040850e-01 -1.962483401747023137e+01
9.491026863258852586e+00 1.536423276148996564e+01 1.195458475370457840e+01 1.536423276148996564e+01 1.460895860434240845e+01 -6.432478059006579763e+00 1.195458475370457840e+01 -6.432478059006579763e+00 2.695571813134594485e+00
-7.196831532104681628e+00 1.041994376883245838e-01 1.523693345768669438e+00 1.041994376883245838e-01 1.388368560609452373e+01 -3.405255554832528286e+00 1.523693345768669438e+00 -3.405255554832528286e+00 6.099573945307663614e+00
1.204572056597042362e+01 -3.676145077205215661e-01 4.758901444596764195e-03 -3.676145077205215661e-01 -1.204240152273538866e+00 5.101216396453991386e+00 4.758901444596764195e-03 5.101216396453991386e+00 7.749742038847611703e+00
2.310614558145733355e+01 -2.060909282182116797e+01 -1.667074139825992418e+01 -2.060909282182116797e+01 2.662295774377925639e+01 1.840662697199739739e+00 -1.667074139825992418e+01 1.840662697199739739e+00 3.457760811929417599e+01
-6.931230271206078264e+00 5.016007558096203134e+00 -5.345491767939901884e+00 5.016007558096203134e+00 1.021875908897381890e+01 -1.108448130973528567e+00 -5.345491767939901884e+00 -1.108448130973528567e+00 1.135678922388519085e+00
1.098922397293997832e+01 7.366924652179341670e+00 3.803567068737794710e+00 7.366924652179341670e+00 4.051382164537935182e+01 -1.054049992955466841e+01 3.803567068737794710e+00 -1.054049992955466841e+01 1.199752058880473093e+01
-4.070766944352291006e+01 -2.503835110676401854e+00 -3.310936796077298183e+00 -2.503835110676401854e+00 1.680723746908115546e+00 -6.684376038277592080e+00 -3.310936796077298183e+00 -6.684376038277592080e+00 -4.224613778849925438e+01
1.298617426576476142e+01 1.637841868377240928e+01 8.607355875387378674e+00 1.637841868377240928e+01 2.673542263033591126e+01 -2.792744071134616313e+00 8.607355875387378674e+00 -2.792744071134616313e+00 1.417946958536568580e+01
8.150210477824879618e+00 9.652008238752298297e+00 4.283675978995895584e+00 9.652008238752298297e+00 1.037537903718643939e+01 -7.217398697622579462e+00 4.283675978995895584e+00 -7.217398697622579462e+00 1.589633591706953553e+01
2.244070730675774428e+01 1.216676709880179647e-01 2.431463839359282897e+00 1.216676709880179647e-01 1.194684124695779381e+01 2.164388190504438203e+00 2.431463839359282897e+00 2.164388190504438203e+00 9.759834162275483394e+00
2.369491905731747394e+01 2.022034762190706214e+00 6.489044667237422459e-01 2.022034762190706214e+00 3.235665533601185473e+01 1.559848850013340282e+00 6.489044667237422459e-01 1.559848850013340282e+00 1.466502850453808016e+01
-5.955506048016581566e+00 -1.505790503110496115e+00 4.017298417246891518e+00 -1.505790503110496115e+00 -5.612655110631042277e+00 1.606461678939705706e-01 4.017298417246891518e+00 1.606461678939705706e-01 2.879960267352278791e+01
3.055093596455074945e+01 8.951395047008771755e+00 6.456981861012519586e-01 8.951395047008771755e+00 -1.505573908806384509e+01 2.102479568896151108e+01 6.456981861012519586e-01 2.102479568896151108e+01 1.937018814777843190e+01
3.864518994253320017e+01 -2.035279952994065500e+00 -1.046155419892642158e+00 -2.035279952994065500e+00 5.289668055023742710e+00 7.975419387160099127e+00 -1.046155419892642158e+00 7.975419387160099127e+00 2.381335226773640557e+01
1.256952095134413838e+01 2.056733886426072022e+00 2.528127519684630009e+00 2.056733886426072022e+00 1.728507763493952964e+01 -2.809845098701265531e+00 2.528127519684630009e+00 -2.809845098701265531e+00 7.216037662602230007e+00
1.144095721377988717e+01 -5.227540296406829157e+00 -3.901200530136466504e+00 -5.227540296406829157e+00 -9.003108921007086929e-01 -3.336109604346640278e+00 -3.901200530136466504e+00 -3.336109604346640278e+00 9.052906347049118452e+00
3.921995051831253676e+01 1.999309029388564252e+00 -3.029813654290678879e-02 1.999309029388564252e+00 3.898964568543200926e+01 3.504090847068328074e+00 -3.029813654290678879e-02 3.504090847068328074e+00 2.048098832934006097e+01
2.584722422942860831e+01 -2.421665604189935928e-01 6.087099586813213836e-01 -2.421665604189935928e-01 2.608668718470850933e+01 -9.298723958093557673e-01 6.087099586813213836e-01 -9.298723958093557673e-01 2.732038924085388132e+01
3.661500047549441206e+01 -3.256167488425621759e+00 -2.074725749276436382e+00 -3.256167488425621759e+00 5.623781914513905633e+01 -2.310401416818205433e+00 -2.074725749276436382e+00 -2.310401416818205433e+00 -8.224303397219241418e+00
4.677196052483050259e+00 -1.031115067859779266e+01 -4.387205198343860246e+00 -1.031115067859779266e+01 -9.922693894265085524e-01 -2.183542127876678229e+00 -4.387205198343860246e+00 -2.183542127876678229e+00 -1.547444143531869898e+01
5.996804981285265512e+00 2.418920503770901842e+00 1.782467231714445210e+00 2.418920503770901842e+00 1.574936319498340254e+01 -2.650265399038107095e+00 1.782467231714445210e+00 -2.650265399038107095e+00 -5.527481635219095857e-01
2.770701938640633699e+01 6.524423860597794445e-01 -5.264986889489240873e+00 6.524423860597794445e-01 2.650688687408529631e+01 1.861037670388844933e+00 -5.264986889489240873e+00 1.861037670388844933e+00 9.980716682231776105e+00
-6.656569349107652300e+00 4.826063616690545288e+00 -5.285730010507728727e-01 4.826063616690545288e+00 3.019705714218166293e+01 -8.621559901511739454e+00 -5.285730010507728727e-01 -8.621559901511739454e+00 -6.536487607205507810e-01
5.706141080113890318e+00 -1.768099096593472552e+01 -1.041889259747122232e+01 -1.768099096593472552e+01 4.510273813264731757e+00 4.678434132871221784e+00 -1.041889259747122232e+01 4.678434132871221784e+00 2.285654214264714312e+01
-4.983088802275096540e+00 3.299697063724543966e+00 -1.592896869523058978e+00 3.299697063724543966e+00 3.584153105816970886e+00 -4.299834521198842907e+00 -1.592896869523058978e+00 -4.299834521198842907e+00 2.791297029037134170e+00
