3.233329171552850312e+01 1.204517396121623340e+00 -1.482686684327196192e+00 1.204517396121623340e+00 3.194365402085624339e+01 1.408275481075375257e+00 -1.482686684327196192e+00 1.408275481075375257e+00 6.241976364858452087e+00
1.241068305271320682e+01 1.144752610584224062e+00 -5.975641080106862013e+00 1.144752610584224062e+00 2.586018206481624659e+01 4.165297910167899076e+00 -5.975641080106862013e+00 4.165297910167899076e+00 1.001253092822095070e+01
-1.302187718361209434e+01 3.415312118418728726e+00 -9.765949850643476537e+00 3.415312118418728726e+00 -2.909462342698531856e+01 1.447170304296895793e+01 -9.765949850643476537e+00 1.447170304296895793e+01 -2.673824757905864402e+01
2.402222861459230430e+01 -1.223850953324076007e+00 -8.327005795019323253e-01 -1.223850953324076007e+00 2.912911906353127733e+01 6.374298153502095613e-04 -8.327005795019323253e-01 6.374298153502095613e-04 6.983698207554886572e+00
4.670376291466567409e+01 3.204557215129276937e+00 4.853834972445565832e+00 3.204557215129276937e+00 4.021440847689920162e+01 -1.019474553746077028e+01 4.853834972445565832e+00 -1.019474553746077028e+01 2.348109692010994465e+01
4.177782521953452743e+01 1.706525601172121709e+00 9.439803068026666466e+00 1.706525601172121709e+00 5.322185653033518093e+01 -1.162024324200357661e+01 9.439803068026666466e+00 -1.162024324200357661e+01 2.268464255398628637e+01
1.474492569179851387e+01 -1.796683855980800715e-01 -3.282346832188647756e+00 -1.796683855980800715e-01 2.575646258478403539e+01 -1.834671581188016543e+00 -3.282346832188647756e+00 -1.834671581188016543e+00 1.575347720499667226e+01
2.533317189949250547e+01 -4.977329266999797608e-01 8.336871205250507844e-01 -4.977329266999797608e-01 2.977699523348740485e+01 1.276427817924921770e+00 8.336871205250507844e-01 1.276427817924921770e+00 7.416283879813638791e+00
2.561242803905296128e+01 3.025728206075220861e+00 -1.012725680153670066e-01 3.025728206075220861e+00 3.956379489988720621e+01 -3.864368074584198620e+00 -1.012725680153670066e-01 -3.864368074584198620e+00 1.879480862343705283e+01
1.025488327457732751e+01 3.409745969353318973e+00 -2.952948007995442214e+00 3.409745969353318973e+00 -1.416819228540842968e+00 8.911942524714316249e+00 -2.952948007995442214e+00 8.911942524714316249e+00 1.906436277317448358e+01
1.500937339312403473e+01 8.041141779339975315e+00 6.358018589610755500e-01 8.041141779339975315e+00 2.247791356254314366e+01 -9.738082181148122629e+00 6.358018589610755500e-01 -9.738082181148122629e+00 1.001588255553074802e+01
-1.302187718361209434e+01 3.415312118418728726e+00 -9.765949850643476537e+00 3.415312118418728726e+00 -2.909462342698531856e+01 1.447170304296895793e+01 -9.765949850643476537e+00 1.447170304296895793e+01 -2.673824757905864402e+01
-1.688390222573507415e+01 -6.623799427328731504e+00 -4.175009860195062039e+00 -6.623799427328731504e+00 -6.672781315480272646e+00 4.565343905875417718e+00 -4.175009860195062039e+00 4.565343905875417718e+00 2.673752072033128258e+01
4.024665288844297351e+01 -9.222529399364864489e+00 -7.399694545453412431e-01 -9.222529399364864489e+00 6.277127136129388418e+01 -5.262642183765168014e+00 -7.399694545453412431e-01 -5.262642183765168014e+00 2.482681219319653110e+01
-3.992343090271146533e+00 7.338868387185407904e+00 -1.468305182311670398e+00 7.338868387185407904e+00 1.278492324197704422e+00 -4.400404317289581257e+00 -1.468305182311670398e+00 -4.400404317289581257e+00 -5.703610961976808369e+01
-8.915278645545646086e+00 2.137435858677976253e-01 3.301073264321503498e+00 2.137435858677976253e-01 -1.444200562099483776e+01 3.854909502957583611e-01 3.301073264321503498e+00 3.854909502957583611e-01 1.327345306980734030e+01
3.629612452987435489e+01 3.779769839480322080e+00 -1.161409993249565398e+00 3.779769839480322080e+00 4.792612107850700198e+01 2.138008767282688183e+00 -1.161409993249565398e+00 2.138008767282688183e+00 2.043364475984424544e+01
1.863155596168945394e+01 5.901472266372670639e+00 7.576483355712536616e-01 5.901472266372670639e+00 1.335315611580338313e+01 -1.330674297980332987e+00 7.576483355712536616e-01 -1.330674297980332987e+00 7.163364421345886912e-01
-6.378252279108082234e+00 6.128226430639567290e+00 -7.060742933974301749e+00 6.128226430639567290e+00 -1.211987064459829710e+01 1.175021185565102222e+01 -7.060742933974301749e+00 1.175021185565102222e+01 -5.969965116704514241e-01
7.979263657242167085e+01 -5.370914849436368321e+00 3.956424845738894192e+00 -5.370914849436368321e+00 5.698511325956326345e+01 -6.787474571965706360e+00 3.956424845738894192e+00 -6.787474571965706360e+00 3.014263168960972905e+01
3.796824860490044529e+01 1.320211923692578226e+00 1.230995617724719660e+00 1.320211923692578226e+00 2.828333415331980660e+01 -1.836743010634308115e+00 1.230995617724719660e+00 -1.836743010634308115e+00 1.081189442510113707e+01
-1.124747464639890460e+01 -4.696865299929319448e+00 1.933764637533144981e+00 -4.696865299929319448e+00 5.718225034731739598e+00 -5.718540269217789351e+00 1.933764637533144981e+00 -5.718540269217789351e+00 6.926592272457665622e+00
2.346063698588336877e+01 4.622822266982041128e+00 -4.838846581700958716e+00 4.622822266982041128e+00 2.915382128786823657e+01 1.092994180504103952e+01 -4.838846581700958716e+00 1.092994180504103952e+01 1.181197192069352120e+01
2.893995381309443715e+01 -1.036922088942563391e+01 -4.761461250141692858e+00 -1.036922088942563391e+01 2.888762568157372357e+01 4.609526316546642910e+00 -4.761461250141692858e+00 4.609526316546642910e+00 -2.807351869747878315e+00
3.983234338807193353e+01 3.349257348273122048e+00 -5.716134430661622190e+00 3.349257348273122048e+00 4.261913332366865603e+01 5.247838410959154487e+00 -5.716134430661622190e+00 5.247838410959154487e+00 1.465844786475713946e+01
1.355708465882875835e+01 -4.515552078143285186e+00 -3.694492387516084442e+00 -4.515552078143285186e+00 1.248179888841469420e+01 -2.457879187073772620e+00 -3.694492387516084442e+00 -2.457879187073772620e+00 -4.184217696589911384e+00
4.438999120253581054e+01 2.381328737206684476e+00 1.546153744849849909e+00 2.381328737206684476e+00 6.877277272519243922e+01 -3.553978802407850690e+00 1.546153744849849909e+00 -3.553978802407850690e+00 3.632747823310605639e+01
-1.931633150523389730e+01 -2.542409654724888224e+00 5.394025654941382086e+00 -2.542409654724888224e+00 4.189816368461798390e+00 -1.283545337810203790e+01 5.394025654941382086e+00 -1.283545337810203790e+01 -2.304501423894547596e+00
4.277498004382012198e+01 -2.553908175963293559e+00 2.853081342813447829e+00 -2.553908175963293559e+00 4.096391126353556444e+01 -1.441814113932596175e+00 2.853081342813447829e+00 -1.441814113932596175e+00 2.243428701915352264e+01
3.352119068935091661e+01 -7.043259767913949698e-01 1.184283244089448850e+00 -7.043259767913949698e-01 3.197075328748038459e+01 -3.040314496903859798e+00 1.184283244089448850e+00 -3.040314496903859798e+00 8.096408378392276006e+00
4.375457559146484243e+01 -1.385762539788974790e+00 1.398131715934912034e+00 -1.385762539788974790e+00 4.315918197083670549e+01 -1.571884815556841286e-01 1.398131715934912034e+00 -1.571884815556841286e-01 8.474856710318373842e+00
7.236465370019351973e+00 -3.159067987123324706e+00 3.480511660870682533e+00 -3.159067987123324706e+00 2.355183729421971295e-01 -3.589543121644427348e+00 3.480511660870682533e+00 -3.589543121644427348e+00 1.440784370736123954e+01
-6.934045644464291058e+00 2.338531708336174297e+00 -3.103869581360881647e+00 2.338531708336174297e+00 -6.316752906333499062e+00 -7.635095798535542322e+00 -3.103869581360881647e+00 -7.635095798535542322e+00 3.103829715860671801e+00
2.419635300433955649e+01 -4.474242533926032550e+00 1.351970185384994361e+00 -4.474242533926032550e+00 9.408691375624357534e+00 -1.451280057456910466e+00 1.351970185384994361e+00 -1.451280057456910466e+00 -9.099742350270351166e-01
2.637218694131636099e+01 6.483822634044964506e-01 5.201755435771158176e-01 6.483822634044964506e-01 2.843077158208735256e+01 1.935033791957385674e-02 5.201755435771158176e-01 1.935033791957385674e-02 7.278525731300932833e+00
7.930960795530282326e+00 2.129391887452178889e+00 4.661148374663301119e+00 2.129391887452178889e+00 7.077632059836252765e+00 -9.349939434457374077e+00 4.661148374663301119e+00 -9.349939434457374077e+00 1.504348816674565903e+01
3.212027083066624300e+01 1.129568839520468160e+00 1.650860143386760903e+00 1.129568839520468160e+00 3.097719843589374378e+01 1.225858152892940645e+00 1.650860143386760903e+00 1.225858152892940645e+00 1.038944473900300736e+01
4.273215284668410874e+01 -1.077078924055983045e+00 2.294402370012696424e-01 -1.077078924055983045e+00 4.272539207482870438e+01 6.580217199513275217e-01 2.294402370012696424e-01 6.580217199513275217e-01 1.726174986696077340e+01
1.587200004083810967e+01 -3.240620251931190854e+00 -1.127136619044963206e+00 -3.240620251931190854e+00 1.888264693056596855e+01 -1.822026964529973037e-01 -1.127136619044963206e+00 -1.822026964529973037e-01 -1.362034378449725747e-01
-1.357933633150511987e+01 -4.760192186647882906e+00 2.861630366385030655e-01 -4.760192186647882906e+00 -2.309838522366279179e+01 7.062941395888329588e+00 2.861630366385030655e-01 7.062941395888329588e+00 4.039650233230352327e+00
4.020913183899262577e+01 2.391846309827184158e-01 1.034438484461262631e+00 2.391846309827184158e-01 2.546576428005566584e+01 -2.727999745442288404e+00 1.034438484461262631e+00 -2.727999745442288404e+00 1.136507399986353128e+01
5.485989174136447843e+01 -6.674676286386735491e+00 -4.567223863970361286e+00 -6.674676286386735491e+00 6.169181280858642680e+01 6.389110357420118014e+00 -4.567223863970361286e+00 6.389110357420118014e+00 2.170631983908331719e+01
2.279859753093124386e+00 -8.008847922407406728e+00 8.445024986858857829e+00 -8.008847922407406728e+00 -4.724389813875978561e+00 -7.654800192162631411e+00 8.445024986858857829e+00 -7.654800192162631411e+00 -1.393226704326549603e+00
2.481193465733795023e+01 2.700221480430482490e-01 1.669065182667113456e+00 2.700221480430482490e-01 3.479182005409951017e+01 -8.445065160583828945e-01 1.669065182667113456e+00 -8.445065160583828945e-01 6.671284468411237789e+00
2.336072177589672449e+01 -2.089290177190416653e+00 -1.317656855948968087e+00 -2.089290177190416653e+00 3.053458911804341724e+01 3.910454351697885134e-01 -1.317656855948968087e+00 3.910454351697885134e-01 4.482900986200378135e+00
-2.120940518224778870e+01 3.685962754747081682e+00 -3.082845084760385657e+00 3.685962754747081682e+00 -3.596552115932323801e+01 -1.444221455767797258e+00 -3.082845084760385657e+00 -1.444221455767797258e+00 1.669927735097653354e+01
4.781206200211819635e+01 9.609258019751544921e+00 4.344551111118930109e+00 9.609258019751544921e+00 5.107501369686200121e+01 3.574009747874703713e+00 4.344551111118930109e+00 3.574009747874703713e+00 2.474411649623763410e+01
2.699038757827825563e+01 -4.059022511880242767e+00 -4.627684104212775873e-01 -4.059022511880242767e+00 2.686174930977278663e+01 1.355168784472313037e+00 -4.627684104212775873e-01 1.355168784472313037e+00 4.571966101343676314e+00
2.777104442492026593e+01 2.987375523003890643e-01 1.560383467686670134e+00 2.987375523003890643e-01 2.683415821790438827e+01 6.444012878673863742e-01 1.560383467686670134e+00 6.444012878673863742e-01 6.425435013902155212e+00
3.250178297111055770e+01 3.913360282326165507e+00 2.721207768522990289e+00 3.913360282326165507e+00 2.828724653094247898e+01 -5.719193893280073659e+00 2.721207768522990289e+00 -5.719193893280073659e+00 1.152824268443075262e+01
