2.137852399622372612e+00 2.108360832552603537e+00 4.771076564055767855e-01 2.108360832552603537e+00 2.360130252203715173e+01 -6.427023168460991975e+00 4.771076564055767855e-01 -6.427023168460991975e+00 2.030474148424001157e+01
-3.001132045903029066e+00 -3.505110174828300895e+00 -4.364460843487457886e+00 -3.505110174828300895e+00 -1.583849438289364198e+00 -5.205741517181841971e+00 -4.364460843487457886e+00 -5.205741517181841971e+00 -1.244368440469397719e+01
-1.432921406723385971e+01 -2.205548497448416023e-01 -2.299048093931815639e+00 -2.205548497448416023e-01 -1.240237251577296007e+01 1.465261169723180101e+00 -2.299048093931815639e+00 1.465261169723180101e+00 -2.893879391592979289e+01
-1.662891674879554671e+01 3.957793837141569959e+00 6.641561939713858109e-01 3.957793837141569959e+00 -1.189462855358762994e+01 1.114569583969113653e+00 6.641561939713858109e-01 1.114569583969113653e+00 -3.025970727641731983e+01
9.938859855048965963e-01 -9.434851844319267045e+00 -9.246926438180869567e+00 -9.434851844319267045e+00 -1.418864961441094419e+00 -5.490713039000726381e-01 -9.246926438180869567e+00 -5.490713039000726381e-01 -8.789624915173975594e+00
2.163702491159373054e+01 4.820680345964606595e+00 1.112170860753255219e+00 4.820680345964606595e+00 2.240389432071711795e+01 -1.172590375451653788e+00 1.112170860753255219e+00 -1.172590375451653788e+00 1.337145266221977025e+01
2.928347327300357250e+01 3.087220685289994826e+00 2.503487138201751616e+00 3.087220685289994826e+00 4.927036177109674675e+00 8.108266857682179918e+00 2.503487138201751616e+00 8.108266857682179918e+00 2.472319678554021039e+01
2.306724488947356733e+01 8.831333100636959088e+00 4.888700420017860537e+00 8.831333100636959088e+00 1.080209780137894171e+01 1.427897260881247465e+00 4.888700420017860537e+00 1.427897260881247465e+00 2.728905659184059918e+00
8.956978790693984394e+00 -3.876797683320287180e-01 -3.387076092708695696e-01 -3.876797683320287180e-01 2.249421291592211958e+01 -2.108040170024794158e+00 -3.387076092708695696e-01 -2.108040170024794158e+00 2.335738010417403920e+00
1.276936466161966166e+01 5.048420894870607967e+00 7.024196468318543829e+00 5.048420894870607967e+00 -1.572222879781031979e-01 3.754476865865692403e+00 7.024196468318543829e+00 3.754476865865692403e+00 3.276497120038712296e+00
9.144541993688687143e+00 -1.679583707093093459e+00 -1.037879816007124777e-02 -1.679583707093093459e+00 6.895089912557651246e+00 -1.778114679157184685e+00 -1.037879816007124777e-02 -1.778114679157184685e+00 -1.140441794661751729e+01
-7.190397976264709001e+00 -5.247664151258568666e+00 -1.881610119721268903e+00 -5.247664151258568666e+00 1.913243078641766459e+01 -5.562747155071844141e+00 -1.881610119721268903e+00 -5.562747155071844141e+00 5.008980423519992797e+01
-2.004724945215692244e+01 -5.348773051217424745e-01 2.409736318873443750e+00 -5.348773051217424745e-01 -1.497223355308391568e+01 -2.616293904241987489e-01 2.409736318873443750e+00 -2.616293904241987489e-01 -6.292367792037471652e+00
2.487569478599567674e+01 1.464063894904455543e+00 3.410406532093464449e+00 1.464063894904455543e+00 1.036668755897689032e+01 6.403766407161019636e+00 3.410406532093464449e+00 6.403766407161019636e+00 1.897966477064466773e+01
5.126768456403164365e+00 1.837295159453209870e+00 -2.875454828105323379e+00 1.837295159453209870e+00 -1.105738918005400073e+01 2.353956526735106802e+00 -2.875454828105323379e+00 2.353956526735106802e+00 2.811091798296100919e+01
-4.883716205716714498e+00 3.240624230579883247e-02 4.626185091461253229e+00 3.240624230579883247e-02 4.593660392917261470e-01 -3.580148818933499566e+00 4.626185091461253229e+00 -3.580148818933499566e+00 -8.755371321998973499e+00
-1.682209491383712896e+00 6.626085676486908049e+00 7.434816613651596739e+00 6.626085676486908049e+00 -9.152485919254472080e+00 2.337383612934443189e+00 7.434816613651596739e+00 2.337383612934443189e+00 -1.224510726642244585e+01
1.372046379165554697e+01 -7.798794183683778414e+00 -9.376642620979726672e+00 -7.798794183683778414e+00 1.788890991137389364e+01 -2.810077685100052847e+00 -9.376642620979726672e+00 -2.810077685100052847e+00 1.472079901473389540e+01
8.533389710971263753e+00 -2.091617423155388789e+00 -9.602722114992734426e-01 -2.091617423155388789e+00 -2.766276780298556393e+00 6.804706887877193244e-01 -9.602722114992734426e-01 6.804706887877193244e-01 -5.253794429211936512e-01
-1.267365260388974058e+01 -1.704220075572616455e+00 6.095196665484272636e-01 -1.704220075572616455e+00 -3.529771031570130280e+00 -5.451576964309378104e-01 6.095196665484272636e-01 -5.451576964309378104e-01 -3.555834289885868138e+00
-2.934699953516371806e+00 -1.929453854077515684e+00 -5.782620332333743285e+00 -1.929453854077515684e+00 -1.166642492619734739e+01 2.347538768168023759e-01 -5.782620332333743285e+00 2.347538768168023759e-01 -2.012509985584441452e+01
-9.682173086023674324e-01 2.097523560356001404e+00 -1.315514583439809870e+00 2.097523560356001404e+00 5.177177692447857638e+00 -3.944275928798268716e+00 -1.315514583439809870e+00 -3.944275928798268716e+00 1.558376658747912558e+01
-1.375357897129732443e+01 4.409999637445682019e+00 5.549488067522581503e+00 4.409999637445682019e+00 -1.204588774818830998e+01 -9.706846519765012227e-01 5.549488067522581503e+00 -9.706846519765012227e-01 -2.141890986228706950e+01
-1.874975599706502649e+01 -9.591195986997942402e-01 1.669628837752889838e+00 -9.591195986997942402e-01 -1.491533371274565312e+01 1.566266398711418928e+00 1.669628837752889838e+00 1.566266398711418928e+00 -2.289045172489815627e+01
7.838501101048366060e+00 -3.058078078807182187e+00 9.323223617272089481e-01 -3.058078078807182187e+00 2.247348909827914465e+00 -2.652756330608883051e+00 9.323223617272089481e-01 -2.652756330608883051e+00 2.907870243447559233e-02
-7.320198756086042646e-01 -1.281095885421913438e+00 -1.619574509079995783e+00 -1.281095885421913438e+00 7.780983686164316460e+00 -6.022531708084806201e-01 -1.619574509079995783e+00 -6.022531708084806201e-01 2.722663659740571163e+01
8.455684139979052105e+00 1.402274796140035251e+00 2.513220099362226012e+00 1.402274796140035251e+00 8.148122706456423003e+00 2.080845323676548730e+00 2.513220099362226012e+00 2.080845323676548730e+00 7.548529199986883320e+00
8.982637145934225131e+00 1.333718309356353604e+00 -4.217359632069702435e+00 1.333718309356353604e+00 -7.649148796185409438e+00 2.070243371529901122e+00 -4.217359632069702435e+00 2.070243371529901122e+00 1.118125250497405965e+01
5.285946952630357076e-01 -2.626519176009888934e+00 -7.495676294425974717e+00 -2.626519176009888934e+00 2.000388117688451484e+00 -3.185431449946397375e+00 -7.495676294425974717e+00 -3.185431449946397375e+00 -4.250579830581025398e+00
4.457454853101351366e-01 -3.821425643773500358e+00 -7.699640909077381856e+00 -3.821425643773500358e+00 5.425978893991445950e+00 -4.913442936707014819e-01 -7.699640909077381856e+00 -4.913442936707014819e-01 1.557895210736671388e+01
-1.505590414772421726e+00 8.213587888124987968e-01 -1.284685626851509443e+00 8.213587888124987968e-01 -7.624660734364177017e+00 -6.840272492377460489e-01 -1.284685626851509443e+00 -6.840272492377460489e-01 1.081434178862627160e+00
-1.484144379110298173e+00 -1.399168852570130639e+01 -9.545741318807499098e+00 -1.399168852570130639e+01 1.366402138127595123e+01 -5.071800845516568401e+00 -9.545741318807499098e+00 -5.071800845516568401e+00 1.721442766648286948e+01
-1.454207049486437775e+01 1.427044238962335232e+00 -4.918936773982419908e+00 1.427044238962335232e+00 -1.718654496171909329e+01 -3.779914219227559435e+00 -4.918936773982419908e+00 -3.779914219227559435e+00 -2.182130127729716307e+01
9.154926271018048567e+00 2.518393660912463528e-01 -1.023403222163432824e+00 2.518393660912463528e-01 -9.125725386714097498e-01 -1.298963966014921589e-01 -1.023403222163432824e+00 -1.298963966014921589e-01 -5.618695110497910150e+00
-1.344371087160899370e+00 4.444605230958982744e+00 7.358299513253410140e+00 4.444605230958982744e+00 3.960235002328790777e-01 3.027413423897405309e+00 7.358299513253410140e+00 3.027413423897405309e+00 5.626176193511483348e+00
1.667852574169087987e+01 -3.884310661600878234e+00 -3.080203159799157930e+00 -3.884310661600878234e+00 9.495207061260851233e+00 1.043531412502301192e+00 -3.080203159799157930e+00 1.043531412502301192e+00 -8.252156906953102222e+00
1.298212946914200749e+01 -4.044321790388963223e+00 -3.121834662639393354e+00 -4.044321790388963223e+00 2.299118084447961508e+01 1.160262780778452019e+00 -3.121834662639393354e+00 1.160262780778452019e+00 2.211204156309738877e+01
1.324620225372995286e+01 8.318922932645662627e+00 -1.386246554014228582e+00 8.318922932645662627e+00 1.032268405497038977e+01 2.707069602264033481e+00 -1.386246554014228582e+00 2.707069602264033481e+00 1.916174170079621319e+01
6.794859421534471977e+00 -3.797396537784568871e+00 -3.021875513150258818e+00 -3.797396537784568871e+00 1.523564930331017031e+01 -2.136129609011273356e+00 -3.021875513150258818e+00 -2.136129609011273356e+00 5.117295596289646475e+00
-4.594038867978984086e+00 6.830559346632166573e+00 4.037385492199660142e+00 6.830559346632166573e+00 -7.434269635534746179e+00 -4.751490933087736956e-01 4.037385492199660142e+00 -4.751490933087736956e-01 -2.185749060040068059e+01
-2.087688322210854253e+01 -9.208048637823328386e-01 -2.375409178427258627e+00 -9.208048637823328386e-01 -2.554844382867720043e+01 -6.455838232273523047e-01 -2.375409178427258627e+00 -6.455838232273523047e-01 -1.003246649445701344e+01
-8.237168171812971895e-01 -9.548998859763205838e-01 -2.467497167915438272e+00 -9.548998859763205838e-01 -3.688017157186003647e+00 -2.972505989908217128e+00 -2.467497167915438272e+00 -2.972505989908217128e+00 8.107194941252743092e+00
-4.841328350952701420e+00 1.051212881362158313e+01 6.780868505821390890e+00 1.051212881362158313e+01 -5.999173803726687737e+00 9.648075889983730447e-01 6.780868505821390890e+00 9.648075889983730447e-01 -3.841029671088779018e+00
1.819354500743654413e+01 -3.558550413132286039e+00 -5.093901385928009340e+00 -3.558550413132286039e+00 1.498487702064568161e+01 4.123606187540176826e+00 -5.093901385928009340e+00 4.123606187540176826e+00 2.918204891523273048e+01
2.762207175554826577e+01 -1.354951560301504720e+01 -7.494134425700245572e+00 -1.354951560301504720e+01 4.875870570538715754e+01 -2.525252474294667149e+00 -7.494134425700245572e+00 -2.525252474294667149e+00 5.830189924961239001e+01
-5.924717167128039641e-01 -5.056650105188973399e+00 -6.689245323720730774e+00 -5.056650105188973399e+00 4.157094874226329750e+01 -7.903541402671568683e+00 -6.689245323720730774e+00 -7.903541402671568683e+00 7.078310938085307313e+00
1.401942439124419870e+01 5.758253002733052739e+00 6.371709053138173928e+00 5.758253002733052739e+00 4.189898861123194429e+00 5.412731414360885118e+00 6.371709053138173928e+00 5.412731414360885118e+00 1.042565533497727515e+01
7.465463614819704219e+00 8.838315006986940503e+00 5.234094103796623543e+00 8.838315006986940503e+00 1.278788409131541792e+00 4.725139491408383741e+00 5.234094103796623543e+00 4.725139491408383741e+00 5.104876720471595242e+00
-9.938861186761969169e-01 -5.481389964838961903e-01 1.439795872407702015e+00 -5.481389964838961903e-01 1.661098742812173512e+01 -8.405726595745052876e+00 1.439795872407702015e+00 -8.405726595745052876e+00 1.011952125702983096e+01
-1.766310957962181050e+01 4.863793299325941177e+00 7.937644470010535080e+00 4.863793299325941177e+00 -2.756462804460529625e+01 3.509698748119793432e+00 7.937644470010535080e+00 3.509698748119793432e+00 -3.831345461882493453e+01
