5.675830030133860227e+00 3.308098456038516932e+00 4.551300812162414111e+00 3.308098456038516932e+00 2.794276441706180947e+01 3.783299880070672305e+00 4.551300812162414111e+00 3.783299880070672305e+00 1.993907161168344189e+01
1.884782522994564857e+01 -7.565984084103716256e+00 1.777022850611106319e+00 -7.565984084103716256e+00 2.648681923280481243e+01 3.143964135547738348e+00 1.777022850611106319e+00 3.143964135547738348e+00 -1.452670501780292778e+00
-2.396189704584459434e+01 1.830518767933539515e+00 -2.929379092444423627e+00 1.830518767933539515e+00 -9.621627120821361956e+00 5.438642498787813473e+00 -2.929379092444423627e+00 5.438642498787813473e+00 -1.814479464511122586e+01
-1.939519772196285885e+01 1.065885447820065046e+01 1.696850125008355636e+00 1.065885447820065046e+01 -2.885295696733436444e+01 5.075671884150714241e+00 1.696850125008355636e+00 5.075671884150714241e+00 -1.882130185924407062e+00
-3.520439598641583512e+00 1.654244118330784108e+00 -1.061515218706595043e+00 1.654244118330784108e+00 -5.013783001096442149e+00 4.288961001641881099e-01 -1.061515218706595043e+00 4.288961001641881099e-01 -7.907764222097883433e+00
1.181658427201884543e+01 -1.139408025278959347e+00 1.282075568867266924e+00 -1.139408025278959347e+00 8.352190681914681392e+00 6.328008803724598508e-01 1.282075568867266924e+00 6.328008803724598508e-01 1.818280301941557653e+01
1.690255101937506410e+01 -1.038330195568184955e+00 -9.561970118235153526e-01 -1.038330195568184955e+00 1.845879013024630311e+01 1.200339190290649061e+00 -9.561970118235153526e-01 1.200339190290649061e+00 1.168840142784537584e+01
-3.338896324794300430e+00 -2.520654053518466942e+00 -4.298938020787475445e+00 -2.520654053518466942e+00 -2.807323522799593007e+01 1.455614278744575552e-01 -4.298938020787475445e+00 1.455614278744575552e-01 -2.293778924732496449e+01
-1.091628138817187832e+01 -3.071538895000121894e+00 -2.345885146259133469e-01 -3.071538895000121894e+00 -1.580020913452096565e+01 4.205880467689552482e+00 -2.345885146259133469e-01 4.205880467689552482e+00 3.487728058444879320e+00
-7.428905609582446168e+00 -5.452762149883515208e-02 1.427485931148639864e+00 -5.452762149883515208e-02 -1.053211296092689508e+01 3.808647290266674812e+00 1.427485931148639864e+00 3.808647290266674812e+00 -1.364987320003792359e-01
6.849607387849731666e+00 1.499097326866478008e+00 6.592539711789284773e-01 1.499097326866478008e+00 8.894918189339261261e+00 5.979925910837037506e+00 6.592539711789284773e-01 5.979925910837037506e+00 4.035154032849884054e+00
4.242716984267087099e+00 -2.590378808347910677e+00 -4.333170880303770289e+00 -2.590378808347910677e+00 1.066860942679462987e+01 8.764333481313945740e+00 -4.333170880303770289e+00 8.764333481313945740e+00 1.273440841939661450e+00
6.734730029960273257e+00 1.086287568517180446e+00 6.852227941328568050e-01 1.086287568517180446e+00 1.455318260939499808e+01 1.232946540127508372e+00 6.852227941328568050e-01 1.232946540127508372e+00 1.732313465011210241e+01
1.250933217321541058e+01 5.573340996111506129e+00 8.830190595252365160e-01 5.573340996111506129e+00 -4.817067249324989753e+00 1.442190411818667473e+00 8.830190595252365160e-01 1.442190411818667473e+00 3.467453693478977694e+00
-9.095985226374203592e+00 -4.053919517986512844e-01 1.075859841560888652e+00 -4.053919517986512844e-01 -1.365871039648398444e+01 3.804588087255857065e+00 1.075859841560888652e+00 3.804588087255857065e+00 9.769662565237574370e+00
-2.520780555236495246e+01 1.513448577910209369e+00 -5.324347449046760161e+00 1.513448577910209369e+00 -1.178676183462792615e+01 -1.063271836627169176e+00 -5.324347449046760161e+00 -1.063271836627169176e+00 1.135068533160772652e+01
-6.522691978375283917e+00 -3.158917734397546528e+00 1.212821283914356840e+00 -3.158917734397546528e+00 -5.523088043467669017e+00 -1.538921657174649738e-01 1.212821283914356840e+00 -1.538921657174649738e-01 -1.389338097953429596e+01
-5.733022371632634062e+00 -1.296416384820700651e+00 1.322848611817091458e+00 -1.296416384820700651e+00 7.243107893281066190e+00 6.537764931390552370e+00 1.322848611817091458e+00 6.537764931390552370e+00 5.163593780029897218e+00
4.426305882625631405e+00 2.339791186212631935e+00 -3.513030124623266914e+00 2.339791186212631935e+00 1.452083982900559178e+01 -1.001151088669259170e+00 -3.513030124623266914e+00 -1.001151088669259170e+00 1.366668743574174982e+01
-1.655624165627737199e+01 -1.029562870569222355e+00 -7.306989997660844338e-01 -1.029562870569222355e+00 -1.089973438569386666e+01 1.027937414735707877e+00 -7.306989997660844338e-01 1.027937414735707877e+00 4.021646861464542866e+00
-1.486037441616242738e+01 1.536333821498107266e+00 6.312889814459691884e+00 1.536333821498107266e+00 1.604331534971333184e+01 -1.080435355662416796e+01 6.312889814459691884e+00 -1.080435355662416796e+01 -4.772653218542458831e+00
-1.189169254267503995e+01 -8.483206030283550803e+00 1.446520037283685944e+00 -8.483206030283550803e+00 -3.629252630866487972e-01 -9.265866144518141168e-01 1.446520037283685944e+00 -9.265866144518141168e-01 2.720631710702912542e+01
1.456386415973258508e+01 -1.159942059285622440e+00 -2.153230454034164687e+00 -1.159942059285622440e+00 7.461153926920415458e+00 -2.962528735854778716e+00 -2.153230454034164687e+00 -2.962528735854778716e+00 2.956226823004536541e+01
1.107253075082086369e+01 1.163096583650484295e+00 -2.130823699492305323e+00 1.163096583650484295e+00 1.536091352313491853e+01 -1.096288821504917577e+00 -2.130823699492305323e+00 -1.096288821504917577e+00 2.785497818262432546e+01
-1.976025781853264363e+01 -1.752025555781410837e+00 -1.571207163509145133e+00 -1.752025555781410837e+00 -1.763834693097076567e+01 2.697918030979586934e+00 -1.571207163509145133e+00 2.697918030979586934e+00 -2.417574605762446183e+01
-1.927741527943795674e+01 -2.340206851633368501e+00 -4.638537102551999247e+00 -2.340206851633368501e+00 -2.020525475020046358e+01 2.663229845423833453e+00 -4.638537102551999247e+00 2.663229845423833453e+00 -1.092642791799620738e+01
-2.606092375140146089e+01 -1.505952646978474752e+00 1.068993100710222910e+00 -1.505952646978474752e+00 -1.697599032668452779e+01 1.388779149798881285e+00 1.068993100710222910e+00 1.388779149798881285e+00 -2.781953446428051180e+01
1.404336508142174367e+01 -4.414088257546727512e+00 -3.509647309295688133e-01 -4.414088257546727512e+00 2.088539252212226316e+01 2.193220658466831230e-01 -3.509647309295688133e-01 2.193220658466831230e-01 2.197697399524529871e+01
1.170789083665327190e+01 -5.381928678467551741e+00 -1.178739964649915928e+00 -5.381928678467551741e+00 1.373878680295332622e+01 5.325601231878085429e+00 -1.178739964649915928e+00 5.325601231878085429e+00 3.081616056121949665e+00
8.908490949796824765e+00 -4.040411791080852133e+00 -1.567814916132484360e+00 -4.040411791080852133e+00 7.337466530939257270e-01 -2.305408948041681061e+00 -1.567814916132484360e+00 -2.305408948041681061e+00 1.349922882851743111e+01
4.198393369666776564e+00 -3.380140066292961265e+00 4.498267603148424776e-01 -3.380140066292961265e+00 5.684524185710784216e+00 -1.009561792366207733e+01 4.498267603148424776e-01 -1.009561792366207733e+01 -7.580680575496612228e+00
-3.268076266327487822e+00 -4.005632651090491159e+00 -2.954803072316508850e+00 -4.005632651090491159e+00 -2.018954751844545115e+01 6.924230623935887508e-01 -2.954803072316508850e+00 6.924230623935887508e-01 -5.070663497159089594e+00
1.172084703395415151e-01 -1.034257270161563014e+01 -1.700415336103874075e+00 -1.034257270161563014e+01 -1.914250745476338622e+01 -1.041457117051999948e+00 -1.700415336103874075e+00 -1.041457117051999948e+00 -1.868916116327231336e+01
-4.908805506515405703e+00 8.554652980028562004e-01 3.717803911744200551e+00 8.554652980028562004e-01 2.090542127550787388e+00 1.263753978777272025e+00 3.717803911744200551e+00 1.263753978777272025e+00 -8.073542611262393365e+00
-1.339220116699613783e+01 4.470197749830197687e+00 -1.737350545092120724e+00 4.470197749830197687e+00 4.175525514887637790e+00 -4.778607358718102383e+00 -1.737350545092120724e+00 -4.778607358718102383e+00 1.592399519597290647e+00
1.873411100677403240e+01 1.126617111738279275e+00 -1.019621184300084860e+00 1.126617111738279275e+00 6.077839809133556592e+00 -5.233660835735991945e+00 -1.019621184300084860e+00 -5.233660835735991945e+00 -2.125249161163186074e+00
-1.390494846056054001e+01 -7.328598764542364918e+00 -8.202638739642548416e+00 -7.328598764542364918e+00 1.719970937902736807e+01 -3.880637727557757710e+00 -8.202638739642548416e+00 -3.880637727557757710e+00 -4.024420274098279293e+00
-1.326279681452083281e+01 -8.258401281039426389e-02 9.362824354713056962e+00 -8.258401281039426389e-02 -9.807321857749078831e+00 -5.425357976524627368e+00 9.362824354713056962e+00 -5.425357976524627368e+00 5.543985748153636983e-01
-9.155392416502081687e+00 -4.990837678518441400e+00 -2.189085677441057420e+00 -4.990837678518441400e+00 -5.488909616056629304e+00 -1.455228282729254419e+00 -2.189085677441057420e+00 -1.455228282729254419e+00 -6.286606921689634753e+00
-1.867068406324158403e+01 -3.838735695833915607e+00 -5.367726586988637472e+00 -3.838735695833915607e+00 6.643439487995608239e+00 -4.734566980990955187e+00 -5.367726586988637472e+00 -4.734566980990955187e+00 8.965357598191284083e+00
3.412146543357621020e+00 8.804157083821440466e+00 1.001021788244923982e+01 8.804157083821440466e+00 -9.310556269395044993e+00 1.107319816930602308e+01 1.001021788244923982e+01 1.107319816930602308e+01 -3.741437927243075112e+00
6.589884994279214148e+00 1.069942880804966023e+00 4.676452268528484169e+00 1.069942880804966023e+00 1.951261336129005874e+00 -2.702869251693679420e+00 4.676452268528484169e+00 -2.702869251693679420e+00 -4.849522050707172127e+00
1.317770609558556405e+00 3.261693838751519081e+00 -7.775435837776135672e-01 3.261693838751519081e+00 1.200493620084815838e+01 5.464785340576917783e+00 -7.775435837776135672e-01 5.464785340576917783e+00 9.312054123829687668e+00
-2.426980741326415725e+01 -3.194097279379089827e+00 7.488835188141796939e-01 -3.194097279379089827e+00 -1.974222818957104408e+01 5.376378683384035462e-01 7.488835188141796939e-01 5.376378683384035462e-01 -5.888712278424625524e+00
7.261128963066605380e+00 -3.975649657472813292e+00 -3.277426795797024894e+00 -3.975649657472813292e+00 7.563848842297433706e-01 5.394950087464564170e+00 -3.277426795797024894e+00 5.394950087464564170e+00 4.962410885959431361e+00
-2.137438399481634832e+01 -4.307003945946362045e+00 -6.373658195859303710e+00 -4.307003945946362045e+00 -9.971426294561030801e+00 -2.376226037596663510e+00 -6.373658195859303710e+00 -2.376226037596663510e+00 -7.308442205920817614e+00
2.928118505053205478e+00 -1.791607019475217888e-01 -4.098149223385567086e-01 -1.791607019475217888e-01 4.973817020946930789e+00 3.642515282523513420e+00 -4.098149223385567086e-01 3.642515282523513420e+00 2.623953424516218647e+01
6.321688311746179956e+00 1.033281245133267356e+00 -1.468303406393322907e+00 1.033281245133267356e+00 -2.599103054693879589e+00 -3.840644185735695881e+00 -1.468303406393322907e+00 -3.840644185735695881e+00 -1.133116839515567298e+00
8.332535339534080876e+00 -1.460568386817505893e+00 -8.113822144567253147e-01 -1.460568386817505893e+00 -1.309050575360671376e+00 1.107667520589905447e-01 -8.113822144567253147e-01 1.107667520589905447e-01 -1.314371893629161470e+01
-1.657170248041784788e+01 -2.046544772844624660e+00 -2.974952771318446043e+00 -2.046544772844624660e+00 -3.575130053743507563e+00 -2.071208564084599857e+00 -2.974952771318446043e+00 -2.071208564084599857e+00 -2.478853021925590738e+01
