1.996029511084998020e+01 -7.521528820978945484e-01 2.942983420801116523e+00 -7.521528820978945484e-01 3.161125112613264321e+01 -7.832327722725272723e-02 2.942983420801116523e+00 -7.832327722725272723e-02 2.645144051662739315e+01
1.205617393334499354e+00 -6.462130919565970189e+00 -6.208740661014410911e+00 -6.462130919565970189e+00 8.190738356063272718e+00 -5.764136938689691236e-01 -6.208740661014410911e+00 -5.764136938689691236e-01 1.237547507204178920e+01
3.112466703391000422e+01 2.109378038643351105e-01 -4.830452136731423707e+00 2.109378038643351105e-01 2.673532800904791618e+00 -1.867381492070063098e+00 -4.830452136731423707e+00 -1.867381492070063098e+00 1.695495910005385909e+01
-2.017279180529561344e+01 -9.262200578581042620e+00 3.861273392854494890e+00 -9.262200578581042620e+00 -3.712754909889210531e+00 -4.739241547353644002e+00 3.861273392854494890e+00 -4.739241547353644002e+00 -1.295349266359865359e+00
1.429877535768623975e+00 8.858289416822809903e-01 -2.373119543528157571e+00 8.858289416822809903e-01 9.208968023838989936e+00 -6.345943482604136321e+00 -2.373119543528157571e+00 -6.345943482604136321e+00 4.390906640290387131e+00
1.685233425849187583e+01 4.337890402733914463e+00 -8.832795460418396694e-01 4.337890402733914463e+00 1.800713348712498529e+01 3.215755699924719990e-01 -8.832795460418396694e-01 3.215755699924719990e-01 1.447368023735511500e+01
3.336438632534846960e+01 -1.692748084536232378e+00 2.674761026413415843e-01 -1.692748084536232378e+00 3.286473924688335302e+01 -5.283880184089207788e+00 2.674761026413415843e-01 -5.283880184089207788e+00 2.988152574753981128e+01
2.728258303172714605e+01 5.496472533420541096e-01 -2.114772513575321200e-01 5.496472533420541096e-01 2.892774283460157392e+01 -9.059644589512446666e-01 -2.114772513575321200e-01 -9.059644589512446666e-01 2.750408640907548019e+01
-1.218856015945701543e+01 -1.956049360097172007e+00 -9.794756407568696588e-01 -1.956049360097172007e+00 -5.559234157816952404e+00 -1.131096041894161708e+01 -9.794756407568696588e-01 -1.131096041894161708e+01 6.654471952601141105e+00
1.734523252093309864e+01 -9.334321138998231682e-01 -1.422707511987469697e+00 -9.334321138998231682e-01 1.450211409401229368e+01 3.617827621223985712e-01 -1.422707511987469697e+00 3.617827621223985712e-01 1.802335291394460981e+01
-1.978344167977157397e+01 3.130961268953066590e+00 -3.010755537385291891e+00 3.130961268953066590e+00 -2.031130635248777594e+01 -4.188977085870672745e+00 -3.010755537385291891e+00 -4.188977085870672745e+00 -1.151161763426782692e+01
1.397968829882212916e+01 2.145345327699606230e-01 7.196275531825109262e-01 2.145345327699606230e-01 1.233821211560824516e+01 3.860725230025557897e-01 7.196275531825109262e-01 3.860725230025557897e-01 1.235699257789387495e+01
5.582882476927918702e+01 -5.167511228032600989e+00 1.389136898907436635e+00 -5.167511228032600989e+00 5.652059683904037968e+01 3.868487350280982895e+00 1.389136898907436635e+00 3.868487350280982895e+00 3.819291191564558119e+01
2.112672420939641071e+01 6.332238241433761239e+00 3.719281552280142122e+00 6.332238241433761239e+00 7.032110562514118257e+00 -2.251132407346161823e+00 3.719281552280142122e+00 -2.251132407346161823e+00 2.080078199022122476e+01
3.176542418018168945e+00 7.615615621428800885e+00 4.545810070534832548e+00 7.615615621428800885e+00 4.070602612768720041e-01 3.277172358312972822e+00 4.545810070534832548e+00 3.277172358312972822e+00 -8.197593534416675709e+00
1.824447463808068193e+01 -4.655749580542578037e-01 -1.482847198660342647e+00 -4.655749580542578037e-01 2.422831424200584038e+01 1.057678639456041569e+00 -1.482847198660342647e+00 1.057678639456041569e+00 2.037465446692651838e+01
-1.237917986932016312e+01 3.519091149327580048e+00 5.257304896913747028e-01 3.519091149327580048e+00 -1.039100556252354757e+01 -7.320897117206960125e+00 5.257304896913747028e-01 -7.320897117206960125e+00 -4.797323041716039960e+00
1.536069427743463045e+01 6.212334272060017204e-01 -6.721883417274411299e-01 6.212334272060017204e-01 1.356115652685607209e+01 2.347330062791096683e+00 -6.721883417274411299e-01 2.347330062791096683e+00 1.219874479637582887e+01
1.355181648280855455e+01 -1.062011819260762602e+00 -3.877519839732240792e-01 -1.062011819260762602e+00 1.161034143423584730e+01 9.689044532653988684e-01 -3.877519839732240792e-01 9.689044532653988684e-01 1.454006874211643741e+01
1.015984164023883096e+01 -4.889199334234153871e-01 6.619726600815553086e-01 -4.889199334234153871e-01 6.744102346166016559e+00 1.852267661723180803e+00 6.619726600815553086e-01 1.852267661723180803e+00 8.386375889220923696e+00
1.467991357875578728e+01 6.460341301795204494e+00 6.339020381257414183e-01 6.460341301795204494e+00 3.589836509408594445e+00 9.996386611898783414e+00 6.339020381257414183e-01 9.996386611898783414e+00 -7.980607842153278675e+00
4.294208723785082782e+01 1.086778130759912919e+00 5.738478793356483365e+00 1.086778130759912919e+00 5.781510492740885354e+01 -2.388788304795923523e+00 5.738478793356483365e+00 -2.388788304795923523e+00 5.027195386919873243e+01
1.874550424233482104e+01 7.417945366469930413e+00 -2.945915634068011490e-01 7.417945366469930413e+00 3.376749815648930308e+01 1.134944963828039555e+00 -2.945915634068011490e-01 1.134944963828039555e+00 2.183020546571378873e+01
1.627299440551745846e+01 7.667848155971220159e+00 -7.810016084766310485e+00 7.667848155971220159e+00 2.263704444635560620e+01 -3.206589504636223165e+00 -7.810016084766310485e+00 -3.206589504636223165e+00 1.056635893150977168e+01
5.985263780038836856e+00 8.057829855210982828e+00 -7.455411722256513052e+00 8.057829855210982828e+00 2.811972669922992996e+00 3.025191444831358378e+00 -7.455411722256513052e+00 3.025191444831358378e+00 3.183710286970601322e-01
9.234874818875900004e+00 9.813558661923348359e-01 2.624518649031652995e+00 9.813558661923348359e-01 2.591172234067347091e+00 1.440251187763748053e+00 2.624518649031652995e+00 1.440251187763748053e+00 3.918434942053601322e+00
2.956433962628135603e+01 1.112310161259697089e-01 1.663801178626220789e+00 1.112310161259697089e-01 3.256532544493472869e+01 6.080962028928961871e+00 1.663801178626220789e+00 6.080962028928961871e+00 3.061101688251841679e+01
9.566581427620903355e+00 -7.050962695632014388e+00 8.153900534012535894e-01 -7.050962695632014388e+00 4.733116981978036542e+00 6.063085374811951311e+00 8.153900534012535894e-01 6.063085374811951311e+00 2.059839374978915671e+00
-2.738836676943524040e+01 2.008033725898446420e+00 -1.523009938722990730e+00 2.008033725898446420e+00 -3.895629424042004274e+01 2.553616251307857521e+00 -1.523009938722990730e+00 2.553616251307857521e+00 -3.027987264543597945e+01
3.574853959503943912e+01 2.927236484049027254e+00 4.176548590451651499e+00 2.927236484049027254e+00 2.764807895704192475e+01 -1.577708738251500264e+00 4.176548590451651499e+00 -1.577708738251500264e+00 3.729423858396780389e+01
-1.620139230518704565e+01 5.180034673491689112e+00 -3.603311473723232350e+00 5.180034673491689112e+00 -1.361660989066914773e+01 5.374710477221713134e+00 -3.603311473723232350e+00 5.374710477221713134e+00 -1.106513920710384191e+01
1.335621210320510777e+01 -3.845613112748045292e-01 6.776524375285500890e-01 -3.845613112748045292e-01 1.289070835079619570e+01 8.342447306031867127e-01 6.776524375285500890e-01 8.342447306031867127e-01 1.315399958662034408e+01
5.127310453362123610e+01 -5.134219161922477959e+00 -2.821671737311454820e+00 -5.134219161922477959e+00 4.077030284663162263e+01 -2.030198793986044858e+00 -2.821671737311454820e+00 -2.030198793986044858e+00 4.413437167324825339e+01
1.577627013660953637e+01 -2.368079096903823011e+00 3.640640068903349569e+00 -2.368079096903823011e+00 1.564953781948060474e+01 2.762296307585829336e+00 3.640640068903349569e+00 2.762296307585829336e+00 1.160543448267674016e+01
2.914220842365725872e+01 -3.663858579520015812e+00 1.176615136157988628e+00 -3.663858579520015812e+00 2.120235523972728942e+01 3.168087676127706143e+00 1.176615136157988628e+00 3.168087676127706143e+00 2.605199043271358761e+01
2.104223913113170497e+01 1.231690751433246245e+00 -6.660698545359988731e-01 1.231690751433246245e+00 2.750164227437143794e+01 -2.906556289819913985e+00 -6.660698545359988731e-01 -2.906556289819913985e+00 2.060946524989697082e+01
1.673030644193783090e+01 -3.707470857815345355e-01 1.332970389102266395e+00 -3.707470857815345355e-01 1.295970101290834009e+01 1.758259309878837717e+00 1.332970389102266395e+00 1.758259309878837717e+00 1.729072916339405097e+01
1.088900977444640894e+01 5.806888076841831392e+00 1.342319139490484092e+00 5.806888076841831392e+00 1.060648472461934055e+01 -2.478690904510509885e+00 1.342319139490484092e+00 -2.478690904510509885e+00 -3.951317888932822875e+00
4.111799650950914042e+01 2.862776278839756827e+00 7.914674374206004392e-01 2.862776278839756827e+00 3.457348110255138351e+01 1.187144916793904104e+00 7.914674374206004392e-01 1.187144916793904104e+00 3.880291544991135311e+01
-6.355121022395918473e+00 -1.488297840200113187e-01 -1.119191737854352553e+00 -1.488297840200113187e-01 -1.063608381719425822e+01 7.091852779202757473e-01 -1.119191737854352553e+00 7.091852779202757473e-01 -6.843853880326743244e+00
-6.900189171262823606e+00 -3.134657486030799078e-01 -2.269497643770783224e+00 -3.134657486030799078e-01 -1.160907363308642637e+01 2.411419958453532297e-01 -2.269497643770783224e+00 2.411419958453532297e-01 -9.641904651782436275e+00
1.478530406844621758e+01 2.537598939842516277e+00 -3.572434149947281701e-01 2.537598939842516277e+00 6.128166357401086728e+00 -6.975167378196352352e+00 -3.572434149947281701e-01 -6.975167378196352352e+00 3.493387537603944715e+00
8.733967879056256933e-01 4.223600521159989046e-02 -8.430106279126702296e-01 4.223600521159989046e-02 7.813681349723894165e+00 -2.078737765429522710e+00 -8.430106279126702296e-01 -2.078737765429522710e+00 2.070373854034107008e+00
1.347424164295156146e+01 -5.892760411533385145e+00 -3.137509800735866161e+00 -5.892760411533385145e+00 1.747334596248869687e+01 -5.027487881695161143e+00 -3.137509800735866161e+00 -5.027487881695161143e+00 7.209088452039278394e+00
3.214965528723769950e+01 6.598378457046824686e+00 -4.260754067612201546e+00 6.598378457046824686e+00 3.828632613769743287e+00 3.749887930310954243e+00 -4.260754067612201546e+00 3.749887930310954243e+00 1.633924960724361952e+01
4.294208723785082782e+01 1.086778130759912919e+00 5.738478793356483365e+00 1.086778130759912919e+00 5.781510492740885354e+01 -2.388788304795923523e+00 5.738478793356483365e+00 -2.388788304795923523e+00 5.027195386919873243e+01
-2.917951242311086801e+01 3.985835900024891743e+00 4.970242906164745178e-01 3.985835900024891743e+00 -3.171072767291628125e+01 -3.028852498163778328e+00 4.970242906164745178e-01 -3.028852498163778328e+00 -2.259584590154587858e+01
4.294208723785082782e+01 1.086778130759912919e+00 5.738478793356483365e+00 1.086778130759912919e+00 5.781510492740885354e+01 -2.388788304795923523e+00 5.738478793356483365e+00 -2.388788304795923523e+00 5.027195386919873243e+01
4.532586635699213673e+01 9.983562293800185117e+00 5.808819811213130180e+00 9.983562293800185117e+00 4.507435121812529388e+01 8.475366631509437809e+00 5.808819811213130180e+00 8.475366631509437809e+00 4.731048257481518249e+01
2.647220714830808319e+01 -2.004730209514234751e+00 -5.877899882399787446e-01 -2.004730209514234751e+00 2.875296342796910309e+01 5.088496297590707762e-01 -5.877899882399787446e-01 5.088496297590707762e-01 2.661315272939823018e+01
