-3.087506575632382955e+00 7.055827429970963349e-01 9.975856670787614178e+00 7.055827429970963349e-01 2.886602544669396586e+00 8.642014642405438929e-01 9.975856670787614178e+00 8.642014642405438929e-01 -2.465991784034490308e+01
-1.370062668919528015e+01 -8.153307054817235056e+00 -2.469223913693286976e-01 -8.153307054817235056e+00 3.784656550302707245e+01 -4.770070942492803390e+00 -2.469223913693286976e-01 -4.770070942492803390e+00 1.293999041833303032e+01
-1.174052257522995113e+01 2.082111032573096487e+00 -5.506824787392202047e+00 2.082111032573096487e+00 1.458329742190259237e+00 -6.727936398398903783e-01 -5.506824787392202047e+00 -6.727936398398903783e-01 -1.140998357166676946e+01
-1.288103495158150924e+00 2.584757191228109985e+00 2.754585914288761206e+00 2.584757191228109985e+00 8.942483557721654819e+00 -1.262041110171456815e+00 2.754585914288761206e+00 -1.262041110171456815e+00 -2.184936356476835329e+01
-9.001015394421010285e-01 -2.401836706445508618e+00 4.542648046431294162e+00 -2.401836706445508618e+00 7.946472097928030998e+00 4.587096497767079839e+00 4.542648046431294162e+00 4.587096497767079839e+00 -1.485775165446862012e+01
1.589235864609916504e+01 6.209589884100543244e+00 2.661433333841503601e-01 6.209589884100543244e+00 2.742710118910532202e+01 -1.444468158105960187e+00 2.661433333841503601e-01 -1.444468158105960187e+00 1.647340082007366746e+01
-6.796187155575269756e+00 6.849742409259925502e+00 8.964604158228919317e-01 6.849742409259925502e+00 -1.026746824041494577e+01 -1.083287255977902763e+00 8.964604158228919317e-01 -1.083287255977902763e+00 5.520888908596873534e+00
-8.697613655271590360e+00 -3.946231659579681583e+00 -2.086252236768909807e+00 -3.946231659579681583e+00 -1.131648689682461217e+01 4.643165694768763174e+00 -2.086252236768909807e+00 4.643165694768763174e+00 -1.316703973195975053e+01
-3.379825308386268290e+01 -1.097027501773441882e+00 8.028113933105011091e-01 -1.097027501773441882e+00 1.020270954688926679e+01 -1.012750258729973041e+01 8.028113933105011091e-01 -1.012750258729973041e+01 -1.413560253788537047e+01
1.456978203278352346e+01 -6.100491138007009262e-01 2.719864395613980079e+00 -6.100491138007009262e-01 -3.522749920321583961e+00 5.181923562251324000e+00 2.719864395613980079e+00 5.181923562251324000e+00 1.777185905656913034e+00
-2.052912802581633400e+01 2.693848348100096324e+00 -7.929780334527129770e-02 2.693848348100096324e+00 9.638503284095646606e+00 -1.295561710907276165e+01 -7.929780334527129770e-02 -1.295561710907276165e+01 -5.834232369455098599e+00
-2.702217706167995837e-01 -9.451107105331351121e+00 -3.316964895443008654e+00 -9.451107105331351121e+00 -3.468006134045393374e+00 2.997508514726273443e+00 -3.316964895443008654e+00 2.997508514726273443e+00 6.529578067922251705e+00
1.214375069603756785e+01 -4.239752987233337267e-01 -3.658619921076346593e+00 -4.239752987233337267e-01 1.719997784104235450e+01 -1.414490041572421308e+00 -3.658619921076346593e+00 -1.414490041572421308e+00 1.170096247356539187e+01
-1.989617862113879454e+01 -1.600145960963437863e+00 -1.078989926367420749e+00 -1.600145960963437863e+00 2.303879721081822485e+00 -5.884387669122505216e+00 -1.078989926367420749e+00 -5.884387669122505216e+00 -6.241970503045864760e+00
-1.341974822397316025e+00 -3.187329412200098133e+00 3.376061221650684452e+00 -3.187329412200098133e+00 2.189243417368926714e+01 -6.312885628852758835e+00 3.376061221650684452e+00 -6.312885628852758835e+00 1.203661595618390123e+01
-1.320884168855703589e+00 -5.645485354037028669e-01 1.941610270350855094e+00 -5.645485354037028669e-01 -3.383377539622203756e+01 6.934630998241831712e+00 1.941610270350855094e+00 6.934630998241831712e+00 -1.397635011890380063e+01
-3.853960536320045094e+00 -4.759939025928083822e+00 -9.512128330796063125e+00 -4.759939025928083822e+00 2.089666597728724540e+00 3.641934598015148516e+00 -9.512128330796063125e+00 3.641934598015148516e+00 2.650188016465060414e+01
1.091901784667127728e+01 3.033409811436459158e+00 1.604324972063071009e+00 3.033409811436459158e+00 -2.943856669129966974e+01 8.085098214358030333e+00 1.604324972063071009e+00 8.085098214358030333e+00 -3.732775212505409446e+00
-1.966652766184362378e+01 -1.072933958159559253e+01 -4.017891782237658305e+00 -1.072933958159559253e+01 -1.778371181510155807e+01 -1.847253076726189880e+00 -4.017891782237658305e+00 -1.847253076726189880e+00 6.738920350691799399e+00
9.878689106751973315e-01 -4.164749425784693315e+00 8.052367758399949338e+00 -4.164749425784693315e+00 -3.834704570114335631e+00 -3.393471561054986818e+00 8.052367758399949338e+00 -3.393471561054986818e+00 2.442444217318680089e+01
3.888797489415523501e+01 7.225365595557576626e+00 -2.807497097730908386e+00 7.225365595557576626e+00 -1.351819462760631030e+00 1.299875889612284752e+01 -2.807497097730908386e+00 1.299875889612284752e+01 2.405447929734563317e+01
9.969735328981089495e+00 -4.910672612103025969e+00 -1.466346549904841368e+00 -4.910672612103025969e+00 3.499940618144912463e+01 -6.860427462877767724e+00 -1.466346549904841368e+00 -6.860427462877767724e+00 2.661689511369788264e+01
-2.425063019906712025e+00 -1.128064875625826957e+01 3.531557312968188755e-01 -1.128064875625826957e+01 -4.007074286906153304e+00 8.870746222778674195e+00 3.531557312968188755e-01 8.870746222778674195e+00 -1.720144931563055701e+00
6.250157485331645724e+00 3.114841511301954746e+00 1.964594747382831796e+00 3.114841511301954746e+00 6.707125100350246782e+00 -2.951552185310095111e-01 1.964594747382831796e+00 -2.951552185310095111e-01 2.095541005150657909e+01
-1.149072098488094262e+01 -7.872690525786549820e+00 8.819143064515163610e-01 -7.872690525786549820e+00 2.309539536551681849e+01 -6.550276989618336598e-01 8.819143064515163610e-01 -6.550276989618336598e-01 1.041510503409641331e+01
8.491914015084732981e+00 -7.609874715894201502e-01 1.765135421950045691e+00 -7.609874715894201502e-01 3.473581503181290486e+01 -5.916592259313039115e+00 1.765135421950045691e+00 -5.916592259313039115e+00 2.211175673330591707e+01
8.748889450274003110e+00 3.716379256696792588e+00 4.187689853562913456e+00 3.716379256696792588e+00 1.819375238185278931e+01 -4.684792175039274476e+00 4.187689853562913456e+00 -4.684792175039274476e+00 1.122893984051726157e+01
-5.938432456207777932e+00 -4.582770307997726889e+00 -2.282412425691784374e+00 -4.582770307997726889e+00 -1.088714366894060204e+00 -1.566247838014811489e+00 -2.282412425691784374e+00 -1.566247838014811489e+00 -4.140769015965272359e+00
1.603342459180782953e+01 4.954398309209295248e-01 -5.035348624566927889e+00 4.954398309209295248e-01 2.413475548883373456e+00 9.377871794971195385e+00 -5.035348624566927889e+00 9.377871794971195385e+00 3.924963174232684082e+01
4.116626152455949494e+01 3.569940219876672316e+00 -2.849097497266682155e-01 3.569940219876672316e+00 1.789912799409924649e+00 1.462834148162172809e+01 -2.849097497266682155e-01 1.462834148162172809e+01 2.665027235347568890e+01
8.810625705802868524e+00 6.853611197831574131e+00 1.203208621461021188e+01 6.853611197831574131e+00 9.481969290566103936e+00 -2.537802209886593108e+00 1.203208621461021188e+01 -2.537802209886593108e+00 7.024526482425385687e+00
3.827064141260625441e+00 7.258017277286014091e-01 -7.977261350932987050e+00 7.258017277286014091e-01 -9.314262267903703929e+00 5.226169055748372649e+00 -7.977261350932987050e+00 5.226169055748372649e+00 -1.764023297310202409e-01
2.509096326662952681e+00 -5.098731477450755278e+00 1.309388772333647921e+00 -5.098731477450755278e+00 -3.566790951036793444e+00 -3.407347828298803005e+00 1.309388772333647921e+00 -3.407347828298803005e+00 7.716523750642352297e+00
2.260354685438961653e+01 1.305298531640004089e+00 -5.361897500705191888e+00 1.305298531640004089e+00 -2.677230447297763050e+00 3.826717277391808114e+00 -5.361897500705191888e+00 3.826717277391808114e+00 -9.300474453994027613e+00
-3.093311124148055669e+01 -1.012401862981434419e+00 -5.169757234858499695e-01 -1.012401862981434419e+00 -1.665441442554028706e+00 -1.261544232885181138e+01 -5.169757234858499695e-01 -1.261544232885181138e+01 -1.171221797952872734e+01
1.829990033727829157e+01 -6.348515153159399460e-02 7.086154316484515547e+00 -6.348515153159399460e-02 3.064498096392122228e+00 9.444528544724704489e+00 7.086154316484515547e+00 9.444528544724704489e+00 1.280436924819504796e+01
-9.191242075849110904e+00 -7.920602054161361316e+00 -2.716893835607371965e+00 -7.920602054161361316e+00 8.273763585010668109e+00 -1.539470029703614351e+00 -2.716893835607371965e+00 -1.539470029703614351e+00 -5.338623183516410187e+00
-4.776980128981747065e+00 5.116287177570447042e+00 5.561556550235525975e+00 5.116287177570447042e+00 1.191808645105914444e+01 -7.700315860634791676e+00 5.561556550235525975e+00 -7.700315860634791676e+00 1.516911703932436239e+01
-4.413126068027619198e+00 -9.648133878534553842e-01 -1.113604814357425976e+00 -9.648133878534553842e-01 1.282648596058682067e+01 -2.215691151259551628e+00 -1.113604814357425976e+00 -2.215691151259551628e+00 7.515235855244214669e+00
-2.892814856151902703e+01 2.159152376608462487e-01 -2.026772841053486651e+00 2.159152376608462487e-01 -3.508800778996884695e+00 -3.632584842793646462e+00 -2.026772841053486651e+00 -3.632584842793646462e+00 -1.089705055142197487e+01
2.213148892084156927e+01 -1.326439648423359507e+01 -7.504171793514679223e+00 -1.326439648423359507e+01 2.919385032901529797e+01 1.472328909430228316e+00 -7.504171793514679223e+00 1.472328909430228316e+00 7.610248283181427098e+00
1.195998065922360354e+01 -7.429831305074107384e+00 7.582412928244128825e-01 -7.429831305074107384e+00 1.251764195500546606e+01 1.616832016118882262e-02 7.582412928244128825e-01 1.616832016118882262e-02 5.119637873549900853e+00
7.948899519328227470e+00 4.603110244363345593e+00 -2.454601815859787095e+00 4.603110244363345593e+00 -3.522491659985889356e+01 9.590854904771534351e+00 -2.454601815859787095e+00 9.590854904771534351e+00 -1.489312959974730610e+01
3.416219514166638049e+01 5.912352696613984548e+00 1.585968460771174593e+00 5.912352696613984548e+00 5.544661641743443559e-01 1.034168842373603781e+01 1.585968460771174593e+00 1.034168842373603781e+01 1.340558292265705731e+01
6.082467877334940098e+00 -9.781120623160938221e-01 2.991774854952295559e+00 -9.781120623160938221e-01 -1.180741022967809606e+01 5.357967508310322202e+00 2.991774854952295559e+00 5.357967508310322202e+00 -3.668297346114456126e+00
1.564716929593902606e+01 -3.878873223649295543e+00 -1.342768064458975674e+00 -3.878873223649295543e+00 2.236390716379446530e+01 2.939622467269722428e+00 -1.342768064458975674e+00 2.939622467269722428e+00 -2.305399456854427953e+01
-1.312323618988245322e+01 1.501898689894929140e+00 -3.390841364794396018e+00 1.501898689894929140e+00 -1.017110744386921084e+01 2.021232918396826395e-01 -3.390841364794396018e+00 2.021232918396826395e-01 -6.049882791384440850e+00
-3.024201153990957458e+00 -4.384004984846894715e+00 2.942572687218560357e-01 -4.384004984846894715e+00 8.815343750576168702e+00 -5.450029724883200366e+00 2.942572687218560357e-01 -5.450029724883200366e+00 -1.145750991787902429e+01
-1.881282770102657542e+00 1.184931430423443510e+00 2.935426560554911024e+00 1.184931430423443510e+00 -3.564147714102717401e+01 7.259926278678759282e+00 2.935426560554911024e+00 7.259926278678759282e+00 -1.549097611820569931e+01
-3.130325663705867623e+00 6.133604996362397976e+00 2.107416430065592650e+00 6.133604996362397976e+00 -8.909582532498396823e-01 -2.834154179218444369e-01 2.107416430065592650e+00 -2.834154179218444369e-01 1.684003963034124496e+01
