4.443732947224092178e-01 -3.019842408893914087e-01 -7.236958562060463729e-02 -3.019842408893914087e-01 1.485957022159249741e+00 -1.066766229296356228e+00 -7.236958562060463729e-02 -1.066766229296356228e+00 1.170863569140185856e+00
-7.894266932438956275e+00 9.483788308011976975e-02 -3.253533029189897320e-03 9.483788308011976975e-02 -7.954229972393960679e+00 -6.842364658767924324e-01 -3.253533029189897320e-03 -6.842364658767924324e-01 -6.063877555947284392e+00
3.246515277675924960e+00 1.020941726769056590e+00 4.108065190917247617e-02 1.020941726769056590e+00 1.223452997690901878e+00 1.454602860139491138e+00 4.108065190917247617e-02 1.454602860139491138e+00 5.160735101561375604e-01
-8.154686498193470356e+00 -5.777743640839995365e+00 -4.279349623209859343e-01 -5.777743640839995365e+00 -7.700036059176007086e+00 2.746076670351859317e+00 -4.279349623209859343e-01 2.746076670351859317e+00 -3.935821113601560395e+00
-2.465739781938800945e+00 -2.629250252730116477e-01 -6.423709674201913411e-02 -2.629250252730116477e-01 -3.874758145406527188e+00 -1.182529654789958862e+00 -6.423709674201913411e-02 -1.182529654789958862e+00 -2.994764039206618378e+00
-5.867178290578830335e+00 -2.066167449600614603e+00 1.813197315705246393e-01 -2.066167449600614603e+00 -5.200103959930015840e+00 -2.576928826457333344e+00 1.813197315705246393e-01 -2.576928826457333344e+00 -3.183596356376895642e+00
2.835762773892635646e+00 -2.686381464921861473e-01 -5.756302624588991446e-01 -2.686381464921861473e-01 1.648042388760550647e+00 8.891506642072242173e-01 -5.756302624588991446e-01 8.891506642072242173e-01 3.721229802299270251e+00
-4.714659929309366060e-01 1.181750182120003545e-01 -1.160343642020149196e-01 1.181750182120003545e-01 2.078760155683408994e-01 -4.163666978646043959e-01 -1.160343642020149196e-01 -4.163666978646043959e-01 -1.242412329735566034e+00
-1.379095639808091533e+01 7.853832183668117972e-01 -3.423691336730870505e-02 7.853832183668117972e-01 -9.094189575286751648e+00 -2.595598051199976108e+00 -3.423691336730870505e-02 -2.595598051199976108e+00 -1.224199062909876012e+01
-1.330207597803955588e+00 1.210331002504064557e+00 3.786732365154551472e-01 1.210331002504064557e+00 -3.429768709612902811e+00 1.753618879901577554e-01 3.786732365154551472e-01 1.753618879901577554e-01 -5.432819684206558364e+00
7.563625167086600598e-01 1.690375720472703236e-01 1.195663675537001758e-01 1.690375720472703236e-01 -1.232545061681809662e+00 9.911194941378630441e-01 1.195663675537001758e-01 9.911194941378630441e-01 -1.933021517754006879e+00
-7.189573212416100922e+00 -5.083207395248721117e-01 -3.948428527658225939e-01 -5.083207395248721117e-01 -6.794456970515127203e+00 9.167878804085166644e-01 -3.948428527658225939e-01 9.167878804085166644e-01 -5.543085957321689072e+00
-2.988851044388863620e+00 -2.938304337496871366e+00 -2.339724787824151164e+00 -2.938304337496871366e+00 -6.602691706496087498e+00 -1.116976448028182523e+00 -2.339724787824151164e+00 -1.116976448028182523e+00 -1.819485215275580270e-01
7.123602795970735535e+00 2.416844255591382495e+00 1.218553406948126083e+00 2.416844255591382495e+00 4.362715385775437937e+00 2.676918172955870201e+00 1.218553406948126083e+00 2.676918172955870201e+00 5.512809975244532090e+00
2.902834533248061177e+00 -4.499654491084509544e+00 -2.493829099806056604e+00 -4.499654491084509544e+00 4.189668095288944905e+00 -2.176865411164609299e+00 -2.493829099806056604e+00 -2.176865411164609299e+00 -4.364864041053639454e+00
-8.257097982756285148e+00 1.936925214645014992e-01 9.175532037590994686e-03 1.936925214645014992e-01 -5.329298183824686674e+00 6.591465427881819383e-02 9.175532037590994686e-03 6.591465427881819383e-02 -4.991761734561584340e+00
5.974812490328147874e+00 -1.894266247191519037e+00 -8.654039224402473307e-01 -1.894266247191519037e+00 -3.972603215951872269e+00 2.529700798216465429e+00 -8.654039224402473307e-01 2.529700798216465429e+00 -5.554106686782423807e+00
6.400664387969544400e+00 5.718746265187376610e-01 1.325014296861109164e+00 5.718746265187376610e-01 5.564444709256076926e+00 -4.410516904698867369e-01 1.325014296861109164e+00 -4.410516904698867369e-01 -3.721452089159796639e+00
-1.609450126863256259e+01 1.563049231840573094e+00 -5.175004993765348615e-01 1.563049231840573094e+00 -2.028472116509164991e+01 8.670345722698418189e-01 -5.175004993765348615e-01 8.670345722698418189e-01 -2.202289782868002277e+01
-4.023656231939738426e+00 1.192730361255769783e-01 -1.271297387658684996e-01 1.192730361255769783e-01 -2.841036429567293631e+00 -4.610372458515683003e-01 -1.271297387658684996e-01 -4.610372458515683003e-01 -3.448016166190321030e+00
-4.957406320998155813e+00 -7.433025506383864611e-01 -3.692450575272501756e-01 -7.433025506383864611e-01 -3.803554962418809637e+00 -3.323042951615245294e-02 -3.692450575272501756e-01 -3.323042951615245294e-02 -3.242740064748514062e+00
-2.138019974927930278e+00 1.197848294072222097e-01 5.022533776189574972e-01 1.197848294072222097e-01 -3.582253612170642754e+00 -1.386584895028979858e+00 5.022533776189574972e-01 -1.386584895028979858e+00 -2.811998964909001142e+00
9.213630918409069892e+00 -6.683177909964862273e+00 -5.200825210439337098e+00 -6.683177909964862273e+00 9.404960560090287913e+00 3.030499674382538533e-01 -5.200825210439337098e+00 3.030499674382538533e-01 6.438655159685238161e+00
-3.093934488301457453e+00 6.384281282135253477e-01 3.556879491080353062e-01 6.384281282135253477e-01 -3.461886161356695801e+00 -3.078192360475017875e+00 3.556879491080353062e-01 -3.078192360475017875e+00 -1.884968214614710202e+00
-1.861484452376591392e+01 1.832609797410180708e+00 8.681009915933592946e-01 1.832609797410180708e+00 -1.434417762681559694e+01 -2.219116980233929226e+00 8.681009915933592946e-01 -2.219116980233929226e+00 -6.484667009877076005e+00
1.852218535782076003e+01 1.569940352632869240e+00 -1.353441800862189015e-01 1.569940352632869240e+00 1.848003036086378259e+01 2.129411593776255440e+00 -1.353441800862189015e-01 2.129411593776255440e+00 1.766990896070521444e+01
-3.166649621191370656e+01 7.294138999071461682e-02 1.432953536198111166e+00 7.294138999071461682e-02 -2.301729492576142277e+01 -1.364489007431896050e+00 1.432953536198111166e+00 -1.364489007431896050e+00 -1.823994708268315179e+01
-3.345783650799204256e+00 2.342411165173209076e-01 9.765112103538070576e-02 2.342411165173209076e-01 -1.954766232636599321e+00 1.318978974894405631e+00 9.765112103538070576e-02 1.318978974894405631e+00 -3.591893484577465490e+00
4.580656542233319861e+00 -2.648925877228766712e+00 -2.680869988402277304e+00 -2.648925877228766712e+00 2.031115242496423612e+00 -2.465646213313643198e+00 -2.680869988402277304e+00 -2.465646213313643198e+00 -2.473030517537109507e-01
1.331135957698868566e+01 6.089827371259653788e+00 4.219669945728630189e+00 6.089827371259653788e+00 2.088077407524975726e+01 -2.527544437446256786e+00 4.219669945728630189e+00 -2.527544437446256786e+00 1.397001395736690910e+01
-8.744593802607023569e-01 4.328963315014856539e-01 4.191142170600707373e-01 4.328963315014856539e-01 -2.682726567431015674e+00 1.674102569810680841e+00 4.191142170600707373e-01 1.674102569810680841e+00 4.545956219131137566e+00
3.980810976211382357e+00 3.029040024654160224e+00 1.928900745535808703e+00 3.029040024654160224e+00 -6.632739868474499811e-01 1.847886497083118806e+00 1.928900745535808703e+00 1.847886497083118806e+00 2.811424082758968712e+00
-2.785891873161555310e+01 -5.154622339803022202e-01 1.542267554939241170e-01 -5.154622339803022202e-01 -2.613602835833694371e+01 -1.891523985086003945e+00 1.542267554939241170e-01 -1.891523985086003945e+00 -2.787781804849988987e+01
-9.688917587307447121e+00 -5.818634082826356080e-01 -6.061631796104297587e-01 -5.818634082826356080e-01 -9.449849006574243759e+00 -2.381795936964644922e-01 -6.061631796104297587e-01 -2.381795936964644922e-01 -7.792822332533563490e+00
-2.762064897028404786e+01 -3.093089550237042573e+00 -9.903519765107026140e-01 -3.093089550237042573e+00 -2.321903275757732033e+01 -1.005515991407324616e+00 -9.903519765107026140e-01 -1.005515991407324616e+00 -2.453602270791324713e+01
6.011406730228148199e+00 -4.292397481929817737e-01 -5.181923047409212613e-01 -4.292397481929817737e-01 7.514692740204500510e+00 1.597761140332787377e+00 -5.181923047409212613e-01 1.597761140332787377e+00 8.900074100441868197e+00
-2.052540780705474077e+00 -4.016555450432107155e-01 -4.617275051867532620e-01 -4.016555450432107155e-01 -3.179910946924887849e+00 -1.970926371657509835e-01 -4.617275051867532620e-01 -1.970926371657509835e-01 -2.777239182208988133e+00
7.563625167086600598e-01 1.690375720472703236e-01 1.195663675537001758e-01 1.690375720472703236e-01 -1.232545061681809662e+00 9.911194941378630441e-01 1.195663675537001758e-01 9.911194941378630441e-01 -1.933021517754006879e+00
-1.452126954507011369e+01 -7.777519866051074704e-01 6.291543134005896931e-01 -7.777519866051074704e-01 -6.229354584939713391e+00 -3.561819513519837166e+00 6.291543134005896931e-01 -3.561819513519837166e+00 5.838498156671546369e+00
-7.309902324035369325e+00 8.537076121599145750e+00 4.150670791032937679e+00 8.537076121599145750e+00 -1.064979165287229890e+01 -3.189753901626355970e-01 4.150670791032937679e+00 -3.189753901626355970e-01 -8.821644521882276990e+00
-1.471445291618801399e+01 2.045465451622124231e+00 1.729593055443367611e+00 2.045465451622124231e+00 -1.996532266801510502e+01 -1.555190664468363515e+00 1.729593055443367611e+00 -1.555190664468363515e+00 -6.086187286160443577e+00
7.662461828771140127e+00 -1.122733081698419788e+00 -5.281225155571508401e-01 -1.122733081698419788e+00 8.736145442929419858e+00 -1.855724420732748126e+00 -5.281225155571508401e-01 -1.855724420732748126e+00 8.426930546782024578e+00
-2.769293397316408800e+01 -2.541646512638654265e+00 1.246778833061201464e-01 -2.541646512638654265e+00 -3.010090240908784764e+01 8.798379333664768653e-01 1.246778833061201464e-01 8.798379333664768653e-01 -2.612683445878463928e+01
1.771835037271998203e+01 6.672947610449545541e-01 1.407148623964231460e+00 6.672947610449545541e-01 1.718505151801770481e+01 -4.747327594114865157e-01 1.407148623964231460e+00 -4.747327594114865157e-01 1.939283095441643212e+01
-1.493537484695645645e+01 -5.244223319129245331e-01 1.425071201350247785e+00 -5.244223319129245331e-01 -2.248403718683117347e+01 3.083742737506281473e-01 1.425071201350247785e+00 3.083742737506281473e-01 -2.222827756792932874e+01
1.510382351048098570e+01 4.588793404396230180e+00 3.094499973601494425e+00 4.588793404396230180e+00 8.879033621466964732e+00 -1.343480209965236316e+00 3.094499973601494425e+00 -1.343480209965236316e+00 2.038934148163126991e+01
1.317494351551672338e+01 4.179976705759806399e-01 1.200969143118517657e+00 4.179976705759806399e-01 1.822878975429236803e+01 -1.196799590294817195e+00 1.200969143118517657e+00 -1.196799590294817195e+00 2.281785973853502014e+01
1.211552988306053535e+01 -8.795929145763102530e-02 -1.067746670147426136e-01 -8.795929145763102530e-02 7.252251290957900665e+00 4.242608260942097864e-01 -1.067746670147426136e-01 4.242608260942097864e-01 7.550470965781883592e+00
-2.932948175553681480e+01 5.236767720216538996e-03 4.123319781855183108e-01 5.236767720216538996e-03 -3.165996406546936015e+01 1.784614011906880071e+00 4.123319781855183108e-01 1.784614011906880071e+00 -3.093599789799201361e+01
1.382175005725319927e+00 2.544930908244419920e-01 -1.347557462006784001e-01 2.544930908244419920e-01 2.203527172847104421e+00 4.268472388640550119e-01 -1.347557462006784001e-01 4.268472388640550119e-01 1.077466099549193368e+00
