7.363964665614780580e-01 -2.027405169974222598e+00 7.163123771392612138e-01 -2.027405169974222598e+00 1.732026870038876609e+01 -1.471590559698566114e+00 7.163123771392612138e-01 -1.471590559698566114e+00 1.357843807133826530e+01
1.238612811845980310e+01 -1.196034462647202723e+01 9.658154934762024357e-01 -1.196034462647202723e+01 1.912316971741629956e+01 -8.554914878418488300e+00 9.658154934762024357e-01 -8.554914878418488300e+00 2.105591935050892616e+01
-3.748688465027526462e+01 3.178407876272728139e+00 -4.472862073990205856e-01 3.178407876272728139e+00 -1.540278428807498301e+01 3.922210707192330670e+00 -4.472862073990205856e-01 3.922210707192330670e+00 1.774679036239644603e+01
2.237491293009223980e+01 3.228002008062106132e+00 -2.653281185690470778e+00 3.228002008062106132e+00 2.898502826383614206e+01 -4.629097594706160557e+00 -2.653281185690470778e+00 -4.629097594706160557e+00 3.812848660376140941e+01
2.430417265513288783e+01 6.176945476894830200e+00 -5.583188053687813124e+00 6.176945476894830200e+00 1.296913416931792362e+01 -1.101638089460560721e+01 -5.583188053687813124e+00 -1.101638089460560721e+01 4.238388227786727924e+01
2.830651872560683557e+01 3.875544759637400194e+00 -5.524599143339055551e+00 3.875544759637400194e+00 2.094647816608006963e+01 -5.829379764136033870e+00 -5.524599143339055551e+00 -5.829379764136033870e+00 7.436556850707683353e+00
2.118335504737667296e+00 -1.743600729573181685e+00 -2.065836874563230730e+00 -1.743600729573181685e+00 -3.164722082336071995e+00 8.439513074438066198e+00 -2.065836874563230730e+00 8.439513074438066198e+00 -2.079897645923123761e+01
1.542868137614303414e+01 -2.031033448923671159e-01 -8.621477691726642245e-01 -2.031033448923671159e-01 1.419006993992648979e+01 -6.671335440581134257e-01 -8.621477691726642245e-01 -6.671335440581134257e-01 1.616124264299727642e+01
4.647843117606095120e+01 3.579708678334938110e+00 5.235127375902328684e-01 3.579708678334938110e+00 2.229071599217507327e+01 -5.680185540920757781e+00 5.235127375902328684e-01 -5.680185540920757781e+00 1.769255036148917526e+01
1.330243705763618323e+01 3.004759121107327235e+00 -1.008331780005789469e+01 3.004759121107327235e+00 1.952131529474563365e+01 -1.251027048913447359e+01 -1.008331780005789469e+01 -1.251027048913447359e+01 1.382219459724173660e+01
7.923751938533901473e+00 2.664615545325768942e+00 -3.007121658255238472e+00 2.664615545325768942e+00 1.251383035048012360e+01 -3.326775184168230037e+00 -3.007121658255238472e+00 -3.326775184168230037e+00 -7.403646814007721844e+00
8.820587743024649541e+00 2.164391869132612722e+00 4.461885063763688097e-01 2.164391869132612722e+00 1.586897667531281897e+01 -1.991242247950153033e+00 4.461885063763688097e-01 -1.991242247950153033e+00 3.060416005113600590e+01
-5.189986725242452081e+00 -9.066978124986789567e+00 9.117294790374089075e+00 -9.066978124986789567e+00 -1.948990131888542976e+01 2.127471629353229865e+00 9.117294790374089075e+00 2.127471629353229865e+00 3.398837635784242028e+00
3.330521183633097682e+00 -4.680474948425699999e+00 4.483961783228589404e+00 -4.680474948425699999e+00 -6.312010475547070953e+00 1.920379609170743240e+00 4.483961783228589404e+00 1.920379609170743240e+00 -1.971736491459650242e+00
3.623435020632626458e+00 -5.035707320275592203e+00 1.180123294638372400e+00 -5.035707320275592203e+00 5.405014372433623926e+00 -3.279972006504569215e+00 1.180123294638372400e+00 -3.279972006504569215e+00 1.175752397118866277e+01
7.337718455923151417e+00 8.027812181088610499e-01 -6.696360769576682470e-01 8.027812181088610499e-01 1.547777628010186213e+01 -4.302393015834253376e+00 -6.696360769576682470e-01 -4.302393015834253376e+00 1.501299757548597924e+01
4.208981289345638999e+01 7.879921268954766411e+00 8.405913176402970421e+00 7.879921268954766411e+00 2.655661982772667784e+01 7.672721321773444458e+00 8.405913176402970421e+00 7.672721321773444458e+00 2.259019301225918497e+01
-2.144675741033845728e+00 -1.592841011168379728e+00 -3.704411800960877521e+00 -1.592841011168379728e+00 -2.560991395006733562e+00 -9.749740440326047919e-01 -3.704411800960877521e+00 -9.749740440326047919e-01 -1.143864897994762941e+01
-4.818343121565612286e+00 1.448235498439791158e+00 -4.503785654964646668e+00 1.448235498439791158e+00 -8.011469473447608181e+00 -3.573855871144588914e+00 -4.503785654964646668e+00 -3.573855871144588914e+00 1.494880586649144938e+01
1.132634088816294593e+01 3.496041889658017543e-01 -5.215920229277548614e-01 3.496041889658017543e-01 1.458182961007068101e+01 -4.428021721684664014e-01 -5.215920229277548614e-01 -4.428021721684664014e-01 1.569193261583034094e+01
3.066300134983785064e+00 9.297925365662073061e-01 1.917238507197914776e-01 9.297925365662073061e-01 3.801529407091106538e+00 -4.332366424682793316e+00 1.917238507197914776e-01 -4.332366424682793316e+00 1.508183391954625563e+01
-1.731716150508184882e+01 -5.036133509578154310e+00 -4.192006325544603840e+00 -5.036133509578154310e+00 -3.227540119821844744e+00 -3.340552709025062850e+00 -4.192006325544603840e+00 -3.340552709025062850e+00 1.938682805388422281e+01
3.073198370521709677e+01 4.703489556588503762e-01 6.224748481522168753e-01 4.703489556588503762e-01 4.307414701278683822e+01 -2.220403156952369450e+00 6.224748481522168753e-01 -2.220403156952369450e+00 1.549709263987175234e+01
7.534749306292805038e+00 -3.255179182125958803e+00 4.085896400681267693e+00 -3.255179182125958803e+00 4.047677517734979524e+00 4.686891685824667420e+00 4.085896400681267693e+00 4.686891685824667420e+00 -1.345361561803538919e+01
2.729192770879465613e+01 5.805855876558046802e+00 -4.817474440257924151e+00 5.805855876558046802e+00 2.032652055707849570e+01 9.513313299235397480e+00 -4.817474440257924151e+00 9.513313299235397480e+00 2.970471467930735443e+01
3.508533970675451741e+01 2.007642841634591058e+00 -9.296904774447382891e-02 2.007642841634591058e+00 2.273394213062134384e+01 4.576732324741813684e+00 -9.296904774447382891e-02 4.576732324741813684e+00 1.425570195850194821e+01
3.262076435977694189e+01 2.671001942494244386e+00 -1.514128450652486135e+00 2.671001942494244386e+00 3.000974996675347839e+01 -1.996933168048437568e-01 -1.514128450652486135e+00 -1.996933168048437568e-01 1.382273126104119321e+01
3.399746245535173728e+01 1.512743556605081086e+00 1.633482211156129793e+00 1.512743556605081086e+00 3.412421281656094152e+01 2.998194329696382554e-01 1.633482211156129793e+00 2.998194329696382554e-01 4.037695000885680230e+01
7.166753243941430540e+00 3.155319344231648504e+00 -1.545626217955845982e+00 3.155319344231648504e+00 -3.460599930404319124e+00 -1.348304640765484397e+00 -1.545626217955845982e+00 -1.348304640765484397e+00 1.104579077204731163e+01
2.374120363994111216e+01 7.350232283082233087e-01 -5.032223929031467424e-01 7.350232283082233087e-01 2.479070650567729217e+01 -1.794371823410095379e+00 -5.032223929031467424e-01 -1.794371823410095379e+00 3.004680650802087527e+01
4.782242665116012859e+01 -7.610231158918670857e+00 2.398600660844797616e+00 -7.610231158918670857e+00 5.642564625387915811e+01 -3.587040711266484383e+00 2.398600660844797616e+00 -3.587040711266484383e+00 4.064423849370641761e+01
-5.080132468977247573e-01 -5.639110229868235180e+00 -7.642303436393280691e-01 -5.639110229868235180e+00 -2.953924198402481105e-01 2.248916736539140260e+00 -7.642303436393280691e-01 2.248916736539140260e+00 -4.882811875404648561e+00
2.066514227558348438e+01 -5.642749657654094975e+00 8.015585886829618145e-01 -5.642749657654094975e+00 9.045841265727565528e+00 -1.172294633545745979e-01 8.015585886829618145e-01 -1.172294633545745979e-01 8.172583538119329916e+00
9.417534516384836962e+00 -7.781477517531883992e-01 -4.773872266744036419e-01 -7.781477517531883992e-01 1.197159283215893488e+01 -2.474963527059782731e+00 -4.773872266744036419e-01 -2.474963527059782731e+00 1.651065165497057663e+01
8.345435484191582987e+00 6.950575358201625420e+00 -3.668966626376655715e-01 6.950575358201625420e+00 3.468035644689958019e+01 2.264684344118144566e+01 -3.668966626376655715e-01 2.264684344118144566e+01 1.242109160047213123e+01
3.658313690644233418e+01 3.086179486621113632e+00 1.348313521636319834e+01 3.086179486621113632e+00 4.056416084737760386e+00 1.448949758292736512e+01 1.348313521636319834e+01 1.448949758292736512e+01 4.048860464202024723e+00
2.666040287927478047e+01 -7.036812617296801520e-01 -2.226769241893011397e+00 -7.036812617296801520e-01 2.500487452557251800e+01 -3.639133924480764559e+00 -2.226769241893011397e+00 -3.639133924480764559e+00 1.133576417327152752e+00
-7.602530448109305894e+00 5.033566715512029610e+00 1.218066113992551713e+00 5.033566715512029610e+00 3.910403117951642749e+00 -5.591275889676005306e+00 1.218066113992551713e+00 -5.591275889676005306e+00 1.776946520967285892e+01
8.765270466899124813e+00 1.954187585758690116e+00 -9.665332485414550590e-01 1.954187585758690116e+00 3.176855645123088490e+00 6.281966787970119093e+00 -9.665332485414550590e-01 6.281966787970119093e+00 5.447732940262976342e+01
1.462295287675285138e+01 8.449838419070063722e+00 2.571042854251324727e-01 8.449838419070063722e+00 1.425439336734793372e+01 9.645139516324919171e+00 2.571042854251324727e-01 9.645139516324919171e+00 3.990443527963196679e+00
2.505602206033064405e+01 -2.930003040203813747e+00 4.169993382098462931e+00 -2.930003040203813747e+00 3.006340858676812644e+01 -5.491929600163128811e+00 4.169993382098462931e+00 -5.491929600163128811e+00 1.491887950790068551e+01
3.658313690644233418e+01 3.086179486621113632e+00 1.348313521636319834e+01 3.086179486621113632e+00 4.056416084737760386e+00 1.448949758292736512e+01 1.348313521636319834e+01 1.448949758292736512e+01 4.048860464202024723e+00
2.826327096694496532e+01 -4.691917881972528653e-02 -3.647069309217325084e-01 -4.691917881972528653e-02 2.006875298898124171e+01 1.124881747578477231e+01 -3.647069309217325084e-01 1.124881747578477231e+01 1.387702284032960520e+01
1.399542319336449481e+01 2.510029058469248842e+00 -6.182805092812585501e-01 2.510029058469248842e+00 3.312871631013050688e+01 -6.649730481852756725e+00 -6.182805092812585501e-01 -6.649730481852756725e+00 2.404028319252859092e+00
-5.276340229817678917e+00 5.643593713318627358e+00 2.049448352069106694e+00 5.643593713318627358e+00 -1.767548914777189495e+01 9.631114909365775745e+00 2.049448352069106694e+00 9.631114909365775745e+00 3.348554903294877594e+00
-4.693004499783858030e+00 -1.747785351252161723e+00 -4.557793763252433905e+00 -1.747785351252161723e+00 -5.765819752145678656e+00 -9.365635701230813126e+00 -4.557793763252433905e+00 -9.365635701230813126e+00 1.277242626984940443e+01
3.222013280883532360e+01 3.445283261973827726e-01 -4.283979474865616588e+00 3.445283261973827726e-01 2.193534362428657758e+01 -1.151431501877443697e+00 -4.283979474865616588e+00 -1.151431501877443697e+00 3.205144979800920169e+01
-8.543708875275305203e+00 -6.993725176535206423e+00 -9.348725016061916193e-01 -6.993725176535206423e+00 -2.308355048111209840e+00 1.006605270768703164e+01 -9.348725016061916193e-01 1.006605270768703164e+01 -1.024088258097219573e+01
8.619573776476810778e+00 -9.805325613722570832e-01 -5.678921649336841959e+00 -9.805325613722570832e-01 -9.393483761868647974e+00 6.481375427141491397e-01 -5.678921649336841959e+00 6.481375427141491397e-01 -2.552956058339968948e+01
1.478171252508249900e+01 3.924058304682406462e+00 -1.230995104208681967e+00 3.924058304682406462e+00 1.305580206430051149e+01 -4.142278450569618187e+00 -1.230995104208681967e+00 -4.142278450569618187e+00 -1.734838042944170100e+00
