8.790407646531471997e+00 1.088142336507790686e+00 -1.523372119865454288e-01 1.088142336507790686e+00 1.264506996345216550e+01 -3.253147539537459831e+00 -1.523372119865454288e-01 -3.253147539537459831e+00 1.343819295249483048e+01
1.863963221444623564e+00 5.767692564716858428e+00 3.056062648245546409e+00 5.767692564716858428e+00 -8.683996140088689586e+00 9.664781874722697674e-01 3.056062648245546409e+00 9.664781874722697674e-01 -6.790838961994424494e+00
5.596246641076693784e+00 -7.491084541794547746e+00 -9.106450859938142628e+00 -7.491084541794547746e+00 5.284198980685262725e+00 2.238931927292122204e+00 -9.106450859938142628e+00 2.238931927292122204e+00 -5.126549197064883323e+00
1.538329637590125998e+01 -3.714808336560658564e+00 -4.342677443148412308e+00 -3.714808336560658564e+00 1.574561457105565410e+01 2.827632483587692924e+00 -4.342677443148412308e+00 2.827632483587692924e+00 1.111688711321734147e+01
9.165170657561031220e+00 -3.335981548439145516e+00 1.229190567926714772e+00 -3.335981548439145516e+00 1.210263347860878369e+01 -2.602270874551081636e+00 1.229190567926714772e+00 -2.602270874551081636e+00 -1.056094691611259240e+00
2.231741223528307572e+01 -1.374262132210529286e+00 -7.450159084629862094e-02 -1.374262132210529286e+00 1.919621836846409479e+01 2.004621679245174537e+00 -7.450159084629862094e-02 2.004621679245174537e+00 1.948752657824876877e+01
1.230679486371523268e+01 -2.822365164470261423e+00 -4.138983708220726143e+00 -2.822365164470261423e+00 2.301476321294054017e+01 -9.354869319520456861e-01 -4.138983708220726143e+00 -9.354869319520456861e-01 1.991121122499336593e+01
3.729574150146774514e+00 5.688525690593322359e-01 -3.985378678180450773e+00 5.688525690593322359e-01 -1.197203969998271589e+01 4.263864689499600402e+00 -3.985378678180450773e+00 4.263864689499600402e+00 -7.790385099633723165e+00
2.688032941514812180e+01 4.911751260868317259e-01 -2.528094758044124868e-01 4.911751260868317259e-01 1.060392427698194595e+01 -1.698872504918682802e+00 -2.528094758044124868e-01 -1.698872504918682802e+00 1.154088326145996035e+01
3.054847131631751012e+01 -1.010615998385129188e+01 -6.588906865896690057e+00 -1.010615998385129188e+01 3.369515658779168632e+01 9.396416278941976952e-01 -6.588906865896690057e+00 9.396416278941976952e-01 3.664511576773727342e+01
-1.316348433061924084e+01 9.907405694296166132e+00 1.423763833870875795e+00 9.907405694296166132e+00 -8.577833534994153908e+00 -4.876652631651690939e+00 1.423763833870875795e+00 -4.876652631651690939e+00 -6.120217412885181396e+00
-1.174276173482846408e+00 -5.356112608147230780e+00 -2.311706962903584905e+00 -5.356112608147230780e+00 -6.913190697594620460e+00 -4.097589881947389934e+00 -2.311706962903584905e+00 -4.097589881947389934e+00 -1.826069612076171111e+01
-1.196454839016252159e+00 -5.374229095503649134e+00 -4.829591119515817432e+00 -5.374229095503649134e+00 6.608466842615897896e+00 -5.239294167299413552e+00 -4.829591119515817432e+00 -5.239294167299413552e+00 1.643885090079554701e+01
-4.196089087142641283e+00 8.290598114059134716e+00 6.908717992304874045e+00 8.290598114059134716e+00 5.564694241488142845e-01 -2.719080111485808970e+00 6.908717992304874045e+00 -2.719080111485808970e+00 -7.190907793800088710e-01
1.255556861637448129e+01 4.917555361464088115e+00 2.612052091693456646e+00 4.917555361464088115e+00 2.298155105382669561e+01 2.410906625461592068e+00 2.612052091693456646e+00 2.410906625461592068e+00 1.642558574327603438e+01
7.965049025635660307e+00 6.654401102770223453e+00 4.275355627707389417e+00 6.654401102770223453e+00 2.054836277249421528e+01 -9.720662866451769135e-01 4.275355627707389417e+00 -9.720662866451769135e-01 2.382663321190994665e+01
8.355350730915457547e+00 -7.745140875940202951e-01 -3.031644825053454007e+00 -7.745140875940202951e-01 7.989202881450648164e+00 7.497295994523228480e+00 -3.031644825053454007e+00 7.497295994523228480e+00 1.586714113768756995e+01
6.834709129397080751e+00 -3.312876454784681624e+00 1.197552887891253803e+00 -3.312876454784681624e+00 9.681783542352563998e+00 -2.085156459155028230e+00 1.197552887891253803e+00 -2.085156459155028230e+00 5.333757469759243364e+00
1.434984163096918586e+01 -4.398940411344475443e+00 -2.517309979331197933e+00 -4.398940411344475443e+00 1.928584180750078758e+01 2.370508770685072708e+00 -2.517309979331197933e+00 2.370508770685072708e+00 2.151186587240291814e+01
3.925413746883286148e+00 -1.030478444329869525e+01 -1.065605748983107048e+01 -1.030478444329869525e+01 1.719370907973382856e+01 -1.727409342121392299e+00 -1.065605748983107048e+01 -1.727409342121392299e+00 -8.373555409858409737e-01
-7.536705818774112053e+00 5.918612695351753494e+00 4.338151986837083918e+00 5.918612695351753494e+00 -3.300055598699134229e+00 -4.795261249876256571e+00 4.338151986837083918e+00 -4.795261249876256571e+00 3.329316461931378646e-01
6.242506753678338072e+00 -1.501748000805045224e+00 -5.005823545584486389e+00 -1.501748000805045224e+00 1.398831948628732746e+01 -1.392902729019283470e+00 -5.005823545584486389e+00 -1.392902729019283470e+00 4.162170190683935900e+00
-1.578861133238568470e+01 2.788273733898682938e+00 1.501758370061346382e+00 2.788273733898682938e+00 -9.494640324201906623e+00 -3.360647590675659657e+00 1.501758370061346382e+00 -3.360647590675659657e+00 -1.571391931835109901e+01
1.367501098856306774e+00 -9.298583381426772654e-02 4.710479954270122782e+00 -9.298583381426772654e-02 2.112087657775797567e+01 -5.568896548224567589e+00 4.710479954270122782e+00 -5.568896548224567589e+00 2.699841005356503842e+01
1.107369474889016558e+01 -4.580522911953941595e-02 9.044368384610060319e-02 -4.580522911953941595e-02 1.640138031177800571e+01 -1.202776383647967906e+00 9.044368384610060319e-02 -1.202776383647967906e+00 6.968532059477057672e+00
1.173254564200717098e+01 -2.486918409219041504e+00 -2.535197360725883087e+00 -2.486918409219041504e+00 2.368970120116925315e+01 -4.308609817715804979e+00 -2.535197360725883087e+00 -4.308609817715804979e+00 1.273356652595507477e+01
2.460345133307819054e+01 -6.481307128479310897e+00 -1.036152619860285728e+00 -6.481307128479310897e+00 1.443603849904230785e+01 8.796752639281415043e+00 -1.036152619860285728e+00 8.796752639281415043e+00 4.191276648000997085e+01
2.671434700962207032e+01 4.929900233823064859e+00 3.716480341740219906e+00 4.929900233823064859e+00 2.647133320852732297e+01 3.106744385579469636e+00 3.716480341740219906e+00 3.106744385579469636e+00 2.493032032993157188e+01
2.953848860109330587e+01 5.310345493358424207e+00 2.427079174029491249e+00 5.310345493358424207e+00 2.206396383950190998e+00 5.081634643941588259e+00 2.427079174029491249e+00 5.081634643941588259e+00 1.907068380102466065e+01
7.258450719852248767e+00 6.378716090651487036e+00 5.020527169803815859e+00 6.378716090651487036e+00 9.167736623994986900e+00 -2.929171435819118763e+00 5.020527169803815859e+00 -2.929171435819118763e+00 -3.932413840024914009e+00
-3.988657045218801045e+00 5.255099586600015193e+00 2.547241543590340829e+00 5.255099586600015193e+00 -1.995385131291828484e+00 2.085134574908769078e+00 2.547241543590340829e+00 2.085134574908769078e+00 -6.726488273301433729e+00
-1.237390549682492846e+01 -1.113921902605338188e+00 6.685681112230051903e-01 -1.113921902605338188e+00 -2.057274607393517485e+01 1.939939079624388940e+00 6.685681112230051903e-01 1.939939079624388940e+00 -1.309659508782786119e+01
1.915369361900616241e+01 -1.561592050768210616e+00 -3.800689484285542541e+00 -1.561592050768210616e+00 9.632260269239104389e+00 4.634195450214621204e+00 -3.800689484285542541e+00 4.634195450214621204e+00 1.191256466121872393e+01
1.484116414637726500e+01 4.890659565196261660e+00 1.241211185929309790e+00 4.890659565196261660e+00 1.353208607339533032e+01 1.620972544130040660e+00 1.241211185929309790e+00 1.620972544130040660e+00 1.505600219203285128e+01
1.309181456074908034e+01 -2.782970040842916770e+00 -5.300308772222598108e+00 -2.782970040842916770e+00 3.924672703493775838e+00 3.958413835342206255e+00 -5.300308772222598108e+00 3.958413835342206255e+00 3.327296783940759184e+01
2.460345133307819054e+01 -6.481307128479310897e+00 -1.036152619860285728e+00 -6.481307128479310897e+00 1.443603849904230785e+01 8.796752639281415043e+00 -1.036152619860285728e+00 8.796752639281415043e+00 4.191276648000997085e+01
2.956332666177382507e+01 6.666531494284187787e+00 6.795547184879951352e+00 6.666531494284187787e+00 2.208744224815379908e+01 1.024802777333931658e+01 6.795547184879951352e+00 1.024802777333931658e+01 1.848593194078356206e+01
1.842574627714252244e+01 2.592104656780939820e+00 -5.462557530204508183e-01 2.592104656780939820e+00 1.836877970021831885e+01 6.010744546859878579e-01 -5.462557530204508183e-01 6.010744546859878579e-01 1.927586025571642736e+01
-2.477690592833979011e+01 3.879705133611381029e+00 5.688128251271783453e-01 3.879705133611381029e+00 -3.324943207082112995e+00 -1.241357936425019304e+01 5.688128251271783453e-01 -1.241357936425019304e+01 -1.736354943286965380e+01
-1.987608395869273892e+01 2.222292447045825625e+00 5.535283276926865170e+00 2.222292447045825625e+00 -4.438489805481196093e+00 -2.469101687422561309e+00 5.535283276926865170e+00 -2.469101687422561309e+00 -2.787333747243453885e+01
9.041352285094443886e+00 1.900821882922800743e+00 2.909796060108151394e+00 1.900821882922800743e+00 4.265155878177340210e-01 4.420803040067277756e+00 2.909796060108151394e+00 4.420803040067277756e+00 8.267099660826245255e+00
-2.605022202314460245e+00 4.571053534268318508e+00 2.791985344163292471e+00 4.571053534268318508e+00 -1.090790565456857042e+00 -1.808013878551117282e+00 2.791985344163292471e+00 -1.808013878551117282e+00 -1.140642308919674264e+01
1.404677977957062041e+01 -7.888631216234200938e-01 9.728838342797749839e-01 -7.888631216234200938e-01 4.271018986704718401e+01 -4.680686266728613099e+00 9.728838342797749839e-01 -4.680686266728613099e+00 -2.580486403308773102e+00
-1.674224222906365256e+01 -4.011809457495055575e+00 -4.692969137646628042e+00 -4.011809457495055575e+00 -1.563297711304111637e+01 -2.201863018071924305e+00 -4.692969137646628042e+00 -2.201863018071924305e+00 -1.133553803551041561e+01
2.719593942438374157e+00 -1.640016799665571900e+00 -7.436893284751267430e+00 -1.640016799665571900e+00 -7.592715771174803230e+00 -2.741086449061265196e+00 -7.436893284751267430e+00 -2.741086449061265196e+00 -6.070529360220373150e+00
-8.068146891665184839e+00 5.756408613244395234e+00 -1.040868489589816120e-01 5.756408613244395234e+00 3.963966776187247465e+00 -4.987967699325234427e+00 -1.040868489589816120e-01 -4.987967699325234427e+00 -2.332010635443452884e+01
1.842865763727970929e+01 7.851261623081676078e+00 4.786496162818625777e+00 7.851261623081676078e+00 9.819424388859504305e+00 -1.216460700893884361e+00 4.786496162818625777e+00 -1.216460700893884361e+00 3.888805910034088154e+00
4.791804771976821975e+00 -7.234533079208441464e+00 -2.813980034746798253e+00 -7.234533079208441464e+00 2.295381402332797638e+00 1.431957623454605644e+00 -2.813980034746798253e+00 1.431957623454605644e+00 -1.510158681834826433e-01
2.134724572557205491e+01 -1.586803476319178330e+01 -9.310221814796062034e+00 -1.586803476319178330e+01 1.270289736759292509e+01 -2.901915847751593613e+00 -9.310221814796062034e+00 -2.901915847751593613e+00 2.028454967530918651e+01
1.586630646664957212e+01 1.056824258624804447e+00 4.240097238021508730e+00 1.056824258624804447e+00 1.980014851265549680e+01 -3.491113286221230627e+00 4.240097238021508730e+00 -3.491113286221230627e+00 2.734646491429964499e+01
