5.894603580002866217e+00 -2.186099658912715044e-02 -4.126561822663845192e+00 -2.186099658912715044e-02 8.933620791462252297e-01 -1.363201007571474666e+00 -4.126561822663845192e+00 -1.363201007571474666e+00 5.630506669418879007e+00
-7.985337745046118485e+00 4.418315364721048688e+00 3.086568653310317600e+00 4.418315364721048688e+00 -1.763953985357404441e+00 -2.355849018527813588e-01 3.086568653310317600e+00 -2.355849018527813588e-01 -5.403923616550373232e+00
-1.341978677446091162e+01 1.031337236986159844e+01 8.339834387745288513e-01 1.031337236986159844e+01 -1.479464107455302724e+01 -1.335146850330170665e+00 8.339834387745288513e-01 -1.335146850330170665e+00 -1.346482577317076412e+01
-2.126278426290146584e+01 -7.668748560717205898e+00 -8.438106445129928135e-01 -7.668748560717205898e+00 -1.598860979950533157e+01 4.426662354509077524e+00 -8.438106445129928135e-01 4.426662354509077524e+00 -2.406254323581352494e+01
-8.574581926145498301e+00 -2.985871584359143682e+00 -5.903977447460381223e-01 -2.985871584359143682e+00 -8.738671718172213332e+00 -1.882889405728710663e+00 -5.903977447460381223e-01 -1.882889405728710663e+00 1.609203067243376806e+00
-8.715496704027222208e+00 7.979823516029588282e-02 1.212485082170762674e+00 7.979823516029588282e-02 -8.104357092520725558e+00 5.301744241313609551e-01 1.212485082170762674e+00 5.301744241313609551e-01 -8.617503141316010584e+00
-2.560889518398719389e+01 -1.086666735276370144e+00 2.556293633257726294e-01 -1.086666735276370144e+00 1.817390991421270030e+00 -7.015865702365545076e+00 2.556293633257726294e-01 -7.015865702365545076e+00 -1.574174924958991184e+01
-8.519940241856325258e+00 1.881183762534551995e+00 1.617205733555005409e+00 1.881183762534551995e+00 -6.301601025612779239e+00 1.253091769337987049e+00 1.617205733555005409e+00 1.253091769337987049e+00 -1.851325920119160173e+01
1.884642879019810258e-01 2.969341361106478949e+00 5.130478391827001383e-01 2.969341361106478949e+00 4.583002295537091264e+00 1.381683300344770604e+00 5.130478391827001383e-01 1.381683300344770604e+00 1.552760679645008635e+00
1.097571224701829351e+01 1.644345469634223900e+00 6.787880246384030425e-01 1.644345469634223900e+00 1.359914805422832984e+01 1.534609389161649906e+00 6.787880246384030425e-01 1.534609389161649906e+00 1.317044623411542226e+01
1.571090626872572038e+01 4.391170105193739626e-01 3.658603962935669696e+00 4.391170105193739626e-01 1.308780400620162432e+01 -3.810849538080621768e-01 3.658603962935669696e+00 -3.810849538080621768e-01 9.378995527862507231e+00
-9.725515365706680626e-01 8.750102604704856901e+00 -1.850063446700512815e+00 8.750102604704856901e+00 -6.327839111857739951e+00 -2.415889795140403695e+00 -1.850063446700512815e+00 -2.415889795140403695e+00 -2.766816836379435429e+00
9.841400765152465979e+00 -2.433364180645317454e+00 -2.676305915718643624e-01 -2.433364180645317454e+00 1.260260586307668262e+01 -3.166268396370952143e+00 -2.676305915718643624e-01 -3.166268396370952143e+00 2.042877923286642172e+01
-1.333387366481761838e+01 7.858396340371273325e+00 -2.854701015429212063e+00 7.858396340371273325e+00 -6.519828275166745790e+00 -1.885258550336875949e+00 -2.854701015429212063e+00 -1.885258550336875949e+00 -6.389991978127678607e+00
3.149928072563634274e+01 -5.794123065969694508e+00 -3.847131365202490105e+00 -5.794123065969694508e+00 2.191362100748315100e+01 1.685918113299291976e+00 -3.847131365202490105e+00 1.685918113299291976e+00 3.158992606018137650e+01
-1.078382884429270883e-01 2.578644023429001120e+00 2.926693425569726892e-01 2.578644023429001120e+00 6.038822059012832755e-01 2.452401148512729084e-02 2.926693425569726892e-01 2.452401148512729084e-02 -1.438892168456732623e+00
-2.175927394708631368e+01 1.847372167871227600e+00 4.987296380100741722e+00 1.847372167871227600e+00 -1.974832031166313229e+01 2.737282533237598070e+00 4.987296380100741722e+00 2.737282533237598070e+00 -1.955126056664678424e+00
-1.980629090737074804e+01 -5.050294576414152914e+00 -4.264322123918790730e+00 -5.050294576414152914e+00 -2.824411139148860528e+01 3.748602177680216752e+00 -4.264322123918790730e+00 3.748602177680216752e+00 -1.009834558961737194e+01
7.952268675308443058e+00 -2.890130447192408525e+00 -4.813764487337192755e+00 -2.890130447192408525e+00 2.884105631824342453e+01 2.472137299557775503e+00 -4.813764487337192755e+00 2.472137299557775503e+00 -7.341420327622131481e+00
-1.023964694911041207e+01 -1.307625055004958625e+00 1.461179373721896990e+00 -1.307625055004958625e+00 1.174681071997443027e+01 9.547194296618892295e+00 1.461179373721896990e+00 9.547194296618892295e+00 4.918269205368110408e-01
-6.547968976756315840e+00 3.223004650653389369e+00 6.820772023279948471e+00 3.223004650653389369e+00 -1.003594986258023880e+01 3.559428276882059539e+00 6.820772023279948471e+00 3.559428276882059539e+00 -7.489625081339093882e+00
2.802549702370303208e+00 6.340106204665946876e+00 -8.209952763637403450e+00 6.340106204665946876e+00 5.192162431120180166e+00 -5.205916851684720292e+00 -8.209952763637403450e+00 -5.205916851684720292e+00 1.545052740342855557e+01
-1.434200959065952752e+01 -6.950539549554778374e-01 -1.342275893163405565e+00 -6.950539549554778374e-01 -1.451658529827261290e+01 6.572755624511216199e-01 -1.342275893163405565e+00 6.572755624511216199e-01 -1.961150895722361653e+01
1.646087235387355108e+01 3.455629170518107474e-01 1.819940331683488788e+00 3.455629170518107474e-01 1.603333843905623368e+01 -2.652324129441960832e+00 1.819940331683488788e+00 -2.652324129441960832e+00 1.595494989125478469e+01
9.931774442346920750e+00 8.198407441958384112e+00 1.622042249350167831e+00 8.198407441958384112e+00 -6.115376445965347685e+00 -1.039101127937617974e+01 1.622042249350167831e+00 -1.039101127937617974e+01 2.784471325531856678e+01
-6.451996934857420207e-01 -1.053916019711993712e+01 1.127207123762734398e+01 -1.053916019711993712e+01 -2.641169837812323173e+00 2.165541028677270496e+00 1.127207123762734398e+01 2.165541028677270496e+00 1.164823626221147634e+01
-2.718208820640180079e+01 3.224107036318617947e+00 -1.874518354157335365e+00 3.224107036318617947e+00 -2.208297011142017041e+01 5.028610934394964760e-01 -1.874518354157335365e+00 5.028610934394964760e-01 -3.516660534401174232e+01
-3.405440451290602244e+00 8.567125533259790870e+00 9.892460464008505650e-01 8.567125533259790870e+00 -3.446351236220451253e-01 -5.865557398736950034e+00 9.892460464008505650e-01 -5.865557398736950034e+00 2.713589313033033523e+00
7.750078283034622650e-01 -3.452953907656335364e-01 -2.079458010275294200e+00 -3.452953907656335364e-01 5.606867456698824803e+00 2.561502293681350295e+00 -2.079458010275294200e+00 2.561502293681350295e+00 4.795859561109216962e+00
2.794374218997726533e+00 -3.823748358471807940e+00 -6.666457074767783153e-01 -3.823748358471807940e+00 -4.608447413895215838e+00 6.824385336784225764e+00 -6.666457074767783153e-01 6.824385336784225764e+00 1.260989911923563511e+01
1.571991757512429899e+01 -1.581653740617825932e+00 5.331524286179800676e+00 -1.581653740617825932e+00 5.714807211766074424e+00 -1.344633607495094418e+00 5.331524286179800676e+00 -1.344633607495094418e+00 1.179880990323896661e+01
1.341580662229119447e+01 -1.682967075401577972e+00 1.848941423595350075e+00 -1.682967075401577972e+00 1.117005556060547278e+01 2.516196667034870771e+00 1.848941423595350075e+00 2.516196667034870771e+00 1.749932064814320753e+01
1.685755156624678008e+01 -5.580907907193820572e-01 2.701277207689610993e+00 -5.580907907193820572e-01 1.691395305373296054e+01 5.446695337494407596e+00 2.701277207689610993e+00 5.446695337494407596e+00 2.879294595879003715e+00
-6.568627504202693146e+00 -3.039632749814356494e+00 1.530202209631306820e+00 -3.039632749814356494e+00 -2.431116530628170569e+00 5.404779507327711618e-01 1.530202209631306820e+00 5.404779507327711618e-01 2.380349563744296848e+00
-2.847910539091740389e+01 4.151941570783715285e+00 -4.947222426749600999e+00 4.151941570783715285e+00 -3.122773476076375587e+01 5.507708537856617959e+00 -4.947222426749600999e+00 5.507708537856617959e+00 -4.976702897752020682e+00
1.677402008383893062e+01 5.509312199689682998e+00 6.207201258573474156e+00 5.509312199689682998e+00 3.228385083965622471e+01 -1.725469961053686996e+00 6.207201258573474156e+00 -1.725469961053686996e+00 1.141498483660922680e+01
3.266348808556147620e+00 -3.478664927282929753e+00 1.358060094453192201e+00 -3.478664927282929753e+00 -3.419399327814415468e+00 -5.657526047687013282e+00 1.358060094453192201e+00 -5.657526047687013282e+00 -2.300981458042991701e+00
-6.155379511536701820e+00 -2.821533281721366193e-01 1.237192023023289678e-01 -2.821533281721366193e-01 1.460505657397135892e-01 2.578345596103051918e+00 1.237192023023289678e-01 2.578345596103051918e+00 -9.105999282718610033e+00
-9.621385925660057126e+00 -7.022505692158051538e+00 9.325136888177391725e+00 -7.022505692158051538e+00 -1.413757316911788564e+01 4.717538272884076456e+00 9.325136888177391725e+00 4.717538272884076456e+00 -1.515897395824313776e+01
-1.851777594762160106e+01 1.219827949977035075e+01 -1.554439266726630287e+01 1.219827949977035075e+01 -6.505973716298966814e+00 -1.801652842876645400e+00 -1.554439266726630287e+01 -1.801652842876645400e+00 -2.891338943412124607e+01
-1.693183256216503096e+01 -2.429877670192254424e+00 -8.317685257378245600e-01 -2.429877670192254424e+00 -1.667500538143144340e+01 6.868276499777244304e+00 -8.317685257378245600e-01 6.868276499777244304e+00 -6.763165473794711779e+00
5.032784521109713971e+00 -3.290639651634525986e+00 1.126144599318180450e+00 -3.290639651634525986e+00 -1.403491996892878846e-01 -1.957014466646311179e+00 1.126144599318180450e+00 -1.957014466646311179e+00 4.359527290350156292e+00
2.599460951525746566e+01 6.879456031027308960e+00 -8.210486295269834311e-01 6.879456031027308960e+00 1.277487529849326897e+01 -8.602619758729294075e-01 -8.210486295269834311e-01 -8.602619758729294075e-01 1.208843257486345202e+01
1.447963401034833630e+01 1.055959666491096272e+01 -6.528001723879661711e+00 1.055959666491096272e+01 2.884152341966412791e+01 -5.829923346659109384e-01 -6.528001723879661711e+00 -5.829923346659109384e-01 1.143901317683937080e+01
1.743002066343624890e+01 8.181717382464341881e+00 1.225526908852278929e+01 8.181717382464341881e+00 1.252824912703691951e-01 8.184298369199867196e+00 1.225526908852278929e+01 8.184298369199867196e+00 1.282389999498471944e+01
2.447460793273684843e+01 3.177085758914323099e-01 -1.809850192892012322e+00 3.177085758914323099e-01 2.198807884711260030e+01 -2.594375650384864174e-01 -1.809850192892012322e+00 -2.594375650384864174e-01 1.889720043889758117e+01
8.544913890322661132e+00 -5.367992081111648162e+00 5.324521043598262615e+00 -5.367992081111648162e+00 1.362099014735285607e+01 3.185154645652575667e+00 5.324521043598262615e+00 3.185154645652575667e+00 1.114214227155438586e+01
2.029254206884442802e+00 -4.017742720514514865e+00 1.350047831412378940e+00 -4.017742720514514865e+00 -9.320112967603247256e+00 2.724492990406681692e+00 1.350047831412378940e+00 2.724492990406681692e+00 1.625913691892705071e+00
-4.582387317831876139e+00 7.896554639982092949e-01 1.579809599291370326e+00 7.896554639982092949e-01 1.082539633801506973e+00 3.079579299595568198e+00 1.579809599291370326e+00 3.079579299595568198e+00 1.623563692021878779e+01
1.261210759564357575e+00 -3.431508075349917419e+00 1.790856395460604267e+00 -3.431508075349917419e+00 -6.330290177899168036e+00 1.019989321302752439e+00 1.790856395460604267e+00 1.019989321302752439e+00 -6.002402354633394610e-02
