-9.373780996250411945e+00 -5.322960170279330550e-01 2.079483528803165449e+00 -5.322960170279330550e-01 2.428280138148159040e+01 1.049675953854872645e+01 2.079483528803165449e+00 1.049675953854872645e+01 4.494157527814727437e+00
-6.430092975755802520e+00 -1.011194738097689871e+01 -2.964827612544342905e+00 -1.011194738097689871e+01 -8.278435156208315604e+00 7.058495634647485861e-01 -2.964827612544342905e+00 7.058495634647485861e-01 1.731821912879483616e+00
-1.148403049857714997e+01 9.327571653956225894e-01 3.523958427460499365e+00 9.327571653956225894e-01 8.106592222614155574e+00 -5.878489280982694964e+00 3.523958427460499365e+00 -5.878489280982694964e+00 -6.794648137893642748e+00
2.201308957993779458e+01 2.721999558688860343e+00 1.734184216018398317e+01 2.721999558688860343e+00 1.808145647680927581e+01 9.894554756693834108e+00 1.734184216018398317e+01 9.894554756693834108e+00 -2.970950019424991595e+01
7.437055664297310464e+00 9.393926155405009082e-01 -4.490029933149219055e+00 9.393926155405009082e-01 1.900215721827042259e+01 -2.217506651305408916e+00 -4.490029933149219055e+00 -2.217506651305408916e+00 1.852200603246742716e+01
-5.213952310134326029e-02 2.866434817147182734e+00 -7.615832730227830361e+00 2.866434817147182734e+00 2.433091978201695227e+01 -7.810835050039081295e+00 -7.615832730227830361e+00 -7.810835050039081295e+00 1.083329689364664361e+01
2.013194624728359017e+01 -3.245142279279598085e+01 -1.375102871992477382e+01 -3.245142279279598085e+01 3.095105719436729785e+01 1.363708376407907963e+01 -1.375102871992477382e+01 1.363708376407907963e+01 5.221238701447466823e+00
-4.997885947737182200e+00 3.217618622123740169e-01 9.042682620978339969e+00 3.217618622123740169e-01 -9.723713314095601135e+00 1.461724208443154005e+01 9.042682620978339969e+00 1.461724208443154005e+01 3.390057185252437222e+01
1.276084926464069191e+01 8.726348206316583145e+00 1.964302497103579848e+00 8.726348206316583145e+00 3.376495285483379849e+00 -2.173109136108717365e+00 1.964302497103579848e+00 -2.173109136108717365e+00 -3.338676269426918530e+00
-1.664190246213927793e+01 -1.036852650878632964e+01 -5.453130989804197526e+00 -1.036852650878632964e+01 1.736879575306375045e+01 -2.108125089435583632e+01 -5.453130989804197526e+00 -2.108125089435583632e+01 -3.790854783613924806e+00
1.853259826224354612e+01 -2.275006803709370029e+00 -1.919942764910906874e+00 -2.275006803709370029e+00 -1.147198796721983705e+01 1.167622686000510690e+01 -1.919942764910906874e+00 1.167622686000510690e+01 -1.706147985475080020e+01
