-9.980917532261527114e+00 6.606609982324768815e+00 4.310044957495952289e+00 6.606609982324768815e+00 -1.861754185542393714e+01 2.313843005826234922e+00 4.310044957495952289e+00 2.313843005826234922e+00 -2.101538265210416867e+01
-1.002944556693804445e+00 1.587766350810117721e+01 9.998402858422650752e+00 1.587766350810117721e+01 -8.491941754399640274e+00 4.163985156475706439e+00 9.998402858422650752e+00 4.163985156475706439e+00 -1.626081019503367742e+01
-1.355328709231514495e+01 -6.463940202697797233e+00 -4.548848926262643033e+00 -6.463940202697797233e+00 -2.558776861903370836e+00 1.251646204527602890e+00 -4.548848926262643033e+00 1.251646204527602890e+00 -1.291915014203245349e+01
-2.839567874279860238e+00 3.077394600168029459e+00 4.680407141744111321e+00 3.077394600168029459e+00 -1.165158771918722813e+01 1.326095911232325841e+00 4.680407141744111321e+00 1.326095911232325841e+00 -7.222693028050268360e+00
1.460048706896081860e+01 -4.455203694580931462e+00 -8.635312829869204454e-02 -4.455203694580931462e+00 1.102837689990391468e+01 1.728941993415307188e+00 -8.635312829869204454e-02 1.728941993415307188e+00 1.371426023349723344e+01
-9.259382727580527828e+00 2.121756827289690150e+01 1.172939101042722676e+01 2.121756827289690150e+01 -1.328496712070057040e+00 -3.895031360420472932e+00 1.172939101042722676e+01 -3.895031360420472932e+00 -2.017907944150946165e+01
-8.042753176202090515e+00 7.473442260862303677e+00 5.896077322149412048e+00 7.473442260862303677e+00 -1.130180259050662883e+01 1.637510209017741136e+00 5.896077322149412048e+00 1.637510209017741136e+00 -1.249497299057675903e+01
1.524455082784930404e+01 3.611137675790533130e+00 3.208897986969834637e+00 3.611137675790533130e+00 7.627174856861890007e+00 7.132310318716537090e+00 3.208897986969834637e+00 7.132310318716537090e+00 8.615794520656194777e+00
3.359740842800135141e+01 1.033016264992129951e+00 3.157967616719401072e+00 1.033016264992129951e+00 1.802499158044702554e+01 1.071591497368870805e+01 3.157967616719401072e+00 1.071591497368870805e+01 2.752513130264072672e+01
-1.293000145609687124e+01 1.332103651685818058e+01 1.317142281743878662e+01 1.332103651685818058e+01 -2.835090408179756949e+01 -1.287427715070768863e-01 1.317142281743878662e+01 -1.287427715070768863e-01 -1.644888219195049217e+01
-1.205540763693508310e+01 1.624619679375969383e+01 1.198581012532264367e+01 1.624619679375969383e+01 -2.585299266062931167e+01 3.347258639111307055e+00 1.198581012532264367e+01 3.347258639111307055e+00 -2.618431809014273171e+01
1.277334820895535472e+01 -5.631857656774697851e+00 1.113008379838366579e+01 -5.631857656774697851e+00 -1.497452231516550158e+00 1.674891904983180968e+00 1.113008379838366579e+01 1.674891904983180968e+00 1.574142397154336770e+01
4.870357898633641547e+00 -1.328433872394414372e+01 -6.738201870029336682e+00 -1.328433872394414372e+01 -8.980849632886356293e-01 -3.779890526654973382e+00 -6.738201870029336682e+00 -3.779890526654973382e+00 2.294280733622150681e+00
-1.477715396481975807e+00 8.212570750927646657e+00 4.040403797138446329e+00 8.212570750927646657e+00 -3.684112916014042671e+00 -3.657716701355303024e-01 4.040403797138446329e+00 -3.657716701355303024e-01 -9.494265881953607433e+00
2.100648567172566317e+00 7.929729250801861085e+00 5.561566021712400776e+00 7.929729250801861085e+00 -4.544153997420766089e+00 2.995378510415561912e+00 5.561566021712400776e+00 2.995378510415561912e+00 -4.833370105291245444e+00
4.511424645240974307e+00 6.006940091150038130e-01 7.527977006959502004e-01 6.006940091150038130e-01 3.476447170982432250e-02 2.245864074110994757e+00 7.527977006959502004e-01 2.245864074110994757e+00 -2.152934130668219925e+00
5.471483146160751598e-01 2.870858062045124282e+00 6.446828613851700140e+00 2.870858062045124282e+00 -9.124134052241803516e+00 4.003768028518610578e+00 6.446828613851700140e+00 4.003768028518610578e+00 -1.028291371825809186e+01
1.060221296495723386e+01 2.222241602068833544e+01 9.780038881206534640e+00 2.222241602068833544e+01 3.812355513935265616e+00 1.047905422836525169e+01 9.780038881206534640e+00 1.047905422836525169e+01 1.362067343973046718e+01
-4.614104749390697258e+00 3.550374354074153249e+00 4.101416655880341544e+00 3.550374354074153249e+00 -1.072884311830092230e+01 1.058527272001016595e+00 4.101416655880341544e+00 1.058527272001016595e+00 -6.387000108320743053e+00
-3.553289839290052043e+00 7.486359058088566165e+00 6.579767379835869789e+00 7.486359058088566165e+00 -1.210184256540767400e+01 5.636341828746473936e+00 6.579767379835869789e+00 5.636341828746473936e+00 -1.160378032611874666e+01
-5.363801245583223576e+00 4.005360713338420808e+00 2.676510166128442059e+00 4.005360713338420808e+00 -8.615216753632962465e+00 8.284343563637680541e-01 2.676510166128442059e+00 8.284343563637680541e-01 -8.226282876796117804e+00
3.084811953775595139e+00 1.117947901147451573e+00 1.781044028711174620e+00 1.117947901147451573e+00 -4.572762734560335218e+00 -7.457679605439369475e+00 1.781044028711174620e+00 -7.457679605439369475e+00 -6.427642762220880712e+00
-1.197220291500910427e+01 2.172616198843627888e+00 5.220196369205445386e+00 2.172616198843627888e+00 -1.561554735517315606e+01 1.822526643429079884e+00 5.220196369205445386e+00 1.822526643429079884e+00 -1.669896764728249039e+01
1.974738945158730274e+01 9.670919921926646623e+00 8.528625970417348157e+00 9.670919921926646623e+00 2.900533885140325197e+01 -4.881683738051365573e+00 8.528625970417348157e+00 -4.881683738051365573e+00 2.130091079501761442e+01
-2.584882275725594880e+01 1.100707137632515931e+01 1.271236426892316196e+01 1.100707137632515931e+01 -1.308704112531434660e+01 -1.019450031663740397e+01 1.271236426892316196e+01 -1.019450031663740397e+01 -3.818312581855983989e+00
1.215093446293393598e+01 -7.875746440105788615e+00 -8.130868466434429953e-01 -7.875746440105788615e+00 4.681620689329698770e+00 -3.023871488398924612e+00 -8.130868466434429953e-01 -3.023871488398924612e+00 6.163504883651408583e+00
-1.395668194134296769e+01 4.283439259100477736e-01 2.818120453101321310e+00 4.283439259100477736e-01 -2.033075326930463689e+01 2.981123007698976313e+00 2.818120453101321310e+00 2.981123007698976313e+00 -3.209160257981135800e+01
-1.779611649717752542e+01 -2.120160847051576702e+00 -7.442598787484517864e-01 -2.120160847051576702e+00 -2.304958148102364390e+01 1.173295642573768172e+00 -7.442598787484517864e-01 1.173295642573768172e+00 -3.423424533736979924e+01
5.057760312105529898e+00 1.123426529965669474e+01 8.114807556829665813e+00 1.123426529965669474e+01 2.117665520098308107e+00 -5.532738607981673162e-01 8.114807556829665813e+00 -5.532738607981673162e-01 -7.125229362547327305e+00
1.183580714928486088e+01 1.676141713205832673e+01 1.367845418714943406e+01 1.676141713205832673e+01 -2.072923977027191444e+00 3.885735806650689295e+00 1.367845418714943406e+01 3.885735806650689295e+00 -1.018499992885469396e+01
-7.481333786493260085e+00 2.943270937406776699e-01 -1.443421405650797906e+00 2.943270937406776699e-01 -1.421926759498829895e+01 2.968083994074381060e+00 -1.443421405650797906e+00 2.968083994074381060e+00 -1.642805833668890614e+01
-1.182687681309587902e+01 3.040183164165137786e+00 4.320856747752202409e+00 3.040183164165137786e+00 -2.847975042992583994e+01 1.437581745128174493e+00 4.320856747752202409e+00 1.437581745128174493e+00 -1.601828199332850033e+01
-3.026851329178320782e+01 2.292888291255138267e+00 1.952245087056148076e-01 2.292888291255138267e+00 -3.173448949239088179e+01 1.492920476598299739e+00 1.952245087056148076e-01 1.492920476598299739e+00 -4.074565491970104603e+01
-6.199359195743024742e+00 2.318563083453584195e+00 2.088077759263477162e+00 2.318563083453584195e+00 -8.912530006839222807e+00 2.372975440479085485e+00 2.088077759263477162e+00 2.372975440479085485e+00 -1.199959005994281291e+01
1.790325001932814075e+01 -2.755910542132989693e+00 -4.537355156768437148e+00 -2.755910542132989693e+00 1.320299806710302004e+00 -5.202009688724489322e-01 -4.537355156768437148e+00 -5.202009688724489322e-01 -1.116442453930407552e+01
5.282007070869773280e+00 6.614896563990769529e+00 1.026681461004918461e+01 6.614896563990769529e+00 -1.138664896175273711e+01 -5.686048945686132949e-01 1.026681461004918461e+01 -5.686048945686132949e-01 -2.056937592043128316e+00
6.748375052007230757e+00 -7.242770649188371435e-01 -1.140858752394985576e+00 -7.242770649188371435e-01 -1.622924929715175768e+00 3.818016948587604542e+00 -1.140858752394985576e+00 3.818016948587604542e+00 3.298572268578872979e+00
-9.458953143576181333e+00 -7.495022532571067764e+00 -1.098740009992081568e+01 -7.495022532571067764e+00 -4.843056542883104498e+00 -9.273314532320833248e-01 -1.098740009992081568e+01 -9.273314532320833248e-01 2.100515099970267130e+01
-1.478634051573493480e+01 -2.211091648431610768e+00 -3.788277048291629701e+00 -2.211091648431610768e+00 -1.548235143786208035e+01 1.027966811598347796e+00 -3.788277048291629701e+00 1.027966811598347796e+00 -2.747006889440515209e+01
-8.104114955040436774e-01 5.102010672211095610e+00 5.460078084099250439e+00 5.102010672211095610e+00 -3.657114204629989818e+00 1.237985844536926505e+00 5.460078084099250439e+00 1.237985844536926505e+00 -6.665169675832238738e+00
1.462643763134202501e+01 -6.422560620638447793e-01 -6.902048309014381822e+00 -6.422560620638447793e-01 -6.519543777830903331e+00 1.035694496525974273e+01 -6.902048309014381822e+00 1.035694496525974273e+01 -1.837066651297421060e+01
1.670266228740167591e+01 -8.136227137574328694e+00 -2.018129155872268488e+00 -8.136227137574328694e+00 1.073053636936942290e+01 -3.129246779699744518e+00 -2.018129155872268488e+00 -3.129246779699744518e+00 1.147372605373762511e+01
1.060221296495723386e+01 2.222241602068833544e+01 9.780038881206534640e+00 2.222241602068833544e+01 3.812355513935265616e+00 1.047905422836525169e+01 9.780038881206534640e+00 1.047905422836525169e+01 1.362067343973046718e+01
1.208258687743885673e+01 4.264063004065417495e+00 -3.286430223098980585e-01 4.264063004065417495e+00 6.101565233375748853e+00 4.296806087104719118e+00 -3.286430223098980585e-01 4.296806087104719118e+00 8.315336282097382181e+00
-1.320284956896106188e+01 -4.022576971531066192e+00 1.080502478280396805e-01 -4.022576971531066192e+00 -2.732401098928663785e+01 9.024435781378681298e+00 1.080502478280396805e-01 9.024435781378681298e+00 -3.069166668950684596e+01
-2.002627010917431605e+01 1.234178131796145550e+01 2.427907707903353529e+00 1.234178131796145550e+01 -3.384728850382245469e+01 -2.514480495921771475e+00 2.427907707903353529e+00 -2.514480495921771475e+00 -2.938554175659071532e+01
1.443211534490675874e+01 -7.857662395049030302e+00 -4.254728795603306968e-01 -7.857662395049030302e+00 5.975102450274111909e+00 -3.159726169103549864e+00 -4.254728795603306968e-01 -3.159726169103549864e+00 7.733958289346996473e+00
3.805673166541554853e+00 -1.258417839734683952e+01 -4.441135383715937301e+00 -1.258417839734683952e+01 2.994860903469017455e+00 1.188971336311261950e+00 -4.441135383715937301e+00 1.188971336311261950e+00 -4.744609327174216240e+00
1.311410829029888525e+01 5.971009184787935631e+00 3.776425309927072149e+00 5.971009184787935631e+00 -8.680433266138530612e+00 2.471154958543724245e+00 3.776425309927072149e+00 2.471154958543724245e+00 -9.701544436579112585e+00
-1.329347973217325318e+01 -1.791649816427200337e+00 -2.773747612709442034e+00 -1.791649816427200337e+00 -2.289498454347303280e+01 2.957581106844407337e+00 -2.773747612709442034e+00 2.957581106844407337e+00 -1.722797043788604654e+01
