4.525567158795621658e+00 -1.802680930886594035e-01 -6.743624636965099839e-01 -1.802680930886594035e-01 1.342548424781643668e+01 -6.697402785127617442e-01 -6.743624636965099839e-01 -6.697402785127617442e-01 1.948832416750984109e+01
1.674773143473975168e+01 5.948929342915386387e-02 -9.066957491299977578e-02 5.948929342915386387e-02 2.065294229126410741e+01 -4.587037872487667034e-01 -9.066957491299977578e-02 -4.587037872487667034e-01 1.802876397498466687e+01
4.873246392668528415e+01 6.187960960095628682e-01 6.429621953189611716e+00 6.187960960095628682e-01 3.999706123594593521e+01 -5.961609772815801733e+00 6.429621953189611716e+00 -5.961609772815801733e+00 3.892953187040182428e+01
5.478774313892095194e+01 -2.341528984214228171e+00 -7.953388797784000097e+00 -2.341528984214228171e+00 7.293157633774283966e+01 -6.411422243162482992e+00 -7.953388797784000097e+00 -6.411422243162482992e+00 2.937993446965410094e+00
2.671686296796670845e+01 -1.192323259385797141e-01 1.960852806345937172e+00 -1.192323259385797141e-01 2.039474399357329304e+01 2.645797418161358383e+00 1.960852806345937172e+00 2.645797418161358383e+00 1.774317663001935941e+01
6.549609661657267878e+00 2.546500798949955513e+00 -9.783235335859961523e+00 2.546500798949955513e+00 9.362178383834898199e-01 1.054984858094189626e+01 -9.783235335859961523e+00 1.054984858094189626e+01 -1.183757708973605816e+01
2.762016363290675258e+01 -9.803323086727203650e-01 4.436348226749357693e+00 -9.803323086727203650e-01 2.044924332684925616e+01 2.805046325166741461e+00 4.436348226749357693e+00 2.805046325166741461e+00 3.773617367082808727e+01
3.570889008919927932e+01 2.789982807515462682e+00 4.304653215248271714e+00 2.789982807515462682e+00 4.663200740775732100e+01 -7.053050692965586066e+00 4.304653215248271714e+00 -7.053050692965586066e+00 4.023700070960802577e+01
8.678904493871009151e+00 -1.402066964690233952e+00 2.714748898315300973e+00 -1.402066964690233952e+00 8.687434465530966321e+00 -6.909983948294144696e-02 2.714748898315300973e+00 -6.909983948294144696e-02 -1.052893046059034177e+01
-3.261187489534128048e+01 -7.106345701992530239e-01 2.021720670383833962e+00 -7.106345701992530239e-01 -2.012272881720629059e+01 -6.020851586572693037e+00 2.021720670383833962e+00 -6.020851586572693037e+00 3.433538058481073296e+00
5.092848259832901903e+01 -1.767928026949495690e+00 -2.825660073782409132e+00 -1.767928026949495690e+00 7.080055048674337570e+01 -6.645139855949081742e+00 -2.825660073782409132e+00 -6.645139855949081742e+00 1.229426757572091589e+01
1.227308308185423158e+01 -2.327180871200122125e-01 1.719916226179712959e+00 -2.327180871200122125e-01 1.977801276871690561e+01 -6.231262363479977973e-01 1.719916226179712959e+00 -6.231262363479977973e-01 2.920734682836073048e+01
4.500503942046459827e+01 4.139905176269125242e+00 -1.472616672895094014e+00 4.139905176269125242e+00 3.352205796505405289e+01 -4.537166063066837118e+00 -1.472616672895094014e+00 -4.537166063066837118e+00 5.381469517605015085e+01
-7.193394813794368403e+00 3.731769469336287059e+00 3.503185755319359718e+00 3.731769469336287059e+00 -2.033647845740211224e+01 3.996654918111393950e+00 3.503185755319359718e+00 3.996654918111393950e+00 3.509685223029529055e+01
1.628501851283841262e+01 -4.614130130867694746e+00 -5.615075129120878916e-01 -4.614130130867694746e+00 2.586436637859283749e+01 -5.257341116800719583e+00 -5.615075129120878916e-01 -5.257341116800719583e+00 1.727096378927921094e+01
2.433439093205051051e+01 6.065704091677056597e-01 -1.121024826292940313e+00 6.065704091677056597e-01 1.590407201850784880e+01 1.802135887540696313e+00 -1.121024826292940313e+00 1.802135887540696313e+00 2.327647059358004711e+01
3.189285098795896900e+01 -3.982379811311413498e+00 6.400607453632033428e-01 -3.982379811311413498e+00 2.050834695225780635e+01 1.909820479596359144e+00 6.400607453632033428e-01 1.909820479596359144e+00 3.439801935280326717e+01
4.105831074933030322e+01 8.734165499189673554e+00 7.897441368007627194e-01 8.734165499189673554e+00 4.528326840191261482e+01 -1.512562377003421554e+00 7.897441368007627194e-01 -1.512562377003421554e+00 4.246075453874961880e+01
-6.072903105474673602e+00 3.750455073559631813e+00 3.427158885665267274e+00 3.750455073559631813e+00 -1.825106388135461088e+01 3.287083402385897912e+00 3.427158885665267274e+00 3.287083402385897912e+00 3.676484833831691645e+01
1.193146734067714476e+01 -1.295398982623304551e+00 -1.482074737955087151e+00 -1.295398982623304551e+00 7.481686307218647691e+00 4.288925262473635591e+00 -1.482074737955087151e+00 4.288925262473635591e+00 7.906501560997533318e+00
1.266363648807698361e+01 8.099008994795781069e-01 8.715110468889992745e-01 8.099008994795781069e-01 8.176291924154281077e+00 2.572065234803873945e+00 8.715110468889992745e-01 2.572065234803873945e+00 1.801129807387419390e+01
2.932092583116495632e+01 -3.917116846238488659e+00 -6.019227183676431281e+00 -3.917116846238488659e+00 2.273600292654228383e+01 -3.010140713785945721e+00 -6.019227183676431281e+00 -3.010140713785945721e+00 6.938542302215019220e+00
1.117369489047065834e+01 2.480792771435742061e+00 3.570668937031237888e+00 2.480792771435742061e+00 1.081656659201434323e+01 5.492291400764772735e-01 3.570668937031237888e+00 5.492291400764772735e-01 -1.801164672092001950e+01
1.993224423061866091e+01 2.031139994958155170e-01 3.300661185097037542e+00 2.031139994958155170e-01 2.311359956506114344e+01 -1.225028448161248207e+01 3.300661185097037542e+00 -1.225028448161248207e+01 9.627959257439268725e+00
3.428474459201661517e+01 3.103561008118374431e+00 -6.336318106963721775e+00 3.103561008118374431e+00 2.532824917829814027e+01 1.641507632010765994e+00 -6.336318106963721775e+00 1.641507632010765994e+00 3.348090543341032799e+01
1.347240707525997472e+01 3.216224323640547222e+00 2.568100687611657662e+00 3.216224323640547222e+00 1.203938411158863353e+01 1.759181945098930999e+00 2.568100687611657662e+00 1.759181945098930999e+00 -1.553559498978771103e+01
9.399409209472150195e+00 -3.454626614243780924e+00 2.644694813892957796e+00 -3.454626614243780924e+00 2.764179616084128455e+01 -1.172513667140879079e+01 2.644694813892957796e+00 -1.172513667140879079e+01 3.595500286654472433e+01
-9.481137968930885007e-01 3.611365501885216434e-01 1.926784002273792318e+00 3.611365501885216434e-01 2.307728620465806202e+01 -1.828782114079575694e-01 1.926784002273792318e+00 -1.828782114079575694e-01 1.731328726525799055e+01
1.063399924116483675e+01 3.979484502660616041e+00 -6.064186432999164822e+00 3.979484502660616041e+00 1.867992356710251212e+00 1.200995293497608918e+00 -6.064186432999164822e+00 1.200995293497608918e+00 4.444172312008732462e+01
3.842143943641045922e+01 5.779440927232941227e+00 -1.908387550607163252e+00 5.779440927232941227e+00 3.981435084267894098e+01 -3.881930398834254170e+00 -1.908387550607163252e+00 -3.881930398834254170e+00 2.552780229574536008e+01
1.765546214939239889e+01 2.188253218609742756e+00 -1.416704726900251399e-01 2.188253218609742756e+00 1.533620271567759374e+01 1.654766750711652801e+00 -1.416704726900251399e-01 1.654766750711652801e+00 1.695819582602926090e+01
1.815906313087570823e+01 -9.524882199898036805e-02 1.233095043008988645e+00 -9.524882199898036805e-02 1.336596671309931850e+01 1.992481571254610007e+00 1.233095043008988645e+00 1.992481571254610007e+00 1.943182925833397690e+01
3.230297901380768621e+01 9.372188483243807378e-01 7.936573542244251378e+00 9.372188483243807378e-01 2.081833067595055553e+01 1.672266875102291550e+00 7.936573542244251378e+00 1.672266875102291550e+00 3.328928042271592602e+01
7.967005340012293324e+00 7.678521890394027771e-01 6.785057254925555559e-02 7.678521890394027771e-01 1.699054483345783240e+01 5.403551450959453106e+00 6.785057254925555559e-02 5.403551450959453106e+00 -4.730002669042221441e+00
1.024551486680164558e+01 -1.983677418016611682e+00 -6.579499819981986519e+00 -1.983677418016611682e+00 5.698318737991269423e+00 2.377342875293175339e+00 -6.579499819981986519e+00 2.377342875293175339e+00 1.761626198766113660e+01
3.974209492160773749e+01 -1.571743007264281733e+00 -8.389625862583301341e+00 -1.571743007264281733e+00 4.413868485118535290e+01 -7.858715036321407332e+00 -8.389625862583301341e+00 -7.858715036321407332e+00 9.936497687049531180e+00
2.284170588445682526e+01 8.519322825463357951e-01 -1.713891824336260195e+00 8.519322825463357951e-01 2.125247112389881821e+01 -7.965757738567747381e+00 -1.713891824336260195e+00 -7.965757738567747381e+00 1.002072731880981848e+01
4.287466252327644867e+01 2.476128292848961188e+00 5.051760364590601071e+00 2.476128292848961188e+00 3.152770732341031845e+01 -1.342355034316272677e+00 5.051760364590601071e+00 -1.342355034316272677e+00 4.926754451957322800e+01
-1.691106121654791039e+01 8.372674830216453756e+00 -6.769834154832732764e+00 8.372674830216453756e+00 2.366927649466411765e+01 -3.794026577385594123e+00 -6.769834154832732764e+00 -3.794026577385594123e+00 3.804421789171852453e+01
-1.264257230989490743e+01 -2.814240908208946387e-02 -1.891446720715028951e+00 -2.814240908208946387e-02 -2.064239661839414808e+01 -2.174717354915343570e+00 -1.891446720715028951e+00 -2.174717354915343570e+00 -6.882490278326716115e+00
3.341526828819793593e+01 2.692539628545760344e+00 -1.369851625439234333e+00 2.692539628545760344e+00 3.252518834267424808e+01 3.027307595924810801e+00 -1.369851625439234333e+00 3.027307595924810801e+00 3.470132838175605627e+01
1.379665904651450248e+01 -2.012889087241243047e+00 -2.192141502753209181e+00 -2.012889087241243047e+00 2.461137911250167676e+01 1.098688520891744735e+00 -2.192141502753209181e+00 1.098688520891744735e+00 2.732622496712011895e+01
3.155921654512494001e+01 -1.294585916783617396e-01 1.233445452678846754e+00 -1.294585916783617396e-01 2.755598895460016351e+01 1.530493097376180334e+00 1.233445452678846754e+00 1.530493097376180334e+00 3.069186836419587650e+01
5.354637560535216778e+00 -3.561682145357745632e+00 1.000456668172540864e+00 -3.561682145357745632e+00 1.430098726966512679e+01 2.348552125550924796e-01 1.000456668172540864e+00 2.348552125550924796e-01 1.773024465733682220e+01
-1.514424939929048719e+01 -1.452642207273228792e+00 -3.960752554694877414e+00 -1.452642207273228792e+00 5.393704345081600238e+00 -5.596782017595726799e+00 -3.960752554694877414e+00 -5.596782017595726799e+00 3.287620774625909092e+01
5.478774313892095194e+01 -2.341528984214228171e+00 -7.953388797784000097e+00 -2.341528984214228171e+00 7.293157633774283966e+01 -6.411422243162482992e+00 -7.953388797784000097e+00 -6.411422243162482992e+00 2.937993446965410094e+00
2.462814604790476380e+01 -3.202152479644680749e+00 2.888706113406413145e+00 -3.202152479644680749e+00 3.759987009233139332e+01 3.242908140365512448e+00 2.888706113406413145e+00 3.242908140365512448e+00 4.114942627112975515e+01
2.565862957239304620e+01 -3.635120683178126311e-01 2.236683527959576701e+00 -3.635120683178126311e-01 1.685126723322777309e+01 2.030073347011246199e+00 2.236683527959576701e+00 2.030073347011246199e+00 2.450167031333623768e+01
1.030878755498612698e+01 -3.668449155680351126e+00 8.637011186077120373e-01 -3.668449155680351126e+00 -3.446493618434478989e+00 6.558032491507090889e+00 8.637011186077120373e-01 6.558032491507090889e+00 -1.816925794685366569e+01
1.105310856812320708e+01 1.640527396605949484e+00 -1.895633841520039109e+00 1.640527396605949484e+00 1.661035266771502350e+01 3.155655421347567824e+00 -1.895633841520039109e+00 3.155655421347567824e+00 -8.660728148751943856e-01
