4.719973898010161406e+01 3.021209748906588555e+00 -1.414955826941431960e+00 3.021209748906588555e+00 4.398960310639205318e+01 2.867615554150174439e+00 -1.414955826941431960e+00 2.867615554150174439e+00 4.393886900927466854e+01
4.583416976267310616e+01 1.092186645925827015e+01 6.477765355467741237e+00 1.092186645925827015e+01 3.487673895906470989e+01 -5.547798272382799212e+00 6.477765355467741237e+00 -5.547798272382799212e+00 3.825893020949116874e+01
2.247617851006776135e+01 -1.428623099974297794e+01 -8.301516148527516847e+00 -1.428623099974297794e+01 5.517223486534852128e+01 1.584818146283161866e+00 -8.301516148527516847e+00 1.584818146283161866e+00 5.646208476882767968e+01
1.632956499638964232e+01 3.024160223068233400e+00 4.576509881987419481e-01 3.024160223068233400e+00 1.796590066399665631e+01 -2.092005764238277887e+00 4.576509881987419481e-01 -2.092005764238277887e+00 1.779066899065757212e+01
2.188343730069147952e+01 1.000597097585936801e+01 1.192553659049247727e+01 1.000597097585936801e+01 2.305829018669368224e+01 -1.254015580206302660e+00 1.192553659049247727e+01 -1.254015580206302660e+00 2.744969983781386347e+01
1.314397721728548518e+01 2.803991837904371121e+00 1.661742907674037761e+00 2.803991837904371121e+00 2.241051561180138663e+01 1.061503384082212488e-02 1.661742907674037761e+00 1.061503384082212488e-02 2.355954239370825931e+01
-6.988217945712579038e+00 -2.029725016777895075e+00 5.716582659411599820e-01 -2.029725016777895075e+00 -5.195838557570436222e+00 2.640672673553163818e+00 5.716582659411599820e-01 2.640672673553163818e+00 -7.787089210425055086e+00
1.858367349105187571e+01 -1.120378155368406503e+01 -9.281407422663241036e+00 -1.120378155368406503e+01 7.578533110145268203e+00 2.016517551909530859e+00 -9.281407422663241036e+00 2.016517551909530859e+00 1.031139474995019789e+01
1.063170894809622347e+01 -3.361031953636713698e+00 7.679146184834942934e-01 -3.361031953636713698e+00 1.822890295750960377e+01 -2.712114318177580863e+00 7.679146184834942934e-01 -2.712114318177580863e+00 1.382315148380656211e+01
4.937925164817031920e+00 -8.029114135472741332e-01 -1.594470319282802473e+00 -8.029114135472741332e-01 5.394144901914226686e+00 -2.454511095382003738e-01 -1.594470319282802473e+00 -2.454511095382003738e-01 5.485426890288516155e+00
7.345053061574481568e+00 5.751255797728359598e-01 5.765178405216019319e-01 5.751255797728359598e-01 7.570737445478049388e+00 -1.812485131185366805e-01 5.765178405216019319e-01 -1.812485131185366805e-01 7.481792569588498587e+00
2.028942577143505588e+01 9.934586383689503197e-01 5.235935581737478639e-01 9.934586383689503197e-01 2.250757109236086606e+01 9.474979089872636040e-01 5.235935581737478639e-01 9.474979089872636040e-01 2.302576203921151787e+01
-2.864430651827119867e+00 4.309464856857032622e+00 2.139056133855046671e+00 4.309464856857032622e+00 -2.807372606549180638e+00 2.971486415740192677e-01 2.139056133855046671e+00 2.971486415740192677e-01 -6.638876197728911244e+00
5.968581857788888279e+00 6.708449121186366160e-01 5.014654086460554883e-01 6.708449121186366160e-01 6.440091609417529561e+00 -6.698784254503205027e-01 5.014654086460554883e-01 -6.698784254503205027e-01 5.587758961970441973e+00
6.275486701192716232e+00 -1.913006070661277036e+00 1.687602179615776521e+00 -1.913006070661277036e+00 6.360246581312301473e+00 -2.900829957157697425e+00 1.687602179615776521e+00 -2.900829957157697425e+00 1.712105221584705816e+01
3.178971048568109747e+00 2.710277833802618552e+00 1.847561295884275312e+00 2.710277833802618552e+00 2.169921175264287960e+00 8.098907091060786101e+00 1.847561295884275312e+00 8.098907091060786101e+00 -4.077572346914149826e+00
2.930023026067623704e+01 -3.795852154456697214e+00 -1.011515220329951958e+01 -3.795852154456697214e+00 1.977819650027178255e+01 4.136408618022405115e+00 -1.011515220329951958e+01 4.136408618022405115e+00 1.719253727655467046e+01
2.950462236864157006e+01 -7.150963442430311012e+00 -4.071983166699615353e+00 -7.150963442430311012e+00 1.498681091084447736e+01 6.269488778756049818e+00 -4.071983166699615353e+00 6.269488778756049818e+00 1.177267973924372590e+01
2.217511867475692000e+01 -2.606703464866739317e+00 -1.164748515302231446e+01 -2.606703464866739317e+00 6.676971717816320151e+00 -9.211553355127636067e+00 -1.164748515302231446e+01 -9.211553355127636067e+00 2.013943383182248326e+01
4.879660892842852604e+01 1.298605176588122667e+01 7.809851440396144540e+00 1.298605176588122667e+01 3.008611546111314183e+01 -1.057306395229967277e+00 7.809851440396144540e+00 -1.057306395229967277e+00 3.582589648264517734e+01
1.659197185697478361e+01 3.205119266929753685e+00 8.778838125972866280e+00 3.205119266929753685e+00 3.333442324110899335e+01 2.491001581819936028e-01 8.778838125972866280e+00 2.491001581819936028e-01 3.715092677328576798e+01
1.187008583668192507e+01 -1.491300431215546674e+00 -4.543373255782126030e+00 -1.491300431215546674e+00 1.820257940955439580e+01 1.973298439596665954e+00 -4.543373255782126030e+00 1.973298439596665954e+00 2.189126861609654640e+01
9.933539517568826582e+00 1.167202451316320833e+01 1.147852344123138124e+01 1.167202451316320833e+01 1.570296563886194363e+01 -3.378664702084484883e+00 1.147852344123138124e+01 -3.378664702084484883e+00 1.196923418880341927e+01
1.557908194280640402e+01 -4.191422445781763706e+00 -6.731807389684640874e+00 -4.191422445781763706e+00 1.736337915467760240e+01 6.541822729237671830e-01 -6.731807389684640874e+00 6.541822729237671830e-01 9.018330638497371154e+00
6.464221043707804881e+01 5.192089702861111267e-01 -3.260210851828167833e+00 5.192089702861111267e-01 5.581985353351905133e+01 -1.105194088498420851e-01 -3.260210851828167833e+00 -1.105194088498420851e-01 4.562888435474855697e+01
1.257147714491914137e+01 -4.697978981616738992e+00 -1.928299739187069095e+00 -4.697978981616738992e+00 -5.418825436237102444e+00 7.720005877228715008e+00 -1.928299739187069095e+00 7.720005877228715008e+00 2.002631199107236526e+00
1.041374700691249089e+01 -1.868308658675032818e+00 -8.944450809775502664e-01 -1.868308658675032818e+00 9.680823107941264993e+00 2.986524332960774908e-01 -8.944450809775502664e-01 2.986524332960774908e-01 1.017854295848317570e+01
9.056021708619690358e+00 2.591734760086787936e-01 -3.083563069704685078e-01 2.591734760086787936e-01 9.190486697497899371e+00 -2.922812058097185584e-01 -3.083563069704685078e-01 -2.922812058097185584e-01 7.459566436637574682e+00
1.776996887691484872e+01 -1.186229378849239291e+00 -2.737290408392587082e+00 -1.186229378849239291e+00 2.143785851090983741e+01 -3.799006765063098534e+00 -2.737290408392587082e+00 -3.799006765063098534e+00 1.795019616326275624e+01
-6.165461183019328439e-01 3.806702851635394680e+00 4.131732528909654256e+00 3.806702851635394680e+00 2.096384677310366484e+00 6.658195434474353247e-01 4.131732528909654256e+00 6.658195434474353247e-01 1.371197327102685826e+00
2.292625599823418980e+01 5.322001453542235083e+00 1.690959993296329511e+00 5.322001453542235083e+00 2.295625080022609410e+01 -2.411155853824345385e+00 1.690959993296329511e+00 -2.411155853824345385e+00 1.618544356233664772e+01
2.542535356653941037e+01 1.291357221480851969e+01 6.370532968470154600e+00 1.291357221480851969e+01 3.307404191295528051e+01 -5.810029233127348647e+00 6.370532968470154600e+00 -5.810029233127348647e+00 3.246362082514120573e+01
-3.075422066336890303e+00 5.720259236445868201e-02 -2.635855014108582584e+00 5.720259236445868201e-02 -4.351798723012486825e+00 -3.128789926055657755e+00 -2.635855014108582584e+00 -3.128789926055657755e+00 -7.112926325145241258e+00
-6.502749232571865434e+00 5.989760561868615163e+00 3.145464320797256352e+00 5.989760561868615163e+00 -3.185483796911053744e+01 4.279003114087975845e+00 3.145464320797256352e+00 4.279003114087975845e+00 -3.294554064122237236e+01
2.946610158683791614e+00 6.448509837528019872e+00 4.873453891269035054e+00 6.448509837528019872e+00 2.475735354752630180e+00 -7.755146638047499819e-01 4.873453891269035054e+00 -7.755146638047499819e-01 -3.009363656858942360e+00
5.227056808479829009e+00 -9.870648154004885155e-02 4.500865529375248225e-03 -9.870648154004885155e-02 6.075238938079866813e+00 -3.409840504736473266e-01 4.500865529375248225e-03 -3.409840504736473266e-01 4.073196330837655310e+00
1.336882760323859820e+01 1.504603935331203235e-01 4.355758164659236376e-01 1.504603935331203235e-01 1.304281573334220745e+01 1.062387390455112213e+00 4.355758164659236376e-01 1.062387390455112213e+00 1.166185096756010964e+01
6.167180367717012501e+00 -1.169929863297060335e-01 5.329882681687486690e-01 -1.169929863297060335e-01 6.940072837615687718e+00 3.887589343773063533e-01 5.329882681687486690e-01 3.887589343773063533e-01 3.058244193181110404e+00
2.589051904677815230e+01 -4.500169323298466750e+00 -5.135842755533851722e+00 -4.500169323298466750e+00 1.927166935760542898e+01 -2.832123241857080476e-02 -5.135842755533851722e+00 -2.832123241857080476e-02 1.372081970204576074e+01
3.988995693255419894e+01 -1.333689397997206783e+01 -2.637078022385825893e+00 -1.333689397997206783e+01 2.952442491063552410e+01 -2.605440851021323834e+00 -2.637078022385825893e+00 -2.605440851021323834e+00 3.011651756745104436e+01
1.191638672653829012e+01 2.317530127088849312e+00 -1.104320023262814532e+00 2.317530127088849312e+00 2.178020955064503283e+01 -8.334032836325727667e-01 -1.104320023262814532e+00 -8.334032836325727667e-01 2.041219375938884895e+01
2.593107114588435280e+01 -2.835096851858661449e+00 -5.538880835326507324e+00 -2.835096851858661449e+00 2.160260271812075672e+01 -7.342315611217266058e-01 -5.538880835326507324e+00 -7.342315611217266058e-01 1.182285485339416908e+01
1.053038813951734909e+01 -3.811871103892417345e+00 -6.000817320083226214e+00 -3.811871103892417345e+00 1.567476220169099932e+01 -1.445902221637636709e+00 -6.000817320083226214e+00 -1.445902221637636709e+00 1.089337628093102239e+01
1.456352524679417293e+01 1.386350351827714711e+00 1.160811640358393459e+00 1.386350351827714711e+00 1.550063538320798706e+01 -7.270614480368665644e-01 1.160811640358393459e+00 -7.270614480368665644e-01 1.309089060472552823e+01
1.918002955396235620e+01 -3.162973599673395420e+00 -4.241485384831618632e-01 -3.162973599673395420e+00 5.538523945925303060e+00 -4.881907263652116136e+00 -4.241485384831618632e-01 -4.881907263652116136e+00 3.156594513186973483e+00
7.474470709370097055e+00 1.498337905005230786e+00 7.448798379745281695e-01 1.498337905005230786e+00 7.546116815892998098e+00 4.652686119880061200e-01 7.448798379745281695e-01 4.652686119880061200e-01 5.546215497264172178e+00
1.699685148867855844e+01 5.593404579699489787e+00 5.893683862033651799e+00 5.593404579699489787e+00 2.382700884335932301e+01 8.242788417247933763e-01 5.893683862033651799e+00 8.242788417247933763e-01 2.259008948389263693e+01
8.379815616891033159e+00 -4.557104152842953226e+00 -1.455084444041858660e+00 -4.557104152842953226e+00 1.074958366056130110e+01 -1.498144906121408271e+00 -1.455084444041858660e+00 -1.498144906121408271e+00 1.308159526425174413e+01
2.438656368178034128e+01 -1.810853942453654719e+00 -9.119594749297941227e-01 -1.810853942453654719e+00 2.852210238841616885e+01 4.755209812099691291e+00 -9.119594749297941227e-01 4.755209812099691291e+00 1.707526202369451340e+01
-1.944886704213667983e+01 4.428663927891417273e+00 1.399365542018929265e+00 4.428663927891417273e+00 -2.074858096839362898e-01 -8.078586244343279432e+00 1.399365542018929265e+00 -8.078586244343279432e+00 1.922438450685624023e+00
