-1.837549491659141720e+00 -5.149437939491551264e-01 -2.486027115555716482e-01 -5.149437939491551264e-01 -3.460176123471041532e-01 2.854152855214387441e-01 -2.486027115555716482e-01 2.854152855214387441e-01 2.636776509867156393e-01
4.909324707589627579e+00 3.554469253726789457e+00 -2.454722558980323655e+00 3.554469253726789457e+00 8.772162880644787109e+00 8.995858818901173448e-01 -2.454722558980323655e+00 8.995858818901173448e-01 -3.119110250901030224e+00
1.047411502972180664e+00 9.847058725082258324e-01 -7.333151760404644781e-01 9.847058725082258324e-01 1.454651677978088742e+01 3.189074169911063628e-01 -7.333151760404644781e-01 3.189074169911063628e-01 -7.806457562500522585e+00
1.943926338537851350e+01 3.680674744075259408e+00 2.045290674083700466e+00 3.680674744075259408e+00 1.483917469606245554e+01 -8.270109402753333949e-01 2.045290674083700466e+00 -8.270109402753333949e-01 6.230581152835673819e+00
3.722235269628928478e+00 -5.193503757386776165e+00 -7.632903809195783207e-02 -5.193503757386776165e+00 1.101043746622955943e+01 3.818503651781772312e+00 -7.632903809195783207e-02 3.818503651781772312e+00 1.874300565291702370e+01
2.308473587985051623e+01 3.235875786014590805e+00 9.415887767316898360e-01 3.235875786014590805e+00 3.124421507349778437e+01 -1.119797436931884826e+00 9.415887767316898360e-01 -1.119797436931884826e+00 1.451853620194837724e+01
6.118010924485466795e+00 -2.747508185013975091e+00 2.137568120611894162e+00 -2.747508185013975091e+00 5.414582758077283842e+00 8.403557563082104664e-01 2.137568120611894162e+00 8.403557563082104664e-01 9.496715935314384183e+00
1.526869641395149690e+00 -3.145088870497957934e-01 3.273506495471501521e-01 -3.145088870497957934e-01 2.506096892119190844e+00 7.070622998682396521e-01 3.273506495471501521e-01 7.070622998682396521e-01 3.738071336483549389e-01
5.434317814263736501e+00 1.533925044449215569e-01 -2.855254300832891223e-01 1.533925044449215569e-01 6.699271740393638375e+00 -1.223063868312385560e+00 -2.855254300832891223e-01 -1.223063868312385560e+00 4.503371942463989974e+00
2.677188740144883727e+00 4.428120800656586420e-01 1.063182927726686045e-01 4.428120800656586420e-01 3.325043533296532683e+00 -1.571058833936376797e-01 1.063182927726686045e-01 -1.571058833936376797e-01 4.348303572997147981e+00
3.973865675864950653e+00 -6.473926912816432289e-01 -2.291566819509903152e-01 -6.473926912816432289e-01 4.281925849806246021e+00 4.511052211470830547e-02 -2.291566819509903152e-01 4.511052211470830547e-02 7.947195693336729150e+00
4.819454260616914176e+00 -3.317094350938282865e+00 1.287553029336068411e+00 -3.317094350938282865e+00 -3.349895405400111326e+00 -4.509213783460697123e-01 1.287553029336068411e+00 -4.509213783460697123e-01 7.313515641027195535e+00
1.031500010614720431e+01 -7.194871526387476290e-01 2.556466426542567394e-01 -7.194871526387476290e-01 1.089792367129427753e+01 9.908786579890576096e-01 2.556466426542567394e-01 9.908786579890576096e-01 5.243353781909497080e+00
3.171378018735858006e+00 5.671629988814748113e-01 -5.952485274168928697e+00 5.671629988814748113e-01 3.038444505809006824e+00 -4.900320504123129028e-01 -5.952485274168928697e+00 -4.900320504123129028e-01 4.693404405738799134e+00
-6.751646485276914245e-01 -5.192397429634156403e+00 2.416498626419797180e+00 -5.192397429634156403e+00 -9.405387759814340498e+00 -1.982292602417137894e+00 2.416498626419797180e+00 -1.982292602417137894e+00 -1.580639612452354648e+01
-1.159746410922849025e+00 1.521809714706925387e+00 7.059198575490711614e-01 1.521809714706925387e+00 -2.987023793085542778e+00 4.631297210818959703e-02 7.059198575490711614e-01 4.631297210818959703e-02 1.742141102698114619e+00
1.166226207541581239e+01 1.283255620930274343e+00 2.267106611595743337e-01 1.283255620930274343e+00 8.692568431437802445e+00 -3.599729923086481542e-01 2.267106611595743337e-01 -3.599729923086481542e-01 2.530910173096649896e+00
3.066829745777324701e-01 -1.563225236027633080e+00 -3.081416432000815497e+00 -1.563225236027633080e+00 -2.992990906506478588e+00 2.153282934579344499e+00 -3.081416432000815497e+00 2.153282934579344499e+00 -1.352223070863693699e-01
-1.064493588508081601e+01 5.759330661813619301e+00 1.867929555067018299e+00 5.759330661813619301e+00 -8.776364283943077993e+00 -1.208134289682795126e+00 1.867929555067018299e+00 -1.208134289682795126e+00 6.400483359216809554e+00
5.100619179023242050e-02 3.930130257437492336e+00 -1.632123134143957710e+00 3.930130257437492336e+00 1.582550110527785048e+00 -7.537674021880372832e-01 -1.632123134143957710e+00 -7.537674021880372832e-01 1.104383988879438760e+01
-1.066738560711967265e+00 -1.048238890769446208e-01 -7.744619530537538710e-02 -1.048238890769446208e-01 -2.317715739242523387e+00 7.198676836722406325e-02 -7.744619530537538710e-02 7.198676836722406325e-02 1.826233049674217401e-01
5.865387809469479130e+00 9.582290853877040507e-03 -1.090268844915578961e-01 9.582290853877040507e-03 6.054895011379674230e+00 -1.375592885501250584e-01 -1.090268844915578961e-01 -1.375592885501250584e-01 2.362067068084926280e+00
5.402828924580705738e+00 7.736010196622001844e-01 1.856255394929719749e-01 7.736010196622001844e-01 8.749656137710305259e+00 1.672484308179290835e+00 1.856255394929719749e-01 1.672484308179290835e+00 -1.144073850100547141e+01
-1.303819233922445342e+01 -3.545722132326965426e+00 1.602093331594546699e+00 -3.545722132326965426e+00 -6.575353997261270678e+00 1.480839440322552880e+00 1.602093331594546699e+00 1.480839440322552880e+00 -9.579260970461666247e+00
-5.037075111516009507e+00 -6.329371866790557688e-02 -4.909970728073715929e-01 -6.329371866790557688e-02 -4.367061055296161065e+00 2.861078710054363317e-01 -4.909970728073715929e-01 2.861078710054363317e-01 -2.745835021818215371e-01
2.416485729774562330e+01 1.864940926397429033e+00 2.897603083885897490e+00 1.864940926397429033e+00 2.061775315691434685e+01 3.002170013109724866e+00 2.897603083885897490e+00 3.002170013109724866e+00 1.393426560831096417e+01
5.551893687222180240e+00 5.254531785482683404e-01 -1.167534625708950384e-02 5.254531785482683404e-01 7.251187632323551568e+00 4.190746604721720114e-01 -1.167534625708950384e-02 4.190746604721720114e-01 1.263392812757817785e+00
-2.056071620449530357e+01 2.895950254603736340e-01 -5.754482199608502491e+00 2.895950254603736340e-01 -2.187830098986283289e+01 -1.399323559898457026e+00 -5.754482199608502491e+00 -1.399323559898457026e+00 -1.673467247876516595e+01
5.478094097131631202e+00 7.615019706805570276e-01 2.474991019933123204e-01 7.615019706805570276e-01 4.739267392599321838e+00 1.837312012278174631e-02 2.474991019933123204e-01 1.837312012278174631e-02 6.478201252215687767e+00
-4.983279793836554172e-01 -6.554149446189657668e-01 -4.139065617441378131e-01 -6.554149446189657668e-01 -4.527151213619825532e-01 4.356396018861926622e-01 -4.139065617441378131e-01 4.356396018861926622e-01 1.737244927014250373e-01
4.147827657826696601e+00 8.589097498914317619e-01 -2.166522044845470951e+00 8.589097498914317619e-01 3.713202078755639679e+00 2.638497233980587886e+00 -2.166522044845470951e+00 2.638497233980587886e+00 5.585490272618744534e+00
1.098218441087856512e+01 9.628925745370215949e-01 -2.757272682830801402e-01 9.628925745370215949e-01 7.825245262636197907e+00 -1.281650039668445373e+00 -2.757272682830801402e-01 -1.281650039668445373e+00 4.064145585681532502e+00
4.210454673637872069e+00 5.604238206850238324e-01 -1.510301862850288619e-02 5.604238206850238324e-01 4.780512510124160563e+00 -1.664984853262464759e-02 -1.510301862850288619e-02 -1.664984853262464759e-02 3.140221837164832497e+00
-1.392242613329853773e-01 7.787687054015003663e-02 -2.095849316153180486e-01 7.787687054015003663e-02 4.730277506518157371e-01 -7.342116023977126593e-01 -2.095849316153180486e-01 -7.342116023977126593e-01 1.049339593043157715e+00
1.266528469369554344e+01 -3.635410526533570108e-01 -2.053761108248022271e-01 -3.635410526533570108e-01 1.094784865152673170e+01 -2.306122617335295832e-01 -2.053761108248022271e-01 -2.306122617335295832e-01 5.096081565474282371e+00
2.095836933234838639e+01 -3.795379872857322034e+00 -1.273810667405928632e+00 -3.795379872857322034e+00 1.924646751672441525e+01 -2.005782543165788578e-01 -1.273810667405928632e+00 -2.005782543165788578e-01 1.861888850801194195e+01
1.524264735192424602e+01 1.772817652223081630e+00 -3.912267675020399516e+00 1.772817652223081630e+00 1.229276946033255946e+01 2.337922312784460832e+00 -3.912267675020399516e+00 2.337922312784460832e+00 9.556552071757955957e+00
1.158005210564818555e+01 -2.122056754045434923e-01 1.452812613866157621e-01 -2.122056754045434923e-01 1.388486671910225034e+01 -8.611333728881977179e-02 1.452812613866157621e-01 -8.611333728881977179e-02 9.781342227445076531e+00
-6.243883513942940500e-01 1.140411698479102176e+00 -1.478038373736968891e+00 1.140411698479102176e+00 -2.801956368097362926e+00 -3.330951547586924466e+00 -1.478038373736968891e+00 -3.330951547586924466e+00 1.751627402549475576e+00
3.988131456838005739e+00 -7.173481345194259173e-01 -4.812274424434619391e-01 -7.173481345194259173e-01 5.721013640774880393e+00 -2.952020489370171252e-01 -4.812274424434619391e-01 -2.952020489370171252e-01 2.779971832141669985e+00
8.736691196462908593e+00 1.568675241347158744e+00 -1.554433796725878558e+00 1.568675241347158744e+00 7.530710152719797712e+00 5.043762941625622859e-02 -1.554433796725878558e+00 5.043762941625622859e-02 2.136117668494145150e+01
3.224544739165452967e+01 -9.286843387658494375e-01 -7.276665139517699554e-01 -9.286843387658494375e-01 2.271209862629356735e+01 -1.669309186039830140e+00 -7.276665139517699554e-01 -1.669309186039830140e+00 5.685645174464840856e+00
8.278749662768699835e+00 -8.711602707369004994e-01 -3.596042337410588985e+00 -8.711602707369004994e-01 1.130035816555904304e+01 1.684704697759796532e-01 -3.596042337410588985e+00 1.684704697759796532e-01 1.146423978067708305e+01
9.587521622491527395e+00 -8.689717940194889856e-01 -4.505434968092917880e-01 -8.689717940194889856e-01 1.155202363514671937e+01 -8.363812998074658944e-01 -4.505434968092917880e-01 -8.363812998074658944e-01 2.295838040917296929e+00
2.216932764911078380e+01 -7.805318780631687048e-01 -1.559230882106832139e+00 -7.805318780631687048e-01 2.191722744990195082e+01 -7.200317932239013174e-01 -1.559230882106832139e+00 -7.200317932239013174e-01 1.029172479928326389e+01
5.540525130616750893e+00 2.695517049370310669e-01 1.486607842631803011e-01 2.695517049370310669e-01 7.522732216230944680e+00 2.994810203469027710e-01 1.486607842631803011e-01 2.994810203469027710e-01 3.163390870241437280e+00
8.852122205182874737e+00 -1.380041947927161283e+00 3.160157797351943909e+00 -1.380041947927161283e+00 5.014178417916991037e+00 1.849255531775918726e+00 3.160157797351943909e+00 1.849255531775918726e+00 1.017018607195830704e+01
1.073799863307755564e-01 -3.095807053709816459e-01 9.433721368599665494e-03 -3.095807053709816459e-01 -1.202371039918731288e+00 -1.890130947048625776e-01 9.433721368599665494e-03 -1.890130947048625776e-01 3.560226055635700604e+00
-5.444960570934815891e+00 2.574949435186458135e+00 -5.168772521450628599e-01 2.574949435186458135e+00 -7.017690296828242857e+00 1.755638223732576275e+00 -5.168772521450628599e-01 1.755638223732576275e+00 -9.135135492277855818e+00
6.655158105885787823e-01 -2.249287588949583139e+00 9.863926459553687964e-01 -2.249287588949583139e+00 -1.232023386876865967e+00 -2.544485850906189839e+00 9.863926459553687964e-01 -2.544485850906189839e+00 7.319178811961197795e+00
