-1.855587274634910600e+01 2.631846973441798632e+00 3.645978707904441674e+00 2.631846973441798632e+00 5.513767383757498308e+00 -1.088197470074805384e+00 3.645978707904441674e+00 -1.088197470074805384e+00 -6.916503342407512633e+00
1.012803900928424561e+01 -7.120335046620627217e-01 -4.994169161264068180e+00 -7.120335046620627217e-01 2.411623748050946148e+01 -9.227918931820452642e+00 -4.994169161264068180e+00 -9.227918931820452642e+00 1.994634842383898388e+01
1.877549537310997252e+01 -4.581093909742551262e-01 -5.051778614650680455e-01 -4.581093909742551262e-01 1.184995084872519655e+01 1.952552637501857591e-01 -5.051778614650680455e-01 1.952552637501857591e-01 1.267262297641764590e+01
6.396428412329889568e+01 -4.875468933187683263e+00 1.241996345968223459e+01 -4.875468933187683263e+00 4.578501151815559922e+01 2.034892141879562288e+01 1.241996345968223459e+01 2.034892141879562288e+01 5.753916988999645099e+01
8.345464350955142052e+00 -3.563853765076878122e-01 4.142810466668869651e+00 -3.563853765076878122e-01 -1.347813885074091367e+01 7.838488493852721284e+00 4.142810466668869651e+00 7.838488493852721284e+00 -2.344553489755091605e-02
3.669000055120000781e+01 3.724993681282486313e-01 -6.082429414709320525e-01 3.724993681282486313e-01 5.265633886190401824e+01 -7.055163091187672819e-01 -6.082429414709320525e-01 -7.055163091187672819e-01 4.564069575928244404e+01
4.499041570799852252e+01 -4.034175053113860265e+00 -8.451853132225103593e+00 -4.034175053113860265e+00 2.389671708612265633e+01 -2.042339367039622378e+00 -8.451853132225103593e+00 -2.042339367039622378e+00 3.776743905793024680e+01
4.595796436010233776e+01 -2.765429869133648300e+00 -7.992743430887309763e+00 -2.765429869133648300e+00 1.136891433066982771e+01 -5.217898404747887575e+00 -7.992743430887309763e+00 -5.217898404747887575e+00 3.374674103492086630e+01
-2.095088920834346524e+01 -1.598435602478047501e+00 7.004067202445221074e-01 -1.598435602478047501e+00 -1.417473653040617343e+01 4.324742360842735778e+00 7.004067202445221074e-01 4.324742360842735778e+00 -2.173581760572089294e+01
1.872350215450493494e+01 -4.282968108622202230e+00 1.962132189612661337e+00 -4.282968108622202230e+00 8.743470827438661885e+00 -9.177685929310076540e-01 1.962132189612661337e+00 -9.177685929310076540e-01 2.839409754095441585e+01
4.602396004307924393e+00 1.598729376357379328e+00 -6.086232011300145572e+00 1.598729376357379328e+00 -1.212980817893256713e+01 -1.654864649279933708e+00 -6.086232011300145572e+00 -1.654864649279933708e+00 -4.164567132287171347e+00
2.652534979188651576e+01 8.012023900991558367e-01 1.595257337237088624e+00 8.012023900991558367e-01 3.167660349784095430e+01 -2.232924045785227296e+00 1.595257337237088624e+00 -2.232924045785227296e+00 2.867322883280043655e+01
1.489914236821529459e+00 6.093753912569468412e+00 4.488168204600188282e+00 6.093753912569468412e+00 1.975968614112715116e+01 -5.913457771867712154e+00 4.488168204600188282e+00 -5.913457771867712154e+00 1.215082895863531043e+01
-5.104973118120389231e+00 7.904275433515159044e+00 -3.894914105795891590e+00 7.904275433515159044e+00 -1.451635044387476370e+01 3.918842179969514117e+00 -3.894914105795891590e+00 3.918842179969514117e+00 -5.978312893962471897e+00
-7.019720881405288715e+00 -1.260326217183735587e+01 -2.689914555889036940e+00 -1.260326217183735587e+01 2.556497521568591580e+01 -2.147862496876959959e+00 -2.689914555889036940e+00 -2.147862496876959959e+00 1.706224833897002924e+01
1.932434152170495167e+01 3.489284239353404260e+00 4.854349603215336373e+00 3.489284239353404260e+00 3.271183194819325024e+01 -4.178289741621876718e-01 4.854349603215336373e+00 -4.178289741621876718e-01 2.430388617840400656e+01
8.857074440884661115e+00 -4.389993873008165792e+00 2.792611712507593325e+00 -4.389993873008165792e+00 1.675893056421744687e+00 -2.486492603927521750e-01 2.792611712507593325e+00 -2.486492603927521750e-01 1.090762519382460916e+01
1.936568331069135240e+01 3.343871375616686237e+00 3.359099203513088661e+00 3.343871375616686237e+00 -2.745385984847024119e-01 3.684035818915116778e+00 3.359099203513088661e+00 3.684035818915116778e+00 1.078741845650361419e+01
2.806164331154010583e+01 3.129668996908560263e+00 8.144566247356065603e+00 3.129668996908560263e+00 3.024536057602633932e+01 8.789991445249246027e+00 8.144566247356065603e+00 8.789991445249246027e+00 3.162578553399840686e+01
1.184338155862793052e+01 -3.855247073741908670e-01 9.678125174555629595e-01 -3.855247073741908670e-01 1.127481773167159318e+01 -1.072189647295595183e+00 9.678125174555629595e-01 -1.072189647295595183e+00 8.369600220281416370e+00
7.835788719957850645e+00 1.075787532371235589e+00 -2.397897649609570248e-01 1.075787532371235589e+00 8.483903715648457577e+00 -2.315584118792179513e+00 -2.397897649609570248e-01 -2.315584118792179513e+00 1.161294384573417204e+01
2.807770886110561293e+01 -9.319670803298896189e-01 -1.679064479382863295e+00 -9.319670803298896189e-01 3.403163756249125527e+01 3.037323329592024113e+00 -1.679064479382863295e+00 3.037323329592024113e+00 3.710757692220026627e+01
2.722909315657205553e+01 -8.291317801685547551e+00 -2.113124614254600520e+00 -8.291317801685547551e+00 3.722186929173161474e+01 -4.470739202148243052e+00 -2.113124614254600520e+00 -4.470739202148243052e+00 2.775856941750108930e+01
2.408178763039653703e+01 -1.256865271957983282e-02 1.353052544567003856e-01 -1.256865271957983282e-02 1.647591929343913009e+01 3.445318645654420919e+00 1.353052544567003856e-01 3.445318645654420919e+00 2.186119429889659926e+01
1.822958875810057222e+01 2.578165586864332948e+00 7.900466302757040704e-02 2.578165586864332948e+00 1.397731895993899620e+01 7.416850821135653193e-01 7.900466302757040704e-02 7.416850821135653193e-01 1.438806721253721932e+01
3.771617759871516995e+01 1.919571096896496076e+00 4.668174356602278863e+00 1.919571096896496076e+00 4.094560716589990079e+01 1.869150740444197600e+00 4.668174356602278863e+00 1.869150740444197600e+00 3.449375465274076191e+01
2.978823986205805951e+01 -2.236413378167563804e-01 3.100486830145636308e+00 -2.236413378167563804e-01 4.436232885355376254e+01 9.296241280781524452e+00 3.100486830145636308e+00 9.296241280781524452e+00 3.490996716960783885e+01
2.544050156467048041e+01 5.314268464018066851e+00 -3.018108275240082961e+00 5.314268464018066851e+00 1.632618489279888863e+01 -1.966335331469136527e+00 -3.018108275240082961e+00 -1.966335331469136527e+00 3.421070511790863833e+01
4.717055877628514970e+00 -2.598106797695244108e+00 -2.957154447088719551e-01 -2.598106797695244108e+00 2.431994032373088643e+01 1.996585337510102365e+00 -2.957154447088719551e-01 1.996585337510102365e+00 1.131432427283100672e+01
4.103469655545850259e+01 -1.984188335692801175e+00 9.173018294447405907e+00 -1.984188335692801175e+00 2.930336311322557918e+01 1.347311105855231084e+01 9.173018294447405907e+00 1.347311105855231084e+01 3.992553176108042834e+01
5.289222773534606459e-01 -4.084915102692649569e+00 2.528728917395863363e+00 -4.084915102692649569e+00 2.140245668963987313e+01 -6.175718849714223246e+00 2.528728917395863363e+00 -6.175718849714223246e+00 7.510077815243260346e+00
7.508725618647737576e+00 1.407157686819707987e+00 6.696579162148685871e-02 1.407157686819707987e+00 4.558835346572236880e+00 -2.565393577010908199e+00 6.696579162148685871e-02 -2.565393577010908199e+00 4.449355400599936949e+00
-3.684693016312836633e+00 4.337103221932416819e-01 -5.496111469238404545e+00 4.337103221932416819e-01 1.432352591633074468e+01 1.069202757301726159e+01 -5.496111469238404545e+00 1.069202757301726159e+01 1.142487671219943302e+01
3.783177640736687408e+01 -1.473515059546617767e+00 -5.582471984374594243e+00 -1.473515059546617767e+00 4.229043139076242852e+01 -5.068103299987990695e+00 -5.582471984374594243e+00 -5.068103299987990695e+00 3.875375218957874068e+01
-2.637766179306171299e-01 8.180196423529618954e+00 2.773348878010310492e-01 8.180196423529618954e+00 2.523918572780328873e+01 -1.646149832076343467e+00 2.773348878010310492e-01 -1.646149832076343467e+00 9.217409687459989343e+00
4.179767638986398026e+00 -1.692693201675399051e+00 -1.584259242592414685e+00 -1.692693201675399051e+00 7.246380036469240338e+00 -1.636604750475190828e+00 -1.584259242592414685e+00 -1.636604750475190828e+00 8.142503049051075692e+00
1.013182814714523161e+01 -8.066167673807691507e-01 -2.050099675057542203e+00 -8.066167673807691507e-01 5.332609562361628974e+00 3.163499988846673050e-01 -2.050099675057542203e+00 3.163499988846673050e-01 5.200383147633837133e+00
1.774786895509898876e+00 -3.924230632084726889e+00 -4.087948906689604089e-01 -3.924230632084726889e+00 1.668634123874835851e+01 -9.756664089155458797e+00 -4.087948906689604089e-01 -9.756664089155458797e+00 7.581517495531603146e+00
-4.664618003911843225e+00 -1.610945425396336450e+00 -2.494004344416553831e+00 -1.610945425396336450e+00 3.725156353466876347e+00 6.785073713687344021e-01 -2.494004344416553831e+00 6.785073713687344021e-01 2.673037585831913088e+00
6.633214138183126884e+00 -7.551790276937335733e-01 -1.082003863638697910e-01 -7.551790276937335733e-01 8.200049132725951040e+00 -9.300424073847748385e-01 -1.082003863638697910e-01 -9.300424073847748385e-01 6.873290529173057273e+00
1.347616015739098927e+01 2.719200813702407071e+00 1.394788891733715008e+00 2.719200813702407071e+00 3.968399859036219279e+00 -7.599522269916045403e+00 1.394788891733715008e+00 -7.599522269916045403e+00 -3.992556609371977761e-01
4.153790618988444550e+01 8.367885238605346387e+00 -9.091934703219660685e-01 8.367885238605346387e+00 2.170038416526343639e+01 1.236471353593912248e+00 -9.091934703219660685e-01 1.236471353593912248e+00 2.552220620643665328e+01
4.595796436010233776e+01 -2.765429869133648300e+00 -7.992743430887309763e+00 -2.765429869133648300e+00 1.136891433066982771e+01 -5.217898404747887575e+00 -7.992743430887309763e+00 -5.217898404747887575e+00 3.374674103492086630e+01
2.091757855631021901e+00 2.579723480776461852e-01 -8.750807517573168104e-01 2.579723480776461852e-01 5.512939662302586363e+00 -1.407407396735768979e+00 -8.750807517573168104e-01 -1.407407396735768979e+00 3.152733736454697233e+00
4.595796436010233776e+01 -2.765429869133648300e+00 -7.992743430887309763e+00 -2.765429869133648300e+00 1.136891433066982771e+01 -5.217898404747887575e+00 -7.992743430887309763e+00 -5.217898404747887575e+00 3.374674103492086630e+01
2.363836092265792033e+01 -2.173238179800236036e+00 1.886413434937345812e+00 -2.173238179800236036e+00 7.359894188322480879e+00 4.767789388756844993e+00 1.886413434937345812e+00 4.767789388756844993e+00 1.781136563416282215e+01
1.275021816786833639e+01 -1.797211022617819287e+00 -4.927579099141313757e-01 -1.797211022617819287e+00 8.614633697466270945e+00 2.910932797933350802e+00 -4.927579099141313757e-01 2.910932797933350802e+00 1.325062326605178420e+01
3.350210641329502081e+00 4.711678554993399715e+00 6.940632046477888117e+00 4.711678554993399715e+00 2.226680476648206408e+01 7.114065419474318031e-01 6.940632046477888117e+00 7.114065419474318031e-01 1.346595023932314206e+01
6.369781668539361341e+00 -1.793247749966613291e+00 -1.523091396123988694e+00 -1.793247749966613291e+00 9.201720522334289498e+00 -4.226420589773063341e+00 -1.523091396123988694e+00 -4.226420589773063341e+00 1.173421702079977180e+01
2.594493711683318882e+00 3.259596276670308601e+00 1.450809335602792016e+00 3.259596276670308601e+00 -8.858580516270427196e+00 -1.250396879792327276e+00 1.450809335602792016e+00 -1.250396879792327276e+00 -3.771864760465241662e-01
