1.131587604560372817e+01 -7.903803533210608911e+00 -9.268420808904072050e-01 -7.903803533210608911e+00 3.351668703054860199e+00 5.171645233482157877e+00 -9.268420808904072050e-01 5.171645233482157877e+00 2.539663974440832916e+01
5.619665652398469291e+01 8.755327235642184291e+00 -6.067384620264837380e+00 8.755327235642184291e+00 5.112913766682486738e+01 -5.473171360726118984e+00 -6.067384620264837380e+00 -5.473171360726118984e+00 5.720178203343898815e+01
5.027879717013008332e+01 3.012770168246233116e+00 -8.151897322335603491e+00 3.012770168246233116e+00 4.563966937199383267e+01 -6.199193012154797344e+00 -8.151897322335603491e+00 -6.199193012154797344e+00 5.328212291778619658e+01
1.804161122019780095e+01 -8.199719214362653830e+00 9.268486587611324268e-02 -8.199719214362653830e+00 1.742192389343631476e+01 3.566193960034393040e+00 9.268486587611324268e-02 3.566193960034393040e+00 1.292498570414270243e-01
5.871596969203172200e+00 2.957521003910513979e+00 8.307569704986642378e+00 2.957521003910513979e+00 1.253119217998521506e+01 6.016450707656073149e+00 8.307569704986642378e+00 6.016450707656073149e+00 2.182504184202328190e+01
2.624496975093964934e+01 -5.572301099335370544e+00 -1.777567183317816157e+00 -5.572301099335370544e+00 1.410819071747003584e+01 -6.042793571925854756e+00 -1.777567183317816157e+00 -6.042793571925854756e+00 -3.745363450400630345e+00
7.478738433249834827e+01 3.951437626896093125e+00 -7.786505645740257719e+00 3.951437626896093125e+00 8.260356375522441397e+01 -2.469489167781103056e+00 -7.786505645740257719e+00 -2.469489167781103056e+00 7.518103121024719826e+01
3.533985849053740225e+01 3.484243468753841722e+00 4.306259554294372904e+00 3.484243468753841722e+00 3.558540634053166229e+01 -3.449302714438251094e+00 4.306259554294372904e+00 -3.449302714438251094e+00 2.742483754586213607e+01
6.488460746756529396e+00 -2.148750279632759330e+00 -4.346960418581461982e-01 -2.148750279632759330e+00 2.094781364793071532e+01 5.718952279980213049e+00 -4.346960418581461982e-01 5.718952279980213049e+00 1.826041821291098799e+01
1.565324938176482483e+01 -1.096110241344339320e+00 1.128440662027417041e+01 -1.096110241344339320e+00 1.654876589216936722e+01 4.891049627378385445e+00 1.128440662027417041e+01 4.891049627378385445e+00 1.835701634582486719e+01
-7.170517100046457371e-01 1.193374478715444553e+00 9.165011712483824624e+00 1.193374478715444553e+00 -7.788818141046641053e+00 -6.430035373755320194e+00 9.165011712483824624e+00 -6.430035373755320194e+00 -9.768681350908478223e+00
-2.622247601879726275e+00 -2.322945614774939216e+00 1.807789411301343518e+00 -2.322945614774939216e+00 1.852524779535591648e+01 6.147125925582460404e+00 1.807789411301343518e+00 6.147125925582460404e+00 1.964171532704549961e+01
6.806829004204001388e-01 -1.123150859656465350e+01 5.812627527015091111e+00 -1.123150859656465350e+01 -1.156678331739377974e+01 7.874279712174450552e+00 5.812627527015091111e+00 7.874279712174450552e+00 4.346901097414152204e+00
2.745428239520322578e+01 4.883096590958386329e+00 4.119169511338633405e-01 4.883096590958386329e+00 1.472457815020356264e+01 -6.664635373597202594e+00 4.119169511338633405e-01 -6.664635373597202594e+00 1.331569815000103851e+01
3.544729401044929062e+01 2.509094362599341710e-01 -1.245706699962199959e+00 2.509094362599341710e-01 7.649549707345666860e+00 6.316800180664811082e-01 -1.245706699962199959e+00 6.316800180664811082e-01 -3.526874115128614040e+00
1.975662787001981968e+01 4.448765778234550439e+00 1.646970409592980022e+00 4.448765778234550439e+00 1.564696848241827887e+01 -3.285748371421756797e+00 1.646970409592980022e+00 -3.285748371421756797e+00 3.210180863210568702e+01
1.617224822105428839e+00 9.572875650787906920e+00 -1.427424829387544669e-01 9.572875650787906920e+00 4.688708898680021164e+00 9.342141789301452448e+00 -1.427424829387544669e-01 9.342141789301452448e+00 2.853681920162695107e+01
3.592909038872940641e+01 -3.398034917143253342e+00 -3.748444051013534395e+00 -3.398034917143253342e+00 3.534496462788241189e+01 5.583697449535612201e+00 -3.748444051013534395e+00 5.583697449535612201e+00 1.299230848961717477e+01
5.042868501811257431e+01 -3.630023246450722496e+00 8.994316442697597225e+00 -3.630023246450722496e+00 6.267001062350134077e+01 3.824684856532181154e+00 8.994316442697597225e+00 3.824684856532181154e+00 5.132224937618283889e+01
1.874381790653986712e+01 3.496744620490019440e+00 2.731772771995572557e-01 3.496744620490019440e+00 2.341009867279215939e+01 4.043042163412535750e+00 2.731772771995572557e-01 4.043042163412535750e+00 1.733572402403407375e+00
2.321072146690506344e+01 2.614201646136529167e+00 5.515821543922110770e+00 2.614201646136529167e+00 2.706185099761322022e+01 3.501581298466189818e+00 5.515821543922110770e+00 3.501581298466189818e+00 2.531398967268967937e+01
3.122238560585893197e+01 -1.602365046121153158e+00 -7.058291254738377596e+00 -1.602365046121153158e+00 2.141323332863441919e+01 -6.078780425573910406e+00 -7.058291254738377596e+00 -6.078780425573910406e+00 3.116263352559841948e+01
1.755890731143710681e+01 8.702132224294593932e-02 -1.010218219693337893e+01 8.702132224294593932e-02 -5.802828471511299879e-01 1.245934730533955426e+00 -1.010218219693337893e+01 1.245934730533955426e+00 1.280360040154574719e+01
4.467905400381562231e+01 -4.926149255253271519e+00 -3.725700929426048802e+00 -4.926149255253271519e+00 4.168488173667635976e+01 -3.003134118436104893e-01 -3.725700929426048802e+00 -3.003134118436104893e-01 4.186766853522272669e+01
-6.095335215819425834e+00 4.237127935101868914e+00 5.349504937676642591e+00 4.237127935101868914e+00 5.767461214231967226e+00 -2.781166577675630691e+00 5.349504937676642591e+00 -2.781166577675630691e+00 -9.705799312678431434e+00
3.926142254723127678e+01 1.475292735028912894e+00 -5.485130797587522089e+00 1.475292735028912894e+00 2.821718510497991517e+01 -9.542458369970368892e+00 -5.485130797587522089e+00 -9.542458369970368892e+00 4.476795831255558511e+01
1.296446585719898614e+01 2.068640925055900137e+00 -2.540706886803872355e-01 2.068640925055900137e+00 2.943125899213804431e+01 -1.321202470848617527e-01 -2.540706886803872355e-01 -1.321202470848617527e-01 1.628065925462538388e+01
2.230253251682788473e+01 6.217460967079717626e+00 3.628520006364150063e+00 6.217460967079717626e+00 2.821322255121426892e+01 3.019369912179955762e+00 3.628520006364150063e+00 3.019369912179955762e+00 2.801639555621362376e+01
1.913958771508315237e+01 3.039044869739464527e+00 -4.542044344880450168e+00 3.039044869739464527e+00 2.209061554695325924e+01 -1.068628642175386290e+01 -4.542044344880450168e+00 -1.068628642175386290e+01 1.703652857123112341e+01
2.095835843948692556e+01 -5.150050853580228960e+00 -6.745645178970003819e+00 -5.150050853580228960e+00 1.842293565045302728e+01 -5.731996135437638085e-01 -6.745645178970003819e+00 -5.731996135437638085e-01 7.072620592298823006e+00
4.491827428987739523e+01 2.227746879489092446e+00 2.126739330063600886e-01 2.227746879489092446e+00 3.248224512741915504e+01 -1.359936363596497166e+01 2.126739330063600886e-01 -1.359936363596497166e+01 3.935252210378684623e+01
2.089809922890774985e+01 -5.325578005553146532e-01 2.346701280959127001e+00 -5.325578005553146532e-01 1.852703889912943325e+01 -7.803429012366366102e+00 2.346701280959127001e+00 -7.803429012366366102e+00 4.266018728138019611e+01
2.935340707245665826e+01 -3.701309866234769430e+00 4.837083490358211613e+00 -3.701309866234769430e+00 2.786379370366250896e+01 1.147740849417936460e+01 4.837083490358211613e+00 1.147740849417936460e+01 3.803187229815636528e+01
5.403548294906683935e+01 -4.030910028629715924e+00 -3.027695555638693747e+00 -4.030910028629715924e+00 6.653766302568561741e+01 -9.057268619481347871e-01 -3.027695555638693747e+00 -9.057268619481347871e-01 5.390016530674400741e+01
1.613772874605102459e+01 -3.231211515735681328e+00 -6.937724361449486565e+00 -3.231211515735681328e+00 7.823689428035727644e+00 -2.662107586735195763e+00 -6.937724361449486565e+00 -2.662107586735195763e+00 1.624004960542136544e+01
4.394128620679560981e+01 6.550547032736004027e+00 -2.620992594951350618e+00 6.550547032736004027e+00 3.971701760424541305e+01 -6.935218566627690429e+00 -2.620992594951350618e+00 -6.935218566627690429e+00 4.057540832464743374e+01
1.458967256344840102e+01 3.589177555448445744e+00 7.526579824316910639e+00 3.589177555448445744e+00 9.660179027020605602e+00 -3.926856096916965022e+00 7.526579824316910639e+00 -3.926856096916965022e+00 9.407648887368604829e-01
1.308459562266485499e+01 3.631522474404911716e+00 9.852130792685169780e+00 3.631522474404911716e+00 1.956700142130971898e+01 7.360093584373924358e+00 9.852130792685169780e+00 7.360093584373924358e+00 3.125353876817517218e+01
3.852160231309267857e+01 -6.898094349897587740e+00 2.358744521634899449e+00 -6.898094349897587740e+00 3.265808884376967569e+01 8.547479451627137959e-01 2.358744521634899449e+00 8.547479451627137959e-01 7.066738959174164947e+00
3.522618604305655055e+01 1.112240497350774016e+00 3.661483976817864749e-01 1.112240497350774016e+00 4.252761755591377124e+01 3.063663807823473029e+00 3.661483976817864749e-01 3.063663807823473029e+00 3.508186876628283812e+01
1.430191688864489663e+01 4.196802714283906610e+00 2.365139948512064549e+00 4.196802714283906610e+00 2.585885880792284652e+01 3.552542747427432923e-01 2.365139948512064549e+00 3.552542747427432923e-01 8.710860925055167181e-01
1.722483404553927855e+01 2.509185811145354883e+00 3.251559798673681279e+00 2.509185811145354883e+00 1.977600662701756207e+01 8.438080769141002024e-01 3.251559798673681279e+00 8.438080769141002024e-01 1.550620546438230107e+01
3.324549399787564852e+01 -2.835617063043060160e+00 2.474796882790646357e+00 -2.835617063043060160e+00 2.129512808414664349e+01 -4.463742075130400444e+00 2.474796882790646357e+00 -4.463742075130400444e+00 -1.185490033775782059e+01
4.033368158009434978e+01 3.321979204983890543e+00 8.348730249053148977e-01 3.321979204983890543e+00 3.623476401446615824e+01 -3.933910089324816006e+00 8.348730249053148977e-01 -3.933910089324816006e+00 2.981353671414813178e+01
1.978333946665701859e+01 -1.630041542132529164e+00 -3.386682233820240917e+00 -1.630041542132529164e+00 1.252266624476402512e+01 4.165174013653144547e-02 -3.386682233820240917e+00 4.165174013653144547e-02 1.066922746251051102e+01
7.133644708431189940e+01 -3.707008542975751109e+00 -2.354869605726856552e+00 -3.707008542975751109e+00 8.346769647548954651e+01 -7.433015128467880261e-01 -2.354869605726856552e+00 -7.433015128467880261e-01 7.078949339067509072e+01
3.166087101970562045e+01 2.326439487654809873e-02 1.409474450716922567e+00 2.326439487654809873e-02 1.702743075219987645e+01 -9.339165186813461972e+00 1.409474450716922567e+00 -9.339165186813461972e+00 3.376881815954380528e+01
-1.514848009432856912e+00 3.341486761151503337e+00 -4.169803410965215562e+00 3.341486761151503337e+00 7.228110723562605422e+00 -4.035301554298476034e+00 -4.169803410965215562e+00 -4.035301554298476034e+00 -1.222130531701910661e+00
1.140348472164406068e+01 -2.133439639807423571e+00 -1.137606438053735225e+01 -2.133439639807423571e+00 -1.392646947878813890e+01 -9.704870135921237484e-01 -1.137606438053735225e+01 -9.704870135921237484e-01 -2.408334155390153608e+00
7.700646926163311257e+00 7.067197299144192257e+00 1.273332393616332769e+00 7.067197299144192257e+00 -1.945845871187286691e-01 8.823006906447389497e+00 1.273332393616332769e+00 8.823006906447389497e+00 1.111667430925450972e+01
