8.544531724737556289e+00 2.201555374438465051e+01 9.647369938453895788e-01 2.201555374438465051e+01 3.889958811926486959e+01 6.949060184103062809e+00 9.647369938453895788e-01 6.949060184103062809e+00 2.823216742034414750e+01
2.880660817327440171e+01 -2.183821923702820911e+00 1.165872865321212259e+00 -2.183821923702820911e+00 2.700886512644290960e+01 -3.383778264128158020e-02 1.165872865321212259e+00 -3.383778264128158020e-02 1.557034752122104138e+01
3.130829529625636809e+01 -6.952865050449467788e+00 1.526297397540421708e+00 -6.952865050449467788e+00 3.318047893176765228e+01 -7.637718889785103826e+00 1.526297397540421708e+00 -7.637718889785103826e+00 2.935798634780065086e+01
2.057053935436102066e+01 -4.645580116378998925e-01 -4.895243117130700372e-01 -4.645580116378998925e-01 1.888429611119741480e+01 -2.034517442127928621e+00 -4.895243117130700372e-01 -2.034517442127928621e+00 1.769325857696216175e+01
1.833548480973584205e+01 -9.715341942190073299e-01 1.519522533902347039e+00 -9.715341942190073299e-01 1.453763189841714620e+01 5.197487093612853659e-01 1.519522533902347039e+00 5.197487093612853659e-01 1.321086385275474662e+01
7.274401451814618724e+01 -8.827698191505987779e+00 1.433004470143450959e+01 -8.827698191505987779e+00 1.980220638715957193e+01 8.092759087057864731e-01 1.433004470143450959e+01 8.092759087057864731e-01 2.320390216240639791e+00
2.299011080289147912e+01 -1.080495153835315492e+01 4.258150181821451774e+00 -1.080495153835315492e+01 1.118932870247373401e+01 -3.334322923345058420e+00 4.258150181821451774e+00 -3.334322923345058420e+00 1.999187992063208696e+01
4.460976988174417102e+01 6.341980519693987794e+00 5.388072601895617098e-01 6.341980519693987794e+00 4.578262509432670413e+01 1.087463061360405492e+00 5.388072601895617098e-01 1.087463061360405492e+00 3.781144201042798159e+01
1.547009876884159851e+01 -7.151998290816001802e-01 -1.237373896296312559e+00 -7.151998290816001802e-01 1.409661089023060754e+01 -1.389405940404214057e+00 -1.237373896296312559e+00 -1.389405940404214057e+00 1.815195258807123579e+01
4.487095659052139496e+01 3.080996810123450835e+00 -1.213683705210928832e+00 3.080996810123450835e+00 3.614742043318388198e+01 -3.067602425683810807e+00 -1.213683705210928832e+00 -3.067602425683810807e+00 2.470662309671777024e+01
2.048422196441556409e+01 6.322531048037110857e+00 3.138722485436126863e+00 6.322531048037110857e+00 2.317285263269708651e+01 -7.951911060995714431e-02 3.138722485436126863e+00 -7.951911060995714431e-02 1.933365292297043325e+01
1.517626420748926641e+01 -2.055342957672811277e+00 1.615274961214774097e+00 -2.055342957672811277e+00 1.632876588643542703e+01 1.559765165859441582e+00 1.615274961214774097e+00 1.559765165859441582e+00 4.619280867724995798e-01
2.777496229817118589e+01 3.479574593881811673e+00 -1.168230732265709726e+00 3.479574593881811673e+00 4.314156235310765197e+01 -1.491200986029581399e+00 -1.168230732265709726e+00 -1.491200986029581399e+00 3.868634681517250584e+01
1.659455452288327137e+01 -2.395424519738154956e+00 1.333804711413629773e+00 -2.395424519738154956e+00 6.994868759397260938e+00 -2.356998004793864787e+00 1.333804711413629773e+00 -2.356998004793864787e+00 1.578848850553597849e+01
3.424630293948298032e+01 -9.701025119728924340e-01 1.538427372278798222e+00 -9.701025119728924340e-01 3.307866561340716061e+01 1.426289997567005585e+00 1.538427372278798222e+00 1.426289997567005585e+00 3.402426233609141093e+01
1.335274570135762140e+01 -3.399384502044770606e+00 -2.493523686701403452e+00 -3.399384502044770606e+00 2.799043530781122868e+01 2.280796285486752950e+00 -2.493523686701403452e+00 2.280796285486752950e+00 2.787321752486166915e+01
2.659623952244875511e+01 5.475032350186022079e+00 -9.336741362520871723e-01 5.475032350186022079e+00 2.731123769427038539e+01 8.195706824359371367e+00 -9.336741362520871723e-01 8.195706824359371367e+00 9.541835217764459642e+00
1.799619048530915677e+01 -1.041962875827798340e+00 1.391467171036668171e+00 -1.041962875827798340e+00 1.611305838336478047e+01 -5.870556972493986558e-01 1.391467171036668171e+00 -5.870556972493986558e-01 1.383294941192176708e+01
1.833697062342532647e+01 -7.335360629610139238e-01 1.850911797130647019e+00 -7.335360629610139238e-01 1.735658988096266953e+01 2.897874499982225349e-01 1.850911797130647019e+00 2.897874499982225349e-01 1.503529725681350371e+01
3.002309097036007657e+01 1.147607050626649361e+00 -1.801074491906617725e+00 1.147607050626649361e+00 4.090638052519954471e+01 4.089091136451219910e+00 -1.801074491906617725e+00 4.089091136451219910e+00 4.591593195401198813e+01
4.865300162464973965e+01 2.711319507255925298e+00 4.098837943362902081e+00 2.711319507255925298e+00 2.935089204650542172e+01 4.610739913389548583e+00 4.098837943362902081e+00 4.610739913389548583e+00 2.821868479988296130e+01
2.872480172189982195e+00 -4.003013280506664273e+00 -4.726225389530749332e+00 -4.003013280506664273e+00 1.025458253091696115e+01 3.658512139792505113e+00 -4.726225389530749332e+00 3.658512139792505113e+00 7.701281909906536605e+00
1.401015638560705590e+01 8.468300850919148193e-01 2.123413623940968442e+00 8.468300850919148193e-01 1.656483424698146223e+01 3.459608615854387753e-02 2.123413623940968442e+00 3.459608615854387753e-02 7.357467768609263103e+00
3.410720381751814045e+01 1.244700542100308782e+00 5.615048887457215976e+00 1.244700542100308782e+00 3.127516484014105203e+01 5.326319947297311508e+00 5.615048887457215976e+00 5.326319947297311508e+00 4.286526573930171224e+01
2.229208088066226168e+01 -1.112062759925807887e-01 9.434367403320608858e+00 -1.112062759925807887e-01 1.572176015712189923e+01 4.752375672453696964e+00 9.434367403320608858e+00 4.752375672453696964e+00 3.517430299961083762e+01
8.824435838727174541e+01 1.038354075116106046e+01 5.762708420778929197e-01 1.038354075116106046e+01 1.001411351590979280e+02 7.805005236079239905e-01 5.762708420778929197e-01 7.805005236079239905e-01 7.524821534658585165e+01
4.235012652401618283e+01 -7.529650895983109216e+00 3.569128427264376402e+00 -7.529650895983109216e+00 3.897577964504704795e+01 -2.368679286200368050e+00 3.569128427264376402e+00 -2.368679286200368050e+00 2.639201389837504053e+01
-1.263116054351312467e+00 3.085386320887463452e+00 -2.025164062868047843e+00 3.085386320887463452e+00 3.814778353492759511e+00 -2.010757634272705818e+00 -2.025164062868047843e+00 -2.010757634272705818e+00 -6.868586095886191956e+00
3.003496974088697868e+01 2.670348777938780227e-01 -1.264226680299299854e+00 2.670348777938780227e-01 3.146363094924181425e+01 2.188679009062164837e+00 -1.264226680299299854e+00 2.188679009062164837e+00 2.017797220845556794e+01
1.213081903529859851e+01 5.869860571650944436e+00 -6.984958931821756423e+00 5.869860571650944436e+00 2.347439130742229807e+01 -8.484525773813590410e-01 -6.984958931821756423e+00 -8.484525773813590410e-01 3.511024021180691790e+01
1.052759318307596104e+01 -3.233212627768631720e+00 6.756236760381535866e+00 -3.233212627768631720e+00 1.108335948050922504e+01 2.658899262822927323e+00 6.756236760381535866e+00 2.658899262822927323e+00 3.483402559728397563e+01
2.765450293429145034e+01 5.418940504570598726e+00 -2.078629950106352542e+00 5.418940504570598726e+00 2.452178761076406133e+01 4.838991280323360122e+00 -2.078629950106352542e+00 4.838991280323360122e+00 1.870511335828740229e+01
1.644719235107008615e+01 -2.918971394119536544e+00 1.323029846425083589e+00 -2.918971394119536544e+00 1.761543723255862304e+01 3.777730119464649317e+00 1.323029846425083589e+00 3.777730119464649317e+00 1.384197957330712647e+01
9.864169246690491377e+01 1.803798887855415956e+01 1.098003015553609352e+01 1.803798887855415956e+01 1.273045153102702471e+02 1.417948390406274184e+00 1.098003015553609352e+01 1.417948390406274184e+00 9.011925503357721823e+01
4.296791299657848384e+01 1.382713632736226161e+00 -4.645537872178917560e+00 1.382713632736226161e+00 2.310845156395127020e+01 6.358149753328318887e+00 -4.645537872178917560e+00 6.358149753328318887e+00 1.610690630869858708e+01
3.009466607715640407e+01 -1.964530634647917662e+00 -4.044925295149299771e+00 -1.964530634647917662e+00 2.127312171022810006e+01 5.080654745642403824e+00 -4.044925295149299771e+00 5.080654745642403824e+00 5.943885563681808648e+00
3.826043588841081977e+00 -6.314258141907692634e-01 2.919373193637505789e-02 -6.314258141907692634e-01 1.583346779436923413e+01 -4.426622387567389794e+00 2.919373193637505789e-02 -4.426622387567389794e+00 2.986830873619009452e+01
2.138215934720403766e+01 3.216112611988642955e-01 -1.461846061425982890e-01 3.216112611988642955e-01 1.550123149449003002e+01 1.712399001328936299e+00 -1.461846061425982890e-01 1.712399001328936299e+00 1.570128528182673122e+01
4.341705804991165429e+00 1.416918856333062790e-02 6.654962801010803897e-02 1.416918856333062790e-02 3.149797353837720237e+01 -5.611932903291894981e+00 6.654962801010803897e-02 -5.611932903291894981e+00 3.372235736998923272e+01
2.403820275697466613e+01 -2.274346388165592536e+00 8.610328945105102605e+00 -2.274346388165592536e+00 1.109587484945968328e+01 -8.609195526543052424e+00 8.610328945105102605e+00 -8.609195526543052424e+00 1.379571300902528108e+01
3.071149212151608410e+01 -1.193701183505868357e+01 -3.209818068119815848e+00 -1.193701183505868357e+01 2.455002320593315090e+01 -3.593039253479652029e+00 -3.209818068119815848e+00 -3.593039253479652029e+00 2.038833812302745585e+01
2.605106647322721969e+01 6.334018131199320223e+00 -1.016013578282314889e+01 6.334018131199320223e+00 1.450523977510234275e+01 -5.713822628023920380e+00 -1.016013578282314889e+01 -5.713822628023920380e+00 1.437204673953727330e+01
1.301729535800396320e+01 -3.682847762725819596e+00 4.222982507638168848e+00 -3.682847762725819596e+00 -8.286723527954913404e-01 -1.110375869210619593e+00 4.222982507638168848e+00 -1.110375869210619593e+00 5.230280478921558007e+00
7.199280833282841741e+01 6.856864894001617472e+00 8.121462634997669738e+00 6.856864894001617472e+00 8.379182646752897767e+01 -6.212861049833785509e-01 8.121462634997669738e+00 -6.212861049833785509e-01 7.345241442282758726e+01
2.063516215876456883e+01 -1.289648780929489646e+00 -2.376107585960522073e+00 -1.289648780929489646e+00 2.427535953756926546e+01 -2.129178541038835970e+00 -2.376107585960522073e+00 -2.129178541038835970e+00 1.304653601014407727e+01
2.479361234621061172e+01 -9.958989272371979951e+00 -3.912715594346099390e+00 -9.958989272371979951e+00 2.960321593500242088e+01 7.008140071334622689e+00 -3.912715594346099390e+00 7.008140071334622689e+00 3.898578523211779157e+01
7.274401451814618724e+01 -8.827698191505987779e+00 1.433004470143450959e+01 -8.827698191505987779e+00 1.980220638715957193e+01 8.092759087057864731e-01 1.433004470143450959e+01 8.092759087057864731e-01 2.320390216240639791e+00
3.029670552825086682e-01 -3.216904287045963873e+00 -2.215319468803861325e-01 -3.216904287045963873e+00 1.124142510728265165e+01 3.235977138356920801e-01 -2.215319468803861325e-01 3.235977138356920801e-01 -7.137740517228777115e+00
6.285253008021417997e+01 -6.877092733678521475e-01 -4.879430839045548751e+00 -6.877092733678521475e-01 6.187843085593713965e+01 -6.070001698236562326e-01 -4.879430839045548751e+00 -6.070001698236562326e-01 5.994251730397729716e+01
-5.151578242581556388e+00 -6.522231327738200690e+00 -3.097184987789616262e+00 -6.522231327738200690e+00 -1.352558285594855469e+01 4.302324008632957053e+00 -3.097184987789616262e+00 4.302324008632957053e+00 1.593184049433466365e+00
