1.277509292811597064e+01 -1.216718386240948568e+01 5.275956183990062165e+00 -1.216718386240948568e+01 -1.479568388978519877e+01 3.889465559682179219e+00 5.275956183990062165e+00 3.889465559682179219e+00 2.712913575746126682e+01
3.259084344774747422e+01 1.553872408549537454e+01 -7.170930971587021752e+00 1.553872408549537454e+01 8.056111104623061792e+00 1.344462631908265848e+01 -7.170930971587021752e+00 1.344462631908265848e+01 9.837353022981369932e-01
-6.214634278668595080e+00 -1.257022342159509165e+01 6.912039373911446738e+00 -1.257022342159509165e+01 3.227025782695486811e+01 -4.944964721215059811e+00 6.912039373911446738e+00 -4.944964721215059811e+00 -7.082382189042689902e+00
1.281505424727427744e+01 1.704966838095442228e+01 4.761225160929619449e+00 1.704966838095442228e+01 1.883928620722976532e+01 1.932890107264059854e+00 4.761225160929619449e+00 1.932890107264059854e+00 5.133179865136758480e+01
1.163512283557763993e+01 -3.210669009071680513e+00 -7.736314496016619024e+00 -3.210669009071680513e+00 -1.977909836984248770e-01 -7.345233496197256962e+00 -7.736314496016619024e+00 -7.345233496197256962e+00 3.798100295903577717e+01
