8.476592377919166310e+00 2.088326185500474885e+00 3.261869378631975458e+00 2.088326185500474885e+00 7.825953815455273244e+00 1.109796545203022705e-01 3.261869378631975458e+00 1.109796545203022705e-01 2.635184483228988839e+01
-7.085930193836142088e+00 -6.552424396982668986e-01 -2.185301944038369637e+00 -6.552424396982668986e-01 -4.412849655177322639e+00 -1.521049232174333410e+00 -2.185301944038369637e+00 -1.521049232174333410e+00 1.615754490587865888e+01
-2.160929909773774860e+00 -4.056697472608104427e+00 -3.732612046609423917e+00 -4.056697472608104427e+00 -2.240353227535966241e+01 7.270575276330450087e+00 -3.732612046609423917e+00 7.270575276330450087e+00 1.376067307511718774e+01
1.183588026968025009e+00 -9.837865406514785249e+00 -3.239441382198087194e+00 -9.837865406514785249e+00 4.586197337612307301e+00 2.472215111211942595e+00 -3.239441382198087194e+00 2.472215111211942595e+00 1.789140425848972171e+01
3.028175335186595163e+01 3.267963136037340011e+00 -6.231698510100430966e+00 3.267963136037340011e+00 1.774752444618038894e+01 1.449558719615601676e+00 -6.231698510100430966e+00 1.449558719615601676e+00 1.313814018595170374e+01
-3.723805608283447199e+00 -2.868925221322811137e+00 -3.965287353131155434e+00 -2.868925221322811137e+00 7.657331730361098820e+00 7.234868857208952564e-01 -3.965287353131155434e+00 7.234868857208952564e-01 2.659053476760704982e+01
1.049487202827847909e+01 9.686695350330310816e+00 -7.088200184654985136e+00 9.686695350330310816e+00 -8.518771115720230824e+00 3.880642018108441671e-01 -7.088200184654985136e+00 3.880642018108441671e-01 1.799516911595387469e+01
9.313182448541489578e+00 -3.345828915438383427e-02 -1.988517970175033067e+00 -3.345828915438383427e-02 7.528550133326651128e+00 1.212623550114096727e+00 -1.988517970175033067e+00 1.212623550114096727e+00 -1.810677967445869996e+01
1.722070017258467445e+01 2.183455937460533125e+00 -5.392291456350283063e+00 2.183455937460533125e+00 3.071780817309125222e+00 -5.645976054482914286e+00 -5.392291456350283063e+00 -5.645976054482914286e+00 7.619562075728686379e-01
6.977600445235247584e+00 2.410046510681924659e+00 3.460319779731716672e+00 2.410046510681924659e+00 5.619364690650026972e+00 5.795582045014365136e+00 3.460319779731716672e+00 5.795582045014365136e+00 3.335151646086394805e+01
1.685419223682548706e+00 9.078566265324599982e+00 5.784144091138777810e+00 9.078566265324599982e+00 6.240693106849114713e+00 2.103435332242363565e+00 5.784144091138777810e+00 2.103435332242363565e+00 1.040818254108031837e+01
2.986611307450888475e+01 1.081705624076804995e+01 3.342256177765654535e+00 1.081705624076804995e+01 1.857615743735441427e+01 5.598442304414966486e+00 3.342256177765654535e+00 5.598442304414966486e+00 3.165338809991191482e+01
2.375517059503279427e+01 4.337822214047686309e+00 1.593884620879259195e+01 4.337822214047686309e+00 2.320614957209198437e+01 -3.708660885464427626e+00 1.593884620879259195e+01 -3.708660885464427626e+00 1.768883645871953902e+01
6.963294634407460215e+00 1.338492419855578097e+00 5.071085460288118796e+00 1.338492419855578097e+00 9.409418496994664594e+00 1.549465191175925849e+00 5.071085460288118796e+00 1.549465191175925849e+00 -4.443539247894716659e+00
1.035489127539341325e+01 -4.957464509348901593e+00 -5.773729168685114210e+00 -4.957464509348901593e+00 -4.302698272663805779e-01 -5.251112027690227890e+00 -5.773729168685114210e+00 -5.251112027690227890e+00 -1.983846231213197031e+00
-8.686720574495566893e+00 1.454787682741448540e-01 -7.349214940366247006e+00 1.454787682741448540e-01 8.703967521168195276e+00 3.994002087263927692e+00 -7.349214940366247006e+00 3.994002087263927692e+00 1.371187360743734907e+01
5.865751200443590996e+00 -1.651967556766061662e+00 2.071101464961889516e+00 -1.651967556766061662e+00 1.742924283763410243e+00 -9.647257648091450477e+00 2.071101464961889516e+00 -9.647257648091450477e+00 -5.924528951171522451e+00
-8.481425757203723492e+00 1.135305046475468416e+01 2.167422305597463961e+00 1.135305046475468416e+01 -9.457102614443615440e-01 9.292668514558404258e-01 2.167422305597463961e+00 9.292668514558404258e-01 3.255754860154590347e+01
2.332649536900071485e+00 1.493002582745735118e+01 9.215503972767800533e+00 1.493002582745735118e+01 2.221710225577147035e+00 6.278313440943729340e+00 9.215503972767800533e+00 6.278313440943729340e+00 -5.942902894423079951e-01
-1.271992744412151488e+01 4.744122203912635172e+00 -9.464186112618962810e+00 4.744122203912635172e+00 -3.141526232459718404e+00 6.066853679412967937e-01 -9.464186112618962810e+00 6.066853679412967937e-01 1.858743775269847731e+01
-2.593286990398492087e+00 1.361796581862173383e+01 4.137917780443380877e+00 1.361796581862173383e+01 2.860839424007922904e+00 7.406003498322307754e-01 4.137917780443380877e+00 7.406003498322307754e-01 2.305512492482732867e+01
1.789504004987652763e+01 -4.732729817481013512e+00 -5.193269630819792759e+00 -4.732729817481013512e+00 2.371492804613582805e+01 1.399135602132948186e-01 -5.193269630819792759e+00 1.399135602132948186e-01 4.967420943974088843e+00
7.608408697139147137e+00 -5.814019199885630762e+00 3.515821723794219977e+00 -5.814019199885630762e+00 -5.437790437321308623e+00 -1.014670334571930432e+01 3.515821723794219977e+00 -1.014670334571930432e+01 4.192154432357457772e+00
3.014944821793255159e+01 5.273698913370624020e+00 -1.721954783717697834e+00 5.273698913370624020e+00 2.700555299199169568e+01 -5.976231576193850259e+00 -1.721954783717697834e+00 -5.976231576193850259e+00 -1.521631442539612966e-01
1.411102416480501631e+01 1.272939688853828022e+00 7.184087663477918717e+00 1.272939688853828022e+00 2.183723877363925681e+01 4.115072704440904339e+00 7.184087663477918717e+00 4.115072704440904339e+00 -2.695701062249013180e+00
7.926905162331481236e-01 -2.891041206696133514e+00 -1.341245888300938605e+00 -2.891041206696133514e+00 -1.318664175199820932e+00 -1.425668282722967195e+00 -1.341245888300938605e+00 -1.425668282722967195e+00 -1.393651643181348732e+01
1.468134623111938808e+01 3.204036204721632863e+00 5.907326366435865062e+00 3.204036204721632863e+00 1.019574295387064922e+01 -1.869133600455208599e+00 5.907326366435865062e+00 -1.869133600455208599e+00 1.108929507878896636e+01
1.759328861010775213e+01 -6.699744879747695947e+00 -4.481637227993818584e+00 -6.699744879747695947e+00 1.701535866345705017e+01 -4.039424906652568481e+00 -4.481637227993818584e+00 -4.039424906652568481e+00 3.659084463286210287e+00
-6.453104610318159295e+00 -6.359759695415246661e+00 -4.545841320387037143e+00 -6.359759695415246661e+00 9.862478631033212428e-01 6.111311065626019889e+00 -4.545841320387037143e+00 6.111311065626019889e+00 -6.300459761571210571e+00
2.345125542038110567e+01 3.112295550185290693e+00 6.348856592496380458e+00 3.112295550185290693e+00 2.252474070187495769e+01 -1.126483182507265646e+00 6.348856592496380458e+00 -1.126483182507265646e+00 -8.501007755896699436e+00
5.637677719109365881e+00 5.851581751971095535e+00 -2.922865195825935292e+00 5.851581751971095535e+00 7.398679759628552510e+00 -3.718445373950250765e+00 -2.922865195825935292e+00 -3.718445373950250765e+00 5.263932458378858037e+00
2.387985931614760560e+01 -3.302763324960257485e+00 6.955476090639270970e-01 -3.302763324960257485e+00 7.965695582302698696e+00 1.314893287364327756e+00 6.955476090639270970e-01 1.314893287364327756e+00 3.007071408200358675e+01
1.505324905742080865e+01 -2.804102045002812016e+00 4.607675079781308192e+00 -2.804102045002812016e+00 4.795626555485546838e+00 -3.480237268194885658e+00 4.607675079781308192e+00 -3.480237268194885658e+00 2.722823548491696499e+01
2.183484115085418509e+01 -3.636019144536656977e+00 9.474697918200014612e-01 -3.636019144536656977e+00 1.150004513666687878e+01 1.841805702162940594e+00 9.474697918200014612e-01 1.841805702162940594e+00 6.006049108648175983e-01
-7.064909292074857128e-02 1.057031511980367711e+01 5.668822646608240312e+00 1.057031511980367711e+01 1.587167043599020611e+00 -5.362632068848890432e-01 5.668822646608240312e+00 -5.362632068848890432e-01 -2.014262799366358081e+01
1.273721098504782567e+01 3.025894199992200218e+00 2.397384620896847895e+00 3.025894199992200218e+00 7.133423403006081465e+00 -3.184079142433360321e+00 2.397384620896847895e+00 -3.184079142433360321e+00 -1.883336575977781635e+01
4.955656055507720481e+00 6.280321753206558277e+00 -1.425927438965250760e+00 6.280321753206558277e+00 4.472404317195623591e+00 -1.211267234875593957e+00 -1.425927438965250760e+00 -1.211267234875593957e+00 -9.654798436651747195e+00
-1.003394128450856648e+01 -9.980379189136215246e+00 -2.443933692895216558e-01 -9.980379189136215246e+00 -9.334272940928519446e+00 -4.255472171740221299e+00 -2.443933692895216558e-01 -4.255472171740221299e+00 1.127539685989620111e+01
-8.263856600796849250e+00 -1.579909873711438317e+00 -8.680129221000301598e+00 -1.579909873711438317e+00 -2.221828397728620619e+00 3.453514110299000794e+00 -8.680129221000301598e+00 3.453514110299000794e+00 1.989235828348057211e+01
-1.021629710949167702e+01 2.768659915793798998e+00 7.350777504198029000e+00 2.768659915793798998e+00 -2.628954765336859012e+00 2.289282583554369754e+00 7.350777504198029000e+00 2.289282583554369754e+00 7.370402945579686893e+00
-8.383977396284041816e+00 -1.084439965390228444e+01 -4.179401811688356005e+00 -1.084439965390228444e+01 2.344076605132311286e+01 5.744798460700205389e+00 -4.179401811688356005e+00 5.744798460700205389e+00 8.046534946008617739e-01
1.646729104989608317e+01 5.540927375905996932e+00 5.605462932959538236e+00 5.540927375905996932e+00 1.307420650747813262e+01 1.367081131802656779e+00 5.605462932959538236e+00 1.367081131802656779e+00 -1.011613387155520805e+01
2.418369012404425789e+01 5.376376453443730163e+00 1.076750358659725038e+01 5.376376453443730163e+00 2.614777733584355346e+01 -2.368225732419536822e+00 1.076750358659725038e+01 -2.368225732419536822e+00 1.526783470906886642e+01
2.105669031976691841e+01 -2.456854402660554992e+00 4.871626247259893461e+00 -2.456854402660554992e+00 7.997542979182404643e+00 -6.289860998661011671e+00 4.871626247259893461e+00 -6.289860998661011671e+00 4.225565308332633663e+01
4.509322476922413614e+00 2.517089180659929148e+00 -2.611983088640897677e+00 2.517089180659929148e+00 -1.257412048080175282e+01 -1.501362097660868589e+00 -2.611983088640897677e+00 -1.501362097660868589e+00 1.882564145560902702e+01
2.488939626899509605e+01 -1.941975270292141786e+00 2.982430069549215634e+00 -1.941975270292141786e+00 2.385120289633578139e+01 1.963058936560299061e+00 2.982430069549215634e+00 1.963058936560299061e+00 8.441461477637298927e+00
1.755443893051899451e+01 -6.626541069388796501e+00 8.872053689330117621e+00 -6.626541069388796501e+00 1.593156366400697976e+01 -1.005951891787489449e+00 8.872053689330117621e+00 -1.005951891787489449e+00 3.124554776386350596e+01
5.672354831348048521e+00 8.069486442914350022e+00 -5.844025690446603249e+00 8.069486442914350022e+00 -4.075611528072041523e+00 -6.490632431130239688e+00 -5.844025690446603249e+00 -6.490632431130239688e+00 2.280583908820648276e+01
8.003214059573604544e+00 -1.981216880091387911e-01 -1.455132302245084386e+00 -1.981216880091387911e-01 7.789721236536841786e+00 4.386138417080491791e+00 -1.455132302245084386e+00 4.386138417080491791e+00 3.774986169214500364e+01
1.980625858931880501e+01 -4.736170548512544265e+00 -3.761751937442316951e+00 -4.736170548512544265e+00 1.831995051046931877e+01 4.834464195468505920e+00 -3.761751937442316951e+00 4.834464195468505920e+00 -1.378942025325406107e+00
