1.069731927395527826e+01 6.647508183588035635e-01 -4.841042448625307415e+00 6.647508183588035635e-01 1.586063032478923773e+00 1.153984793405120168e+00 -4.841042448625307415e+00 1.153984793405120168e+00 1.126550385768646301e+00
2.023226836432274300e+00 1.802005669242362496e-01 -7.702619774544204212e+00 1.802005669242362496e-01 3.955423100789262847e+00 -4.515002689270598779e+00 -7.702619774544204212e+00 -4.515002689270598779e+00 2.000551234613984430e+00
-1.667289602438935603e+01 -3.307270315121179305e+00 -1.680378990824639152e+00 -3.307270315121179305e+00 -5.695458160779906187e+00 -2.703982088328031885e+00 -1.680378990824639152e+00 -2.703982088328031885e+00 -8.205815014861004286e+00
-3.460046461351136315e+01 -2.252671828108678831e+00 -9.248254434322870310e+00 -2.252671828108678831e+00 -1.530693468502798282e+01 -6.764058896519999031e+00 -9.248254434322870310e+00 -6.764058896519999031e+00 -1.608303767077754998e+01
9.264245011239845340e+00 -4.750219090615853013e+00 1.485404664494306193e+00 -4.750219090615853013e+00 4.426822673941847697e+00 1.361492423638431148e+00 1.485404664494306193e+00 1.361492423638431148e+00 4.758068072080162914e+00
1.086259516614721754e+01 -1.640656206492144831e+00 4.009515063964020243e+00 -1.640656206492144831e+00 1.646721106549426106e-01 6.571349872367788780e-01 4.009515063964020243e+00 6.571349872367788780e-01 -1.635724277654038161e+00
1.670962346897812978e+00 -2.550898034473656928e+00 -3.965672202128202706e+00 -2.550898034473656928e+00 -8.013472359451119686e+00 1.552090165437342018e+00 -3.965672202128202706e+00 1.552090165437342018e+00 4.167070364651340952e+00
2.022568008654940286e+01 2.182709465045119313e+00 6.143552392703766074e+00 2.182709465045119313e+00 2.638330558491734479e+01 -3.196606248018853069e+00 6.143552392703766074e+00 -3.196606248018853069e+00 1.769280184149995350e+01
9.643922005318144031e+00 -1.054665006062532662e+00 -5.403599997223394041e-02 -1.054665006062532662e+00 2.512486778895576833e+01 1.803685877886479938e+00 -5.403599997223394041e-02 1.803685877886479938e+00 1.251094561344762468e+01
-4.161768400859441108e+00 4.940286034844343366e-01 7.264119368656402287e+00 4.940286034844343366e-01 -1.194363137082229720e+01 -2.324048566439614660e+00 7.264119368656402287e+00 -2.324048566439614660e+00 -7.923185925793698736e+00
9.910891167520260225e+00 6.801268248287597018e+00 1.538292526599035881e+01 6.801268248287597018e+00 -1.283915512258682279e+00 6.857086232347450405e+00 1.538292526599035881e+01 6.857086232347450405e+00 5.965913810372236448e+00
1.000051525119183182e+01 -4.245647973320112456e+00 2.945421718448084092e-01 -4.245647973320112456e+00 6.178445125793814441e+00 -6.970655814019600882e+00 2.945421718448084092e-01 -6.970655814019600882e+00 4.255615872932300370e+00
1.298623447251871887e+01 8.852051529481597569e+00 -1.784842898184541282e-01 8.852051529481597569e+00 1.484952278811383408e+01 -1.235210440323890380e+00 -1.784842898184541282e-01 -1.235210440323890380e+00 1.464439065111992555e+01
-4.464162196668589822e+00 6.787244428091133486e+00 -7.547630468801265202e+00 6.787244428091133486e+00 -4.323182861782291830e+00 -8.095157075776294064e+00 -7.547630468801265202e+00 -8.095157075776294064e+00 1.769711351266535004e+00
1.216171635944502150e+01 1.218382103100989866e+01 1.260430626242527730e+01 1.218382103100989866e+01 9.157668422446691991e+00 1.920112993940306101e+00 1.260430626242527730e+01 1.920112993940306101e+00 -4.576627832657186090e+00
3.842070837119120785e+00 -5.490565081247990031e-01 -7.453026758321015244e+00 -5.490565081247990031e-01 -1.059005754900977481e+00 -7.401085352357797298e+00 -7.453026758321015244e+00 -7.401085352357797298e+00 -9.292985787453183377e+00
1.368357170436635073e+01 3.300942140343831266e+00 -3.951411922826771894e-01 3.300942140343831266e+00 1.183898527353114360e+01 -3.682109017615208035e+00 -3.951411922826771894e-01 -3.682109017615208035e+00 1.952201968049690706e+01
-1.839082549582397874e+01 -4.790341366625920472e+00 -7.315343027516002294e+00 -4.790341366625920472e+00 -4.743334030308217208e+00 3.134430816064071035e-01 -7.315343027516002294e+00 3.134430816064071035e-01 -1.082726029953465341e+00
4.471316122988862607e-01 9.914821544999263381e+00 6.897839900883801612e+00 9.914821544999263381e+00 -2.301875477406337112e+01 1.414416277614781237e+01 6.897839900883801612e+00 1.414416277614781237e+01 -1.111486486280373676e+01
-5.116332559340425190e-01 1.845007984280763624e+00 6.233374127154012179e+00 1.845007984280763624e+00 1.055028955636360521e+01 1.493318750264765793e+00 6.233374127154012179e+00 1.493318750264765793e+00 -1.406826854400774929e+00
-1.319556699030198565e+01 -2.501534011591833639e+00 -2.571399818972334828e+00 -2.501534011591833639e+00 1.641996289983265456e+01 6.091412329093124356e-01 -2.571399818972334828e+00 6.091412329093124356e-01 1.871689531714490151e+00
1.783164213365491468e+00 -3.398352707203495804e-01 3.279730139010648138e+00 -3.398352707203495804e-01 4.920230401045077251e+00 -2.352206600595216024e+00 3.279730139010648138e+00 -2.352206600595216024e+00 4.598764840125257325e-01
4.027834420974962626e+01 -1.985600851917444620e+00 1.379208173095163081e+00 -1.985600851917444620e+00 4.870397626083400411e+01 1.834418161251836210e+00 1.379208173095163081e+00 1.834418161251836210e+00 4.199335192692044672e+01
2.137130032975997906e+01 9.418243169538522697e-01 -7.769070124701338287e+00 9.418243169538522697e-01 1.801830654207897453e+01 -2.808674742307414540e+00 -7.769070124701338287e+00 -2.808674742307414540e+00 3.943808333333003624e+00
1.254409649742825650e+00 7.388124911187581301e-01 -3.858095754273822120e+00 7.388124911187581301e-01 1.478428532025808018e+01 -3.757367626662063920e+00 -3.858095754273822120e+00 -3.757367626662063920e+00 2.550602156066220871e+00
4.605341606314878788e+01 7.137654158397320536e+00 -3.362013827632981400e+00 7.137654158397320536e+00 5.049085171749027268e+01 2.377939763350055191e+00 -3.362013827632981400e+00 2.377939763350055191e+00 3.098676305279660426e+01
7.406413663728883989e+00 1.044457168183902418e+01 -4.366636961408496553e-01 1.044457168183902418e+01 2.660576295643345190e+00 1.847202249010196251e+00 -4.366636961408496553e-01 1.847202249010196251e+00 1.153930730833161178e+01
2.186558368228883609e+01 -7.791418494926990457e-01 3.648368446016402089e+00 -7.791418494926990457e-01 2.729253876075216567e+01 7.585761192593932556e+00 3.648368446016402089e+00 7.585761192593932556e+00 1.637575117282232995e+01
-2.832269468574478921e+01 3.512449217440198890e+00 5.862130515423233490e+00 3.512449217440198890e+00 -1.314708792676033511e+01 5.535854165256433035e+00 5.862130515423233490e+00 5.535854165256433035e+00 -2.617741398549340559e+01
1.440538238726029618e+01 -3.364161415593148075e+00 -5.027422276149990488e+00 -3.364161415593148075e+00 2.066036388114485689e+01 9.578855835195868806e+00 -5.027422276149990488e+00 9.578855835195868806e+00 1.298951733273940157e+01
1.247571950952961117e+01 6.503707814817350830e+00 -2.188641291353274010e+00 6.503707814817350830e+00 5.135877061141917999e+00 6.154817352520645102e+00 -2.188641291353274010e+00 6.154817352520645102e+00 4.831846653756323384e+00
1.674140407767577088e+01 -1.995142769537751715e+00 -3.552179303914982711e+00 -1.995142769537751715e+00 1.605715393725245477e+01 -1.775955524712480305e+00 -3.552179303914982711e+00 -1.775955524712480305e+00 3.729991209464053048e-01
9.329730792872735989e+00 8.419745545371670303e+00 6.207068345541116194e+00 8.419745545371670303e+00 -5.008715920304132041e+00 1.067054073704541395e+01 6.207068345541116194e+00 1.067054073704541395e+01 -5.604423778908430798e+00
1.195803962025586209e+01 5.581872309911450003e+00 5.545615493060435774e+00 5.581872309911450003e+00 4.887506256432809337e+00 5.799520223000899755e+00 5.545615493060435774e+00 5.799520223000899755e+00 6.499884731979619801e+00
3.102459195874190101e+01 4.807437366941659795e-01 4.262764794139240365e+00 4.807437366941659795e-01 3.232246674702843592e+01 -1.807094905756286840e+00 4.262764794139240365e+00 -1.807094905756286840e+00 2.360284010343813677e+01
-6.681006727663350908e+00 -7.005625372564456832e+00 -5.169942750701181033e+00 -7.005625372564456832e+00 -1.307861317428546322e+01 -6.571198545719389550e+00 -5.169942750701181033e+00 -6.571198545719389550e+00 7.777674872859946298e+00
-7.715907281727440115e+00 -6.449756627488908656e+00 -4.764339940985736099e+00 -6.449756627488908656e+00 1.123518089393958164e+01 -2.586169421912105637e+00 -4.764339940985736099e+00 -2.586169421912105637e+00 -2.363012027114627323e+00
6.651843231368517628e+00 -1.380795208924915807e+00 3.877460868986491338e+00 -1.380795208924915807e+00 7.151256841536540065e+00 4.686307156099236981e-01 3.877460868986491338e+00 4.686307156099236981e-01 -1.246489996900095321e+00
-1.729675560819419644e+01 -6.244634271233389516e-02 -1.809264380114859350e+00 -6.244634271233389516e-02 -4.535787313537527510e+00 -1.775978853304165161e+00 -1.809264380114859350e+00 -1.775978853304165161e+00 4.322667358509974522e-01
6.241077425282551827e-01 2.237804854461097115e+00 -6.313955007376367057e+00 2.237804854461097115e+00 1.217394207641739712e+01 4.300740163031959717e+00 -6.313955007376367057e+00 4.300740163031959717e+00 3.890925206998932406e+00
1.244115179868927079e+01 2.285827184161242531e+00 -3.770819328895969047e+00 2.285827184161242531e+00 1.718584516590118838e+01 4.942689128921372799e+00 -3.770819328895969047e+00 4.942689128921372799e+00 2.571616186233710977e+01
-7.340215476560487673e+00 -8.782395707976382582e+00 -6.945802382651963036e+00 -8.782395707976382582e+00 1.751249999325627416e+00 3.771558637407372405e+00 -6.945802382651963036e+00 3.771558637407372405e+00 -1.040561598666569409e+01
-3.758135158532146747e+00 2.132360970921187704e+00 1.365243332795723630e+00 2.132360970921187704e+00 -1.379391281399949243e+01 6.405404361994034623e+00 1.365243332795723630e+00 6.405404361994034623e+00 -1.338260692136064023e+01
2.477177733061463327e-01 -2.461445812005968126e+00 -3.761463520345936562e+00 -2.461445812005968126e+00 -8.585099785531374650e+00 -2.275935923106986447e+00 -3.761463520345936562e+00 -2.275935923106986447e+00 -9.640874309794739139e-02
1.290341739114008313e+01 -1.464775803122082110e+00 -2.671434895561152434e+00 -1.464775803122082110e+00 1.440076363234679668e+01 -2.861860792540126264e-01 -2.671434895561152434e+00 -2.861860792540126264e-01 8.330465424913668926e+00
3.084864607398594316e+01 2.792244105386979314e+00 1.514782789436089627e-01 2.792244105386979314e+00 4.462939546222417064e+00 -2.430765995920273870e+00 1.514782789436089627e-01 -2.430765995920273870e+00 2.120968165831583541e+00
2.337119424080764674e+01 3.707681920713850054e+00 4.552294287441332798e+00 3.707681920713850054e+00 1.486717442960997460e+01 -2.851756217327338749e+00 4.552294287441332798e+00 -2.851756217327338749e+00 1.352338548974747567e+01
-2.020305256730967614e+00 2.516283393403934365e+00 -9.447512364111595451e-01 2.516283393403934365e+00 2.213397592170306627e+00 9.688987664781660847e-01 -9.447512364111595451e-01 9.688987664781660847e-01 -4.046992423483284362e+00
1.492940041593720935e+01 -5.804582805072056040e+00 -8.993592543362455283e-01 -5.804582805072056040e+00 4.886475880580664288e+00 2.297972241865706700e+00 -8.993592543362455283e-01 2.297972241865706700e+00 6.862889072782853539e+00
-1.025019693307241830e+01 4.237195715522388828e-01 7.897865355918830765e+00 4.237195715522388828e-01 -9.681070760012225662e+00 2.015633084993704582e-01 7.897865355918830765e+00 2.015633084993704582e-01 -5.520132361953081990e+00
