-1.852865814674636269e+01 3.850573449336274656e+00 5.345081691534046442e+00 3.850573449336274656e+00 1.139138222114413956e+01 -1.416138454242245359e+01 5.345081691534046442e+00 -1.416138454242245359e+01 -8.242255293309620479e-01
6.550989359432006331e+00 -1.547901636713107187e+01 -1.589935526598159932e+01 -1.547901636713107187e+01 1.462109464655546098e+01 -8.060459713826041650e+00 -1.589935526598159932e+01 -8.060459713826041650e+00 1.725550318675421124e+01
-4.942775202006282953e+00 2.157356946943169262e+00 -5.065121492049303953e+00 2.157356946943169262e+00 6.483481375652173639e+00 -9.485097426254231578e+00 -5.065121492049303953e+00 -9.485097426254231578e+00 9.235809653411550357e+00
2.358632782124959348e+01 -3.879249301218224755e+00 4.653531690011735833e+00 -3.879249301218224755e+00 1.583845576149774992e+01 4.144038603940599863e+00 4.653531690011735833e+00 4.144038603940599863e+00 1.759529569932920978e+01
-2.768673966575655676e+00 5.107335638209650419e+00 1.174012698547990219e+01 5.107335638209650419e+00 2.579354110620434071e+00 4.720057104345511512e+00 1.174012698547990219e+01 4.720057104345511512e+00 -1.297665270538024096e+01
-7.599816733505199373e+00 -1.473880372831134267e+00 4.702354736303481775e-01 -1.473880372831134267e+00 4.553751530479578591e+00 -1.096728062763697165e-01 4.702354736303481775e-01 -1.096728062763697165e-01 1.456612787987558333e+00
-1.035698825684282198e+01 -5.256652790533669517e+00 -2.643597209587722929e+00 -5.256652790533669517e+00 1.119889651279841658e+01 3.874811054638715446e-01 -2.643597209587722929e+00 3.874811054638715446e-01 1.327195893443387753e+01
8.769686508207763964e+00 -6.210587212080524111e+00 -4.034855126288767302e+00 -6.210587212080524111e+00 1.838307149341260827e+00 3.164121498352382211e+00 -4.034855126288767302e+00 3.164121498352382211e+00 9.271013301110833993e+00
1.687037314703382407e+01 -3.447426184113257186e+00 1.336250718977284180e+01 -3.447426184113257186e+00 -9.098090636027199807e+00 8.363353967626686369e+00 1.336250718977284180e+01 8.363353967626686369e+00 9.060198610357778293e+00
-1.107819644742966680e+00 -2.392414808983560093e+01 -1.437156043626500335e+01 -2.392414808983560093e+01 2.490947120031525230e+01 -6.179932467189011014e+00 -1.437156043626500335e+01 -6.179932467189011014e+00 -4.917536536222632648e+00
-4.692513989281672515e+00 -9.338555219706583088e+00 -3.848906458834238986e+00 -9.338555219706583088e+00 4.069655275742178446e+01 -1.055680240544703352e+01 -3.848906458834238986e+00 -1.055680240544703352e+01 -3.681138598226131542e+00
2.701702841251669795e+01 -2.645176011641538594e+00 9.768362449268620296e+00 -2.645176011641538594e+00 1.304316650394713228e+01 1.249130648845741298e+01 9.768362449268620296e+00 1.249130648845741298e+01 1.571975539592792970e+01
-2.303007609788604881e+01 4.671927279126354193e+00 6.533619530788435936e-01 4.671927279126354193e+00 6.471177265115094279e+00 -7.800252066481516700e+00 6.533619530788435936e-01 -7.800252066481516700e+00 -1.179753875595318213e+01
-1.345589098318388643e+01 9.537075243424206761e+00 -8.194407103204104370e-01 9.537075243424206761e+00 2.893952849154580509e+00 -1.697871321104456710e+00 -8.194407103204104370e-01 -1.697871321104456710e+00 -8.674293350435184902e-01
1.188635893214282824e+01 -8.788634439149126010e+00 7.237401827242228025e-01 -8.788634439149126010e+00 -1.167229714007957675e+01 4.769744662167825666e+00 7.237401827242228025e-01 4.769744662167825666e+00 2.640755056651973742e+00
1.790302342738845098e+01 -4.915092337358351604e-01 -9.131468745414181853e+00 -4.915092337358351604e-01 9.916220740785252730e+00 3.911076070562301554e-01 -9.131468745414181853e+00 3.911076070562301554e-01 7.124268459112111707e+00
-5.399620700725076716e+00 6.407377362247396180e-01 5.304563729839177455e+00 6.407377362247396180e-01 1.258954608856110013e+01 -1.411072638500437071e+00 5.304563729839177455e+00 -1.411072638500437071e+00 8.355804793904614058e+00
1.451821686032046088e+01 5.019927310850541557e-01 5.978768763184365120e+00 5.019927310850541557e-01 -1.335401359526043330e-01 6.302648008795417311e+00 5.978768763184365120e+00 6.302648008795417311e+00 1.135209504361948163e+01
1.707111149970070230e+01 1.474059653635147527e+01 5.217532567041824443e+00 1.474059653635147527e+01 6.174120854601091501e+00 -5.518003071245336066e+00 5.217532567041824443e+00 -5.518003071245336066e+00 1.203800672053625753e+01
-1.953465337489376452e+01 -4.771841959694356206e+00 -5.371452306181165870e-01 -4.771841959694356206e+00 -5.616075056727156678e+00 -2.956531642125955539e+00 -5.371452306181165870e-01 -2.956531642125955539e+00 -1.790144243045729056e+01
1.256595108171293518e+01 -6.908977523691702594e+00 -5.487412870764319273e+00 -6.908977523691702594e+00 6.097856815075061832e+00 2.366463267699770778e+00 -5.487412870764319273e+00 2.366463267699770778e+00 2.119181723326331035e+00
5.681060752808415604e-01 -9.379172795554600484e+00 -9.147690047208822506e+00 -9.379172795554600484e+00 -1.890009527202483142e+01 7.496348332338152787e+00 -9.147690047208822506e+00 7.496348332338152787e+00 -3.307821194299379819e+00
-5.592198964244591508e+00 1.269468332843771385e+01 1.547560565381041542e+01 1.269468332843771385e+01 3.053609139801316985e+00 4.697111812065158709e+00 1.547560565381041542e+01 4.697111812065158709e+00 5.241946353791083979e+00
-1.342925855136754976e+01 -6.329487364258585380e+00 -8.085715365896302131e+00 -6.329487364258585380e+00 -1.658938869764768143e+01 -5.795962207866899085e+00 -8.085715365896302131e+00 -5.795962207866899085e+00 2.652707813873674159e+00
-8.630357973661514137e+00 1.243066280330079643e+01 9.791095407169855491e+00 1.243066280330079643e+01 -9.455798135496963353e-01 -8.908293383137126042e+00 9.791095407169855491e+00 -8.908293383137126042e+00 -2.107016180551163131e+01
9.100561409762041309e-01 6.187200795198481984e+00 -2.612887212641550327e+00 6.187200795198481984e+00 1.333325370651469477e+01 -1.021996965120480461e+01 -2.612887212641550327e+00 -1.021996965120480461e+01 1.926430084254026553e+01
1.559888003644386245e+01 1.420979996653098176e+01 6.298163961560385715e+00 1.420979996653098176e+01 9.722347863263678391e+00 -5.044701527468747670e+00 6.298163961560385715e+00 -5.044701527468747670e+00 7.567205272971392560e+00
-4.135372315515643216e+00 -8.919778820054781177e-01 4.716572414552990367e+00 -8.919778820054781177e-01 1.581178711936078152e+01 -9.461809703492287227e+00 4.716572414552990367e+00 -9.461809703492287227e+00 9.114983061602313086e+00
4.660084381310197754e-01 -1.664529293720288194e+01 -1.026424749473988385e+01 -1.664529293720288194e+01 2.420591292183837950e+00 9.826380547522987063e-01 -1.026424749473988385e+01 9.826380547522987063e-01 -2.895697231766662938e-01
-2.510024138945224248e+00 6.544208365383813231e+00 3.544614253080683675e+00 6.544208365383813231e+00 2.061080281514979262e+01 -6.404099392756879006e+00 3.544614253080683675e+00 -6.404099392756879006e+00 1.443163779487672649e+01
-3.230241979935774221e+00 2.483863600903589930e+00 2.641289370857832441e+00 2.483863600903589930e+00 -1.819821029029055515e+00 -6.368502069524011322e-01 2.641289370857832441e+00 -6.368502069524011322e-01 -3.904790885109234555e+00
-6.554909228399686150e+00 8.876727400645665345e-01 -5.472165535495365773e+00 8.876727400645665345e-01 1.109752199719798682e+01 -1.656373321592976122e+00 -5.472165535495365773e+00 -1.656373321592976122e+00 -4.855114494243081502e+00
1.479635788719093981e+01 -1.217856603969327622e+01 -9.191061178766938511e+00 -1.217856603969327622e+01 8.187170220239728735e+00 -2.203042591512736958e+00 -9.191061178766938511e+00 -2.203042591512736958e+00 1.018204960032216988e+01
-1.012948817308168969e+01 -2.021162810877459304e+00 3.190915772415522600e+00 -2.021162810877459304e+00 3.792044883057092974e+00 -7.310841170327452287e-01 3.190915772415522600e+00 -7.310841170327452287e-01 -4.571456242387035296e+00
3.461643942444330690e+01 -4.312826020385188031e+00 6.493559781713754475e+00 -4.312826020385188031e+00 -5.161418022644268522e-01 1.120393507027436719e+01 6.493559781713754475e+00 1.120393507027436719e+01 2.366949971780117323e+01
3.387961661952711268e+01 1.543654365641507731e+01 -2.365796202303154683e+00 1.543654365641507731e+01 -4.117922129527550545e+00 8.688293970328187399e+00 -2.365796202303154683e+00 8.688293970328187399e+00 3.459375541920987018e+01
-3.773238963776115007e+00 1.435805335289992080e+01 1.681193106617843469e+01 1.435805335289992080e+01 4.220513172230344168e+00 -2.027678768047989077e+00 1.681193106617843469e+01 -2.027678768047989077e+00 -3.754623397619571978e+00
1.228997518605044581e+00 1.094746112459416665e+01 6.447623876760726347e+00 1.094746112459416665e+01 1.803115356565978900e+01 -9.443030261771758305e+00 6.447623876760726347e+00 -9.443030261771758305e+00 1.487037198998429588e+01
3.087864788414209727e+01 1.817585500377414931e+01 1.301573997926683113e+01 1.817585500377414931e+01 2.403906570490997296e+01 7.298001045600701175e+00 1.301573997926683113e+01 7.298001045600701175e+00 1.507606625837270720e+01
8.060487111883652744e+00 -4.129040000457986914e-01 -4.511799316053202169e+00 -4.129040000457986914e-01 2.833059308862310743e+01 -8.100329122031475038e+00 -4.511799316053202169e+00 -8.100329122031475038e+00 2.457397724464994582e+01
2.640737152172929925e+01 -3.949163249943435261e+00 1.225471231763946811e+01 -3.949163249943435261e+00 2.472672340050056761e+00 8.682842462269539041e+00 1.225471231763946811e+01 8.682842462269539041e+00 2.125833837004159221e+01
-8.474092268298951680e-01 -5.791235883090799064e+00 -4.803732216053880677e+00 -5.791235883090799064e+00 -5.325028670721231094e+00 3.982107680217528589e+00 -4.803732216053880677e+00 3.982107680217528589e+00 -1.480401820148853353e+01
2.520261097635012604e+00 -1.888145653626674303e+01 -9.841005577366649604e+00 -1.888145653626674303e+01 4.939286622789413883e+00 6.917210273325391512e-01 -9.841005577366649604e+00 6.917210273325391512e-01 1.130229493730828061e+01
-6.074715115235265195e+00 -1.890004708377507825e+01 -4.152944158982013967e+00 -1.890004708377507825e+01 1.731174614264963552e+01 6.753920946217317756e-02 -4.152944158982013967e+00 6.753920946217317756e-02 1.415922920804365681e+01
1.195914497064326021e+01 5.394563530496578885e+00 2.420921587436064115e+00 5.394563530496578885e+00 1.466567944509083077e+01 -5.606484694226645971e+00 2.420921587436064115e+00 -5.606484694226645971e+00 -4.030159765193562227e-01
1.297354985218546863e+00 -8.179032714159379935e+00 -6.170412623353224824e+00 -8.179032714159379935e+00 3.832712148683194897e+01 -8.451817348235838523e+00 -6.170412623353224824e+00 -8.451817348235838523e+00 6.790116223661061268e-01
1.405067751576046753e+01 5.542926640145140915e+00 -3.089806322051881438e+00 5.542926640145140915e+00 1.527198395849242196e+01 3.329251560196619386e-01 -3.089806322051881438e+00 3.329251560196619386e-01 1.318434630934425300e+01
-4.605045145552818298e+00 7.470920526805718609e+00 1.489596902205617246e+00 7.470920526805718609e+00 2.248879070308361872e+00 -1.130566985938419222e+01 1.489596902205617246e+00 -1.130566985938419222e+01 7.853476987440750179e+00
1.363154277943984205e+01 -2.562479612069911994e+01 -2.056884303761102117e+01 -2.562479612069911994e+01 7.996372755940875265e+00 -3.494244791963126762e+00 -2.056884303761102117e+01 -3.494244791963126762e+00 1.901632177957836234e+01
6.994374929488188508e-01 -1.027341227207592844e+01 -1.478926150152061325e+01 -1.027341227207592844e+01 -3.573020437869053323e-01 -3.104345015018640908e+00 -1.478926150152061325e+01 -3.104345015018640908e+00 -4.274687126457777708e+00
