5.168905322805017022e+00 -7.217926130001118823e-01 6.020713528806137527e-01 -7.217926130001118823e-01 8.178910232136580305e+00 -3.661165188767087630e-01 6.020713528806137527e-01 -3.661165188767087630e-01 1.580774547195936464e+01
2.200514839046424242e+01 3.829580508154250662e+00 8.945653741524001390e+00 3.829580508154250662e+00 2.073899261144169781e+00 -7.355396745595956354e+00 8.945653741524001390e+00 -7.355396745595956354e+00 4.692712091139269681e+00
5.835885153477867959e+00 1.423021226106296444e+00 3.768681988154142015e+00 1.423021226106296444e+00 5.335385370093375990e+00 -6.123442143554905570e+00 3.768681988154142015e+00 -6.123442143554905570e+00 1.039318537584004254e+01
-2.880955557679413470e+00 2.472058379833589614e-01 -8.962374341637227015e-01 2.472058379833589614e-01 5.559522645553336417e+00 3.211052386523820523e+00 -8.962374341637227015e-01 3.211052386523820523e+00 9.913405236451994895e+00
5.022856781506741974e+00 7.252200141511021769e+00 4.334769245467434140e-01 7.252200141511021769e+00 -1.318522845264844356e+01 -2.294843578927933780e+00 4.334769245467434140e-01 -2.294843578927933780e+00 2.364688989540026487e+00
7.545244143367028755e+00 3.141089587611273437e+00 -3.216218652127467159e+00 3.141089587611273437e+00 1.312322213337288712e+00 3.567312401155413593e+00 -3.216218652127467159e+00 3.567312401155413593e+00 5.726743033521916715e+00
7.754781533785843450e+00 4.047257370582412861e+00 7.881682061555824736e-01 4.047257370582412861e+00 2.146358263903749730e+01 -2.412490821300485866e+00 7.881682061555824736e-01 -2.412490821300485866e+00 1.484410332444327629e+01
1.457454209305390691e+01 -3.003643941094536363e+00 -6.005340731041598268e+00 -3.003643941094536363e+00 3.588876548079488860e+00 7.791843640691582529e+00 -6.005340731041598268e+00 7.791843640691582529e+00 1.530270634286853593e+01
8.286635441799822033e+00 -2.523214126896372034e-01 -2.172582879119579757e-01 -2.523214126896372034e-01 4.806371805183705881e+00 2.116496758622956331e-01 -2.172582879119579757e-01 2.116496758622956331e-01 1.062979328303848092e+01
7.419729744483364087e+00 -2.241894640734054978e+00 -1.577158322240814980e+00 -2.241894640734054978e+00 7.727364712667299074e+00 1.682287314616413232e+00 -1.577158322240814980e+00 1.682287314616413232e+00 1.138561365987151675e+01
2.485661821142031513e+01 1.549490561499024643e+00 2.178730647088982231e+00 1.549490561499024643e+00 -7.087061345983390659e+00 2.317620628223868273e+00 2.178730647088982231e+00 2.317620628223868273e+00 3.876209744130307833e+00
9.086683346316352328e+00 2.450637973285303972e-01 -3.819668559927202889e+00 2.450637973285303972e-01 5.591117593701059540e+00 1.142055165164018282e+00 -3.819668559927202889e+00 1.142055165164018282e+00 2.445598082304016074e+01
1.885330845580333303e+01 -3.347074541926320368e+00 -3.359098074319163185e+00 -3.347074541926320368e+00 2.305551284661779121e+01 4.620257244104843508e+00 -3.359098074319163185e+00 4.620257244104843508e+00 1.797606483250083187e+01
2.577464841674219631e+00 5.602876515412708036e-01 3.181789377895518633e+00 5.602876515412708036e-01 3.129701665000727218e+00 -1.825759115412207034e+00 3.181789377895518633e+00 -1.825759115412207034e+00 1.020088052309015580e+01
1.384842191687307000e+01 -1.246972399590274172e+00 5.203585707051928688e-01 -1.246972399590274172e+00 1.339173589628864036e+01 5.015694843016617277e+00 5.203585707051928688e-01 5.015694843016617277e+00 9.179598022412783109e+00
-3.240726248419646183e+00 9.966482930310419874e+00 9.036981966231785179e+00 9.966482930310419874e+00 1.589646645253112212e+01 4.667538129414976034e+00 9.036981966231785179e+00 4.667538129414976034e+00 1.286825349575304145e+01
2.263197021513191132e+01 -2.872790723549704106e-01 -5.247592410742639046e+00 -2.872790723549704106e-01 1.140521638256223014e+01 3.280755043948471728e-01 -5.247592410742639046e+00 3.280755043948471728e-01 9.337098126995512004e+00
7.170013141370650267e+00 -2.060241013374281227e+00 -7.764320664002839489e-01 -2.060241013374281227e+00 8.327383121300719893e+00 -3.883156771815145514e-01 -7.764320664002839489e-01 -3.883156771815145514e-01 2.010262263187405196e+01
1.039264307074427052e+01 -1.161336853148769999e+00 -6.037625743500913522e+00 -1.161336853148769999e+00 1.831155476463293041e+01 9.074564379896407074e-01 -6.037625743500913522e+00 9.074564379896407074e-01 8.947787225767873664e+00
1.412945316560511699e+01 1.382977639734179975e+00 6.999765481824764102e+00 1.382977639734179975e+00 1.059442054188490090e+01 -5.549244045467924380e+00 6.999765481824764102e+00 -5.549244045467924380e+00 2.232466736130913176e+01
9.911403751539113571e+00 2.534833247222147090e+00 7.963640191106755584e-01 2.534833247222147090e+00 1.501713176725257526e+01 6.743425145242207819e+00 7.963640191106755584e-01 6.743425145242207819e+00 2.548578650971704107e+01
2.133665188241596056e+01 -2.893656626460823666e+00 1.328097851277045383e+00 -2.893656626460823666e+00 1.429923297276276983e+01 -1.552581983823328127e+00 1.328097851277045383e+00 -1.552581983823328127e+00 2.085207984785291302e+01
2.200514839046424242e+01 3.829580508154250662e+00 8.945653741524001390e+00 3.829580508154250662e+00 2.073899261144169781e+00 -7.355396745595956354e+00 8.945653741524001390e+00 -7.355396745595956354e+00 4.692712091139269681e+00
1.088754080895012244e+01 1.062741456981862592e-01 2.073488070043275844e+00 1.062741456981862592e-01 3.280516884871830463e+00 -3.567121594062941714e+00 2.073488070043275844e+00 -3.567121594062941714e+00 1.089012722340659423e+01
2.781573125643610034e+00 -2.608478639521937037e+00 -2.970459489244993811e+00 -2.608478639521937037e+00 1.423932319942557889e+01 1.599569434565675019e+00 -2.970459489244993811e+00 1.599569434565675019e+00 8.186834134985701894e+00
5.651432540159270879e+00 6.352257471402636968e-01 1.847425899471109467e+00 6.352257471402636968e-01 2.611563973172002395e+00 -2.159590408517667592e-01 1.847425899471109467e+00 -2.159590408517667592e-01 6.910647629195541874e+00
6.206484388208333147e-01 -1.605805122384799999e+00 -5.664700590731744256e+00 -1.605805122384799999e+00 1.753278886171968409e+01 2.888383772544413919e+00 -5.664700590731744256e+00 2.888383772544413919e+00 -9.503443333309067320e-01
1.968911457004257670e+01 -3.500777245089303324e+00 2.535613937162457532e+00 -3.500777245089303324e+00 1.141929019004630064e+01 -1.085410914377155978e+00 2.535613937162457532e+00 -1.085410914377155978e+00 1.485891503109717249e+01
-3.123567118214249039e+00 -9.814866441671544761e-01 -3.685072139179277340e+00 -9.814866441671544761e-01 2.238147287220825454e+00 1.044054771370858115e+00 -3.685072139179277340e+00 1.044054771370858115e+00 -3.069768258287117746e+00
1.778550246726036832e+01 -2.133384972644994104e-01 -1.473854033810347630e+00 -2.133384972644994104e-01 2.057720343271614638e+01 1.079201409930164779e+00 -1.473854033810347630e+00 1.079201409930164779e+00 2.575847831148170997e+01
7.552258428787642863e+00 -5.875839137715824778e-01 2.347206931071854907e-01 -5.875839137715824778e-01 4.051488048927751606e+00 7.489912171072135028e-01 2.347206931071854907e-01 7.489912171072135028e-01 9.428721030222654065e+00
6.583498628482594484e+00 3.031189732582534102e+00 5.614039463410433584e+00 3.031189732582534102e+00 4.701143132154869342e+00 -3.412648552800419566e+00 5.614039463410433584e+00 -3.412648552800419566e+00 1.812532598537627138e+01
9.909809243885174368e+00 1.677100319247545768e+00 6.856640057884238360e+00 1.677100319247545768e+00 8.469237634809790194e+00 -7.178349532082310525e+00 6.856640057884238360e+00 -7.178349532082310525e+00 1.886072290511836513e+01
3.810556752441381700e+00 1.863424462261333847e+00 4.875339680349032534e+00 1.863424462261333847e+00 8.214308638857744427e+00 2.333542043014724232e+00 4.875339680349032534e+00 2.333542043014724232e+00 3.365385839136288126e+01
7.165833859063200251e+00 -1.072140185807948232e+00 3.938142478193072948e-01 -1.072140185807948232e+00 4.365143959635433113e+00 -3.325493309525960894e-01 3.938142478193072948e-01 -3.325493309525960894e-01 9.426236423235765827e+00
1.525136337636878991e+01 -3.580732571979936552e+00 -1.726015160941913873e+00 -3.580732571979936552e+00 1.324476290301933012e+01 2.276366021082441904e+00 -1.726015160941913873e+00 2.276366021082441904e+00 1.348509631016089472e+01
-7.532719202982848250e-01 4.607511512491358485e-01 -6.413673081386166430e+00 4.607511512491358485e-01 8.239665368182738092e+00 4.527508480956268677e+00 -6.413673081386166430e+00 4.527508480956268677e+00 9.994717182485334916e+00
9.971636410324169475e+00 5.733746122225745978e+00 6.601379805762076280e+00 5.733746122225745978e+00 1.172210012159643178e+01 -1.311589329753169775e+00 6.601379805762076280e+00 -1.311589329753169775e+00 1.088323757791995128e+01
1.685561486767289452e+01 -1.153198141399789378e-01 -1.398057489836306733e+00 -1.153198141399789378e-01 1.971283332520039977e+01 7.902133302821263694e-01 -1.398057489836306733e+00 7.902133302821263694e-01 2.227459602960108143e+01
2.795811645290192260e+01 -2.646628430940999532e+00 5.472973133820473457e+00 -2.646628430940999532e+00 2.540992012297983038e+01 1.259747584154436773e+00 5.472973133820473457e+00 1.259747584154436773e+00 3.105994737472103751e+01
1.566504284531216840e+01 -1.175746170885830111e+00 -5.055694629225220282e+00 -1.175746170885830111e+00 3.667477363505868393e+00 8.706645102553411064e+00 -5.055694629225220282e+00 8.706645102553411064e+00 1.621683924250775632e+01
2.579250567144350370e+01 1.758363751544727085e-02 2.990562615821661385e+00 1.758363751544727085e-02 3.731820225674247204e+00 -2.139956238338290628e+00 2.990562615821661385e+00 -2.139956238338290628e+00 -1.781729283162476030e+00
1.681711703853896722e+01 -6.320191371451085338e+00 5.451371634808592326e+00 -6.320191371451085338e+00 5.517365035169151888e+00 -2.322571427470126348e+00 5.451371634808592326e+00 -2.322571427470126348e+00 2.195337955776288652e+01
6.894018203118882582e+00 -3.714231329969746587e-01 -9.530235342993060854e-01 -3.714231329969746587e-01 2.579006511927685263e+00 1.151770763474244230e+00 -9.530235342993060854e-01 1.151770763474244230e+00 4.756059078953243535e+00
-1.086458810861341995e+00 1.614824219238733427e+00 2.060165765193024079e+00 1.614824219238733427e+00 7.214282769871700474e+00 -2.170776617265628872e+00 2.060165765193024079e+00 -2.170776617265628872e+00 9.794001754173882190e+00
7.648408462431025789e+00 -1.546909302825497212e+00 -4.789726199273909579e-02 -1.546909302825497212e+00 4.416121758534488073e+00 2.128295602379015883e-01 -4.789726199273909579e-02 2.128295602379015883e-01 9.832837486057865561e+00
1.732235834433731014e+01 -1.688397026577578730e+00 -1.035266837555093078e+00 -1.688397026577578730e+00 1.939540403539241709e+01 6.304797421221460807e-01 -1.035266837555093078e+00 6.304797421221460807e-01 2.323519868580602932e+01
2.420347026380516553e+01 7.184349532741500788e+00 4.889678367667787406e-01 7.184349532741500788e+00 2.423602868390604925e+01 9.530891944570589747e-01 4.889678367667787406e-01 9.530891944570589747e-01 3.222263991047397980e+01
2.884249637520767351e+01 -4.105849021986807124e+00 1.274432598668993277e+00 -4.105849021986807124e+00 2.409236757488010738e+01 -2.260486224123952059e+00 1.274432598668993277e+00 -2.260486224123952059e+00 1.862863132681933465e+01
6.509752439533887269e+00 -1.052557761552722071e-01 -5.651311412758516006e+00 -1.052557761552722071e-01 8.983731452884849977e-01 -1.696709618635778849e+00 -5.651311412758516006e+00 -1.696709618635778849e+00 1.155452264946344787e+00
