1.737833408190713058e+01 2.323601124323685152e+00 -4.760179486734192444e+00 2.323601124323685152e+00 9.959723817577881277e+00 -6.446229749755429062e+00 -4.760179486734192444e+00 -6.446229749755429062e+00 2.381236657833719050e+01
2.120492279948839354e+01 -4.587713872828897976e+00 -2.721513549392448272e+00 -4.587713872828897976e+00 1.199739374444980911e+01 -1.339384250484776828e+00 -2.721513549392448272e+00 -1.339384250484776828e+00 1.723723555505792149e+00
1.207893185446806861e+01 -3.157937479117460366e+00 9.040337474815817842e+00 -3.157937479117460366e+00 1.664660969601834140e+01 5.843473274021868669e+00 9.040337474815817842e+00 5.843473274021868669e+00 -5.401165956714599758e+00
4.095491429633570846e+01 7.729356204366225391e+00 2.116992320074956968e+00 7.729356204366225391e+00 4.730298551213719804e+01 -2.558871861752452403e+00 2.116992320074956968e+00 -2.558871861752452403e+00 2.900524131320543830e+01
1.688950473308624112e+01 5.996743499679729084e+00 1.470174189905036677e+00 5.996743499679729084e+00 1.142625296851528738e+01 2.908676040275244290e-01 1.470174189905036677e+00 2.908676040275244290e-01 2.362954050777564596e+00
-6.628990191049599190e+00 1.929343125982676765e+00 -7.373274590904296488e+00 1.929343125982676765e+00 -1.675487605352211062e+01 -1.768193030624151119e+00 -7.373274590904296488e+00 -1.768193030624151119e+00 -1.500742185462840261e+01
3.439309140682598809e+01 -3.002184348731546049e+00 -7.982219329975357880e+00 -3.002184348731546049e+00 3.652870687881633671e+01 -3.859544382185511324e-01 -7.982219329975357880e+00 -3.859544382185511324e-01 2.810528005089905434e+01
1.085340386399086476e+01 -2.303902772611846839e+00 -3.106412137220310843e+00 -2.303902772611846839e+00 1.197078505647194113e+01 -4.988006627079514921e+00 -3.106412137220310843e+00 -4.988006627079514921e+00 6.835946049915220257e+00
-1.195188662439201721e+01 -8.454036367734119040e+00 -3.770618158558762811e+00 -8.454036367734119040e+00 -6.742201427679646919e+00 -1.324324737951041664e+00 -3.770618158558762811e+00 -1.324324737951041664e+00 -6.410549484416272481e-01
4.044123508574206660e+00 -1.065618984330250996e+01 9.294688944644077466e+00 -1.065618984330250996e+01 -7.001786034821700255e+00 -6.424269679852092629e+00 9.294688944644077466e+00 -6.424269679852092629e+00 -1.242942230998863273e+01
-1.654975707450817524e+01 8.937291549444488226e+00 2.578360610550860965e+00 8.937291549444488226e+00 -1.269525815216827525e+01 4.317974966985606677e+00 2.578360610550860965e+00 4.317974966985606677e+00 -3.630136766591374453e+01
1.969456668562804325e+01 7.764426320332242781e-01 -2.351491587231039126e+00 7.764426320332242781e-01 -1.095439479975210739e+00 1.652711421459160057e+00 -2.351491587231039126e+00 1.652711421459160057e+00 -6.263284716684285769e+00
2.223381306356697706e+01 3.302387442809211038e+00 -7.892974219737292074e+00 3.302387442809211038e+00 1.346362421994804848e+01 6.414540539865994262e+00 -7.892974219737292074e+00 6.414540539865994262e+00 2.909209907776710402e+00
9.382306851009829529e+00 -2.146167309236735599e-01 2.758453971341864985e+00 -2.146167309236735599e-01 1.434950519916224110e+01 5.643861779628272402e+00 2.758453971341864985e+00 5.643861779628272402e+00 1.120362340262072820e+01
-4.194442699842281463e+00 5.934642489068975735e+00 -6.867787836316646910e+00 5.934642489068975735e+00 -1.073634152521752583e+01 -1.249605476012420668e+00 -6.867787836316646910e+00 -1.249605476012420668e+00 9.266310147428614030e+00
4.878839368976686330e+01 -4.741297211721545501e+00 -8.748213421672994539e-01 -4.741297211721545501e+00 4.727923227366179759e+01 -1.058638123694390387e+01 -8.748213421672994539e-01 -1.058638123694390387e+01 3.212041125624145366e+01
2.340981866271296230e+00 4.711680643461204632e+00 5.305183560383140984e-01 4.711680643461204632e+00 1.774797554069967376e+01 -1.422804354440189156e+00 5.305183560383140984e-01 -1.422804354440189156e+00 1.295979827357222725e+01
2.412667928595716305e+01 -4.865440655763181854e-01 9.957138939732658178e-01 -4.865440655763181854e-01 1.961362854640344722e+01 2.386336105272225616e+00 9.957138939732658178e-01 2.386336105272225616e+00 1.091565698127813633e+01
1.959277046118224286e+00 1.043021975820892067e+00 -9.102384744187735910e-02 1.043021975820892067e+00 -3.948914035396423605e-01 -4.325714401377618756e+00 -9.102384744187735910e-02 -4.325714401377618756e+00 1.487324893994926844e+00
-3.610165971601491997e+00 4.712305596484921977e-01 3.426347938294811435e+00 4.712305596484921977e-01 3.086750740916467173e+00 -6.768312620430218196e+00 3.426347938294811435e+00 -6.768312620430218196e+00 -8.423029405782598289e+00
-1.180697568976478262e+00 3.711458608452721020e+00 1.167652266410615347e+01 3.711458608452721020e+00 2.605058886618656921e-01 -1.045158064035637935e+01 1.167652266410615347e+01 -1.045158064035637935e+01 -1.236785072925973283e+00
-5.399399598881082785e-01 -2.942533655540950921e-01 4.296308630482123192e+00 -2.942533655540950921e-01 -1.188936445090158056e+00 -2.955703065581410716e+00 4.296308630482123192e+00 -2.955703065581410716e+00 5.341151072978956194e+00
6.128725809653215784e+00 -1.756993252570695496e+00 1.909193872769368472e+00 -1.756993252570695496e+00 1.086444177503649855e-01 1.258058435812005715e+00 1.909193872769368472e+00 1.258058435812005715e+00 3.844867429839564643e+00
2.555392512820701256e+01 1.836889024195588194e+00 -3.063334133430832829e+00 1.836889024195588194e+00 3.654233201896205374e-01 -1.030499335193233890e+01 -3.063334133430832829e+00 -1.030499335193233890e+01 1.955176688053257728e+00
-5.321848692180314089e+00 2.022834382919412199e+00 7.622178727191610825e-01 2.022834382919412199e+00 2.411576433369027939e+00 -5.200973980944698205e+00 7.622178727191610825e-01 -5.200973980944698205e+00 7.725441445077927405e+00
3.104561879109790112e+01 -3.934121329883989993e-01 -2.914887228825497334e-01 -3.934121329883989993e-01 2.236302304804205576e+01 9.257336242050524078e+00 -2.914887228825497334e-01 9.257336242050524078e+00 8.283944990824814170e+00
1.196215381244462073e+01 -3.277822282488107142e+00 3.585684763739446446e+00 -3.277822282488107142e+00 3.561138349142171755e+00 8.299444791504811292e+00 3.585684763739446446e+00 8.299444791504811292e+00 -1.729791077794183840e+00
1.484663003786946156e+00 -7.452538234542212869e+00 -9.763693720766376538e-01 -7.452538234542212869e+00 -1.424450130758916355e+00 -1.329421259415256573e+00 -9.763693720766376538e-01 -1.329421259415256573e+00 7.098839601572034752e+00
-1.118617873639805538e+01 -4.034027749255249873e+00 -3.950544217195557373e+00 -4.034027749255249873e+00 -1.917739087301198575e+00 -4.782520372411539711e+00 -3.950544217195557373e+00 -4.782520372411539711e+00 4.606741694206138327e+00
1.519272367092939469e+01 3.773925260315785568e+00 -1.093072613919165770e+00 3.773925260315785568e+00 -8.101786160639056433e+00 -2.322057446329429453e+00 -1.093072613919165770e+00 -2.322057446329429453e+00 4.331856021559937631e+01
1.665958650634857108e+01 4.112586824734115964e+00 -1.243256437000990111e+01 4.112586824734115964e+00 -2.680030211717599808e+00 5.683778227948986128e+00 -1.243256437000990111e+01 5.683778227948986128e+00 5.362796066853626087e+00
-1.858132974922328273e+01 -2.665783711545083090e+00 1.295756295724087848e-01 -2.665783711545083090e+00 -4.526296150369224947e+00 -8.481647147994788583e-01 1.295756295724087848e-01 -8.481647147994788583e-01 -1.674412524089191123e+01
1.906777619416625669e+01 -5.129396258689661314e-01 -7.732069788806814614e+00 -5.129396258689661314e-01 2.209727667262438899e+01 -1.516022937468044729e+00 -7.732069788806814614e+00 -1.516022937468044729e+00 1.926939186828958839e+01
5.177746280485509445e+00 -4.475269377578037361e-02 1.042411144803439527e+01 -4.475269377578037361e-02 2.292292282542535986e+01 1.741699203397694795e+00 1.042411144803439527e+01 1.741699203397694795e+00 -5.721909812888849700e+00
-7.313590132223679596e+00 -7.250399340013576888e-01 1.127728504984278901e+00 -7.250399340013576888e-01 -5.978372139025078802e+00 -3.445599345513553846e+00 1.127728504984278901e+00 -3.445599345513553846e+00 1.370824140527617274e+01
3.026231085496554130e+01 -1.486540492191405605e+00 -2.596878903770620806e+00 -1.486540492191405605e+00 3.067319160906077258e+01 -2.255165323270754474e+00 -2.596878903770620806e+00 -2.255165323270754474e+00 2.004584220350370671e+01
1.249533106232994939e+01 -4.747199581279560654e+00 -1.359602243009863320e+00 -4.747199581279560654e+00 6.550360522986729883e+00 1.301577887256663013e+00 -1.359602243009863320e+00 1.301577887256663013e+00 1.760040532817454206e+01
-1.041657921778174734e+00 6.546309360468769434e+00 -3.271844153534497313e+00 6.546309360468769434e+00 -2.269555102450576456e+00 -7.177794537556219101e-01 -3.271844153534497313e+00 -7.177794537556219101e-01 -1.005806982373697522e+01
3.750983642927462824e+01 -8.799646588016790005e+00 1.753956349626055555e+01 -8.799646588016790005e+00 2.008220160265042864e+01 -1.668269739355863024e+01 1.753956349626055555e+01 -1.668269739355863024e+01 1.456605485514661602e+01
2.906016650467980256e+01 8.010323712166796284e+00 -1.447724381999780618e+01 8.010323712166796284e+00 3.395839167046123919e+01 1.293659194900018328e+01 -1.447724381999780618e+01 1.293659194900018328e+01 2.262224865950133434e+01
2.329916285774168827e+01 1.468143534340889955e+00 -4.401675240242554743e+00 1.468143534340889955e+00 3.614132634145300216e+01 6.546394745042386498e-01 -4.401675240242554743e+00 6.546394745042386498e-01 1.263874546627073947e+01
2.193616846495967465e+01 1.649650082170605603e-01 1.419236519932552731e+00 1.649650082170605603e-01 7.651379659914511855e+00 8.748765000468262443e+00 1.419236519932552731e+00 8.748765000468262443e+00 1.060756149815951588e+01
1.367362840391749224e+01 -2.424626588735698807e+00 5.789835459151371211e+00 -2.424626588735698807e+00 2.309695025309697947e+00 -8.085799418863956589e+00 5.789835459151371211e+00 -8.085799418863956589e+00 3.060389506026574669e+00
4.477407788509763620e+00 -2.140826761204251749e+00 -5.233667120234317238e+00 -2.140826761204251749e+00 3.214233416558223144e+00 -3.739807105627541289e-02 -5.233667120234317238e+00 -3.739807105627541289e-02 -8.236917383474311904e+00
-3.095113159584697371e+01 -1.894624312650644793e+00 8.716140694372731090e+00 -1.894624312650644793e+00 -3.647267850897915054e+01 1.260910941373878380e+01 8.716140694372731090e+00 1.260910941373878380e+01 -3.273170070505685914e+01
1.155622938845267456e+01 -1.034063522513129207e+01 1.603282705553060183e-01 -1.034063522513129207e+01 -2.264481509128470904e+00 -1.205531060735726356e+00 1.603282705553060183e-01 -1.205531060735726356e+00 7.672607556353803204e+00
-3.705294483100098013e+00 -1.154343297275603497e+01 -1.075903585324281408e+01 -1.154343297275603497e+01 -3.753953668616213935e-01 5.461680277067875622e+00 -1.075903585324281408e+01 5.461680277067875622e+00 -3.895627932988653619e+00
-3.415858348632068608e+00 6.087652592439822818e+00 6.370333021509302363e+00 6.087652592439822818e+00 -5.367102304866016915e+00 -6.289369737799824556e+00 6.370333021509302363e+00 -6.289369737799824556e+00 -1.148375605610080008e+01
-3.232875603308524148e+01 6.760355602438463229e+00 3.218566091051919820e+00 6.760355602438463229e+00 -3.189258545844546688e+01 8.990954948303906846e+00 3.218566091051919820e+00 8.990954948303906846e+00 -1.834772797852647130e+01
2.916185210139721562e+01 2.994155868769515116e+00 2.712720551298147598e+00 2.994155868769515116e+00 3.211421020023237105e+01 7.605450327679664113e+00 2.712720551298147598e+00 7.605450327679664113e+00 2.480944168350774692e+00
