-4.746334301213746443e+00 -8.860252420499074022e-01 2.297978376375890974e+00 -8.860252420499074022e-01 -1.076248216647078149e+00 -3.254976326530821584e+00 2.297978376375890974e+00 -3.254976326530821584e+00 -3.669474394853915022e+00
8.592538925348004453e-01 6.684888659483044782e-01 5.781354167780947684e-01 6.684888659483044782e-01 1.042676071586917885e+00 4.770160451518992706e-01 5.781354167780947684e-01 4.770160451518992706e-01 -1.643647164716290465e+00
1.977522797999538895e+01 4.838025191098069833e+00 6.479688758230468082e+00 4.838025191098069833e+00 2.826203394746375608e+01 9.665126780930837214e-01 6.479688758230468082e+00 9.665126780930837214e-01 -7.646128408691431844e+00
2.113697767234167024e+00 1.110382117377936684e+00 1.481361592291236540e-01 1.110382117377936684e+00 3.548800899010007837e-01 6.597145972688830406e-01 1.481361592291236540e-01 6.597145972688830406e-01 -6.773802865504688353e-02
2.008579450000929911e-01 -4.185547350711708026e-01 4.052132990446529193e-01 -4.185547350711708026e-01 4.671059520404280185e+00 -3.169103872873432759e-01 4.052132990446529193e-01 -3.169103872873432759e-01 5.902022376812238846e+00
2.144202974083379942e+01 -2.244387561208180060e+00 8.024832537895163487e-01 -2.244387561208180060e+00 2.684244295882326625e+01 1.215415374577961671e+00 8.024832537895163487e-01 1.215415374577961671e+00 1.820613692378399406e+01
-1.769925577252114834e+01 -3.617369332227499346e+00 4.089250546367923178e+00 -3.617369332227499346e+00 -1.499660696643536717e+01 3.392902406314547648e+00 4.089250546367923178e+00 3.392902406314547648e+00 -1.614747889645485301e+01
7.644875180371482060e+00 2.430778524873866697e+00 9.256126719287348370e-02 2.430778524873866697e+00 8.782455713172470979e+00 3.856131769387675101e-01 9.256126719287348370e-02 3.856131769387675101e-01 1.081143689370235883e+01
-1.784094242349974024e+01 3.136425722037533337e+00 1.727301438371564579e+00 3.136425722037533337e+00 -2.303801345322779781e+01 4.563926986508315409e+00 1.727301438371564579e+00 4.563926986508315409e+00 -6.442862968445557392e+00
-3.157937700747035237e+01 -3.642627518115547858e+00 -4.169564174804520462e+00 -3.642627518115547858e+00 -3.330004090063107469e+01 4.225733853235102977e+00 -4.169564174804520462e+00 4.225733853235102977e+00 -9.360876284964398178e-03
2.019176305909960334e+00 -2.533915862825914189e+00 -3.532193590411016829e-03 -2.533915862825914189e+00 4.423437829169389879e+00 6.758688888722395871e-02 -3.532193590411016829e-03 6.758688888722395871e-02 -8.433240771421619819e-02
-1.071791042773335612e+01 -5.075035718697759712e+00 3.866366941562647597e+00 -5.075035718697759712e+00 -1.278859113892957211e+01 1.056597452611519827e+00 3.866366941562647597e+00 1.056597452611519827e+00 -5.752130899742510017e+00
-8.957189842590938866e+00 6.159308194765050537e+00 5.583331428499628046e+00 6.159308194765050537e+00 -8.581698048058747474e+00 -1.117882024338887392e+00 5.583331428499628046e+00 -1.117882024338887392e+00 3.452511932289663577e+00
-1.583482538965945885e+01 -2.069258431629693806e+00 3.823313244769692698e+00 -2.069258431629693806e+00 -2.712257635985195492e+01 3.893810062542000683e+00 3.823313244769692698e+00 3.893810062542000683e+00 6.181878325257512685e+00
-1.480701319318422193e+01 3.210366409082002992e+00 4.312845177582650957e-01 3.210366409082002992e+00 -2.127839345190834663e+01 1.618468118984715431e+00 4.312845177582650957e-01 1.618468118984715431e+00 -1.222673036243545575e+01
-1.383151295030669026e+00 -2.716776133542941007e+00 4.938815007142991043e+00 -2.716776133542941007e+00 -2.112124319673751138e+00 1.440451797894430230e+00 4.938815007142991043e+00 1.440451797894430230e+00 -1.175769132097578940e+01
-3.538762170830733189e-01 4.336152872395366842e+00 7.798683190734803095e-01 4.336152872395366842e+00 -2.356301615886860645e+01 1.795038407936709213e+00 7.798683190734803095e-01 1.795038407936709213e+00 -5.503335427991717932e-01
9.175883734882971376e-01 -1.324427186720862792e+00 -7.365801571716910912e-02 -1.324427186720862792e+00 -1.564100293195134439e+00 1.286066434221554422e+00 -7.365801571716910912e-02 1.286066434221554422e+00 -1.823468144652088119e-01
6.220127594541758675e+00 -2.935588274844056933e+00 4.052423029784826269e+00 -2.935588274844056933e+00 -4.911631579320155261e+00 1.462666894865078115e-01 4.052423029784826269e+00 1.462666894865078115e-01 -1.345030397504857689e+01
1.996564817181788953e+01 -3.919313496375169681e-01 5.231000715258553591e-01 -3.919313496375169681e-01 2.184914198959015863e+01 1.006056183235175538e+00 5.231000715258553591e-01 1.006056183235175538e+00 9.732930854208852622e+00
-6.533175716625455820e+00 2.595221383934565917e+00 -3.645584423674620989e-01 2.595221383934565917e+00 -1.112799178882928341e+00 1.240419196838895122e+00 -3.645584423674620989e-01 1.240419196838895122e+00 -1.430156865930504839e+00
-4.155381634879554476e+00 2.771925459269849679e+00 -2.318774893161039685e-01 2.771925459269849679e+00 -2.783785739291622097e+00 4.958542058307451872e-01 -2.318774893161039685e-01 4.958542058307451872e-01 6.860192788976401168e+00
-1.338892507091724227e+01 -1.271090230934345255e-01 -5.390077228882386162e-01 -1.271090230934345255e-01 -8.145402433819551646e+00 4.272399216039417524e-01 -5.390077228882386162e-01 4.272399216039417524e-01 -1.347722180441353679e+01
1.823990603715763381e+00 1.143225202847181876e+00 6.627436375916388123e+00 1.143225202847181876e+00 1.019289704922578288e+01 2.453233847762869679e+00 6.627436375916388123e+00 2.453233847762869679e+00 -4.555900453701742236e+00
3.451429630661314363e+00 -1.178968510364779343e+00 -2.415480916101643949e+00 -1.178968510364779343e+00 2.682292603742382209e+00 3.021001293278115174e+00 -2.415480916101643949e+00 3.021001293278115174e+00 -4.358528016308947706e+00
-6.502455677329895600e+00 -1.365871996113575459e+00 -1.812926789622458790e+00 -1.365871996113575459e+00 -1.359404592965705660e+01 -3.191220638399133169e-01 -1.812926789622458790e+00 -3.191220638399133169e-01 4.875620090876418011e+00
7.121455678291017222e+00 5.925450463218474573e-01 -1.001924867992308288e+00 5.925450463218474573e-01 1.955991153389935988e+01 -1.584940935538211360e+00 -1.001924867992308288e+00 -1.584940935538211360e+00 5.920670797075178626e+00
-5.139899313936081349e+00 -2.714067271833900286e+00 1.059575386198684743e+00 -2.714067271833900286e+00 -2.089773514733087811e+00 6.298602151109541913e-02 1.059575386198684743e+00 6.298602151109541913e-02 -1.327981798752700948e+00
-1.661316645910218881e+00 8.877795107175910916e-01 -4.327831747266760454e-01 8.877795107175910916e-01 4.028101383337006625e-01 -8.069958908947683085e-01 -4.327831747266760454e-01 -8.069958908947683085e-01 -3.799550237633572358e+00
-4.038828217168094703e+00 -5.872486464028427555e+00 2.182583376044261669e+00 -5.872486464028427555e+00 -2.865446663288205897e+01 2.381172824136035260e+00 2.182583376044261669e+00 2.381172824136035260e+00 -1.392278011310786034e+01
4.902410362120610543e+00 -3.725200726866569889e-01 -1.889635533978598902e-01 -3.725200726866569889e-01 4.270364940912824814e+00 6.299993503460612487e-01 -1.889635533978598902e-01 6.299993503460612487e-01 3.630297037657614467e+00
4.339376141874407899e+00 2.419245265144470913e+00 3.489858052399231969e+00 2.419245265144470913e+00 -5.110149664513207846e+00 6.750725616012521968e+00 3.489858052399231969e+00 6.750725616012521968e+00 -1.495856037454062593e+00
-5.932213891108346182e+00 5.031776503281809587e-01 2.455321231052059738e-01 5.031776503281809587e-01 -1.131570021277254234e+01 4.110541854528761085e+00 2.455321231052059738e-01 4.110541854528761085e+00 7.063258481435629399e+00
-2.930410217026530706e+00 6.268659204468534973e+00 -2.074391279919764131e+00 6.268659204468534973e+00 9.423700429804902912e-02 -6.000329334587894275e-02 -2.074391279919764131e+00 -6.000329334587894275e-02 6.643493262030556679e+00
-7.789540680232886594e+00 -1.777196727631996653e+00 1.334641293901679626e+00 -1.777196727631996653e+00 -7.202110869602810439e+00 3.793398394169214871e+00 1.334641293901679626e+00 3.793398394169214871e+00 -4.586647801026630056e+00
-1.784121695189891721e+00 5.693577350960856265e+00 -9.820747287614884913e-01 5.693577350960856265e+00 -5.419590952369476078e+00 7.680741606341680017e-01 -9.820747287614884913e-01 7.680741606341680017e-01 -1.837440942784450826e+01
9.779053941699215713e+00 -7.670322168843744848e+00 9.164059663249297216e+00 -7.670322168843744848e+00 5.548718911783872443e+00 -5.069507142821947809e+00 9.164059663249297216e+00 -5.069507142821947809e+00 -3.464352860589082206e-01
3.750044825894682354e+00 -1.967663390919194732e+00 7.838757286758547549e-01 -1.967663390919194732e+00 2.710670604225549618e-01 1.569507742765449798e+00 7.838757286758547549e-01 1.569507742765449798e+00 4.291840410415882268e+00
-1.686957160098265973e+01 -2.900657047421782986e-01 4.302614371103786750e-01 -2.900657047421782986e-01 -1.764194230472314828e+01 7.818635379194929236e-01 4.302614371103786750e-01 7.818635379194929236e-01 -3.671180730128466507e+01
-9.435328263811588734e-01 -1.451872704599950215e+00 1.593232660161241876e+00 -1.451872704599950215e+00 4.958422261865172764e+00 -3.659787811102400146e-01 1.593232660161241876e+00 -3.659787811102400146e-01 5.727089715164873418e+00
-9.656675440088918760e-01 -7.697151323524322741e-01 3.714649864188463990e-01 -7.697151323524322741e-01 2.456160877756259797e+00 -1.594722856052041449e+00 3.714649864188463990e-01 -1.594722856052041449e+00 -9.241614014185101089e-01
-2.861696421374061661e+00 5.435005874505445256e+00 -2.963626134937877299e-01 5.435005874505445256e+00 -1.090639313950250688e+01 -9.044461618402103997e-02 -2.963626134937877299e-01 -9.044461618402103997e-02 -2.385544301973167691e+00
-7.550444796447017826e-01 -1.998513347754394376e+00 1.362049326636559421e+00 -1.998513347754394376e+00 9.732971066697970741e+00 9.773611463235744035e-01 1.362049326636559421e+00 9.773611463235744035e-01 -3.342414881030788987e+00
-1.666627833608606224e+00 1.921001839261651911e+00 4.106064418039499841e+00 1.921001839261651911e+00 1.027363095712167329e+01 -1.624236672747321863e+00 4.106064418039499841e+00 -1.624236672747321863e+00 -5.921803887990741977e+00
-1.408742173950458110e+01 -2.073871101886523682e+00 2.229895303867766465e+00 -2.073871101886523682e+00 -1.735039148657114438e+01 4.183585187538619299e-01 2.229895303867766465e+00 4.183585187538619299e-01 -2.530647697403229657e+01
-7.314078517382765376e+00 7.634254064512920879e-01 5.116172249616985468e+00 7.634254064512920879e-01 6.383961467995831640e+00 3.471140283272724059e+00 5.116172249616985468e+00 3.471140283272724059e+00 -7.110359727388058104e+00
8.551647963762974314e+00 4.977244030105706374e-01 -6.541310300076645934e-01 4.977244030105706374e-01 1.055498291942057421e+01 -2.254362108792684893e-01 -6.541310300076645934e-01 -2.254362108792684893e-01 8.516003148003902012e+00
6.736477867219901050e+00 3.003688541907532539e+00 -1.193119187223980582e+00 3.003688541907532539e+00 6.790098432461715738e+00 -8.188098811615461825e-01 -1.193119187223980582e+00 -8.188098811615461825e-01 9.122551267846896295e+00
1.114286074242255076e+01 -5.075938513156087240e+00 2.298522392186433727e+00 -5.075938513156087240e+00 -6.595576928215109547e+00 -4.123533385919817995e+00 2.298522392186433727e+00 -4.123533385919817995e+00 -6.541367233329753006e+00
8.351216393093107371e+00 9.522558940396878835e-02 -2.473329933657533730e-01 9.522558940396878835e-02 1.434130392668484788e+01 4.069462775051015113e-02 -2.473329933657533730e-01 4.069462775051015113e-02 1.254469267639052532e+01
