2.434208594483467181e+01 -4.002005705044005546e-01 5.189133393596191413e-01 -4.002005705044005546e-01 2.298974022850575594e+01 1.671399535764655608e+00 5.189133393596191413e-01 1.671399535764655608e+00 3.239829041861872128e+01
-2.120490172681111218e+01 -1.031673301161280865e+00 3.224905802053566362e+00 -1.031673301161280865e+00 -2.638127994804055376e+01 -1.418894567942831364e-01 3.224905802053566362e+00 -1.418894567942831364e-01 -3.342543223888728221e+01
-6.570791015092029674e+00 9.350994859703920525e-01 7.053366811670658265e-01 9.350994859703920525e-01 -1.137618870225483469e+01 2.514898736099536514e+00 7.053366811670658265e-01 2.514898736099536514e+00 -3.337929105649022787e+00
1.819511321624585420e+01 4.412630688856863159e+00 9.924665940783392593e-01 4.412630688856863159e+00 -5.365419368259848554e+00 4.244218831618814747e+00 9.924665940783392593e-01 4.244218831618814747e+00 -7.670176166019239794e+00
2.040647055000554033e+01 -2.066500525358923035e+00 -5.747846710314569174e-01 -2.066500525358923035e+00 1.765849375396895837e+01 5.988037558151527051e+00 -5.747846710314569174e-01 5.988037558151527051e+00 1.839108429689885682e+01
4.486593912752447011e+00 -2.157170618116576843e+00 -9.081767823221006397e-01 -2.157170618116576843e+00 1.036972063377645981e+01 2.370397669981038735e+00 -9.081767823221006397e-01 2.370397669981038735e+00 -1.465123297494459464e+01
-2.547088329298553333e+00 -2.446737010485326547e+00 4.058858702410103048e-01 -2.446737010485326547e+00 2.200849730229476720e+01 -4.835499686021206500e+00 4.058858702410103048e-01 -4.835499686021206500e+00 2.715226101969616934e+01
4.441597816932904230e+00 4.892900937524636423e-02 8.979037654280821457e-01 4.892900937524636423e-02 1.646890021231550350e+01 -1.044902883876445143e+00 8.979037654280821457e-01 -1.044902883876445143e+00 1.395281798204051249e+01
8.309506161522144385e-01 2.515372955384130305e-01 -1.711634851055096496e+00 2.515372955384130305e-01 -2.447639467774218147e+00 1.449010714022629154e+00 -1.711634851055096496e+00 1.449010714022629154e+00 -2.424952920875597773e+00
-3.432439509036347425e-01 4.290395755537244504e+00 1.624268813857147498e+00 4.290395755537244504e+00 6.955650168331136696e-01 5.117616468369237115e-01 1.624268813857147498e+00 5.117616468369237115e-01 4.671592367483046182e+00
1.295876020680388940e+01 -1.531307108741752909e+00 -1.495274171316670397e+00 -1.531307108741752909e+00 2.911900936951654728e+01 -7.769999554387378993e-01 -1.495274171316670397e+00 -7.769999554387378993e-01 3.782535085612150993e+01
-5.643821436159331739e+00 3.621529715201994293e+00 -7.690902513136882446e-02 3.621529715201994293e+00 -1.747245738698544715e+00 7.571859756142995668e-01 -7.690902513136882446e-02 7.571859756142995668e-01 -9.087842342411699192e+00
-1.844184999899636024e+00 -8.644628730801288796e+00 -7.441802496183953508e+00 -8.644628730801288796e+00 -9.811678268155262117e+00 -1.515823761878940745e+00 -7.441802496183953508e+00 -1.515823761878940745e+00 -1.294511967067715652e+01
9.473446735925648454e+00 8.072647634940347539e-01 -9.084390865848327223e+00 8.072647634940347539e-01 -1.204668708721901282e+01 1.190042468070796566e+01 -9.084390865848327223e+00 1.190042468070796566e+01 -3.309847336345293378e+00
-7.092225002054459715e+00 -3.499636488108897492e+00 -2.340679160325983332e+00 -3.499636488108897492e+00 -1.007913685297711837e+01 3.504480774721858705e+00 -2.340679160325983332e+00 3.504480774721858705e+00 -1.875967109776713926e+01
1.481492568096267348e+01 6.157756325992819413e+00 3.022877331895530428e+00 6.157756325992819413e+00 2.450534928799548151e+00 1.300529375825011691e+01 3.022877331895530428e+00 1.300529375825011691e+01 6.449935676580294874e+00
-9.404284213227905198e+00 -2.667022160430782218e+00 -6.392871629344886175e-01 -2.667022160430782218e+00 -1.566887080935044807e+01 4.273778763355289834e-01 -6.392871629344886175e-01 4.273778763355289834e-01 -5.349286370692348136e+00
-3.238956474565846122e+01 6.104252648290614536e-01 -1.108212343229217023e+00 6.104252648290614536e-01 -3.478720051735811580e+01 3.732240940141097862e+00 -1.108212343229217023e+00 3.732240940141097862e+00 -7.532983148301862109e+00
-3.416967441908401071e+01 1.427906818762277874e-01 -1.399343700592636131e+00 1.427906818762277874e-01 -3.719157111818343964e+01 3.892363143020657557e+00 -1.399343700592636131e+00 3.892363143020657557e+00 -1.221378312114074660e+01
1.172139281525350185e+01 -2.497100231557572325e+00 9.104899231384719904e-01 -2.497100231557572325e+00 1.621780204806366754e+01 -4.820839766475514820e-01 9.104899231384719904e-01 -4.820839766475514820e-01 6.090318459390021033e+00
-2.924438626011094833e+00 -4.911482336216572153e-01 8.291514873370896543e-01 -4.911482336216572153e-01 -1.640415447396503623e+01 3.595778779885907550e+00 8.291514873370896543e-01 3.595778779885907550e+00 -2.107541641435936342e+01
1.857192316873852533e+01 -1.659257909876209025e+00 1.574978702451759638e+00 -1.659257909876209025e+00 -1.474116793485047339e+01 2.819318953810979966e+00 1.574978702451759638e+00 2.819318953810979966e+00 1.278044746435773149e+01
-4.197494131737051215e-01 4.815874856610458110e-01 1.582725709353603127e+00 4.815874856610458110e-01 -3.546422567907189016e+00 -6.907843997892999965e+00 1.582725709353603127e+00 -6.907843997892999965e+00 -1.564036187693657531e+01
-1.579603117564549963e+00 -1.356348694629794016e+00 -1.045605487042269965e+00 -1.356348694629794016e+00 3.314393031468449546e+00 -3.138217722711531543e-01 -1.045605487042269965e+00 -3.138217722711531543e-01 3.194663533692751578e+00
-9.593417531866931469e+00 -2.213287306224584139e+00 -2.265165792756667962e+00 -2.213287306224584139e+00 1.379533784512201988e+00 -2.102173177282539385e+00 -2.265165792756667962e+00 -2.102173177282539385e+00 -1.719579277974595399e+01
1.007656336802062036e+01 -2.055571839568091086e+00 -1.821112176960926421e+00 -2.055571839568091086e+00 -2.640221505405788260e+00 9.311475379303295608e-01 -1.821112176960926421e+00 9.311475379303295608e-01 3.077757715947971651e+00
1.552208633614497657e+01 3.285817737594414756e-01 2.257003513601441913e+00 3.285817737594414756e-01 -1.377453369555727036e+01 6.894032863147849355e+00 2.257003513601441913e+00 6.894032863147849355e+00 -1.388126803042261326e+00
1.641728716988618686e+01 2.505030691279596322e+00 4.843342999506006663e+00 2.505030691279596322e+00 9.574922917771065300e+00 -1.890544305574770378e+00 4.843342999506006663e+00 -1.890544305574770378e+00 -1.371447400195751420e+01
-1.482297069136294887e+00 -4.148165755961928269e+00 -3.013084970519859240e+00 -4.148165755961928269e+00 -1.167256384108940814e+01 1.951684813524757756e+00 -3.013084970519859240e+00 1.951684813524757756e+00 -6.995357790205822823e+00
2.212365216610298546e+01 1.882661587821929494e+00 -4.918538929102846124e-02 1.882661587821929494e+00 2.155528160966212781e+01 1.540169894122145111e+00 -4.918538929102846124e-02 1.540169894122145111e+00 -1.818387317847745432e+00
-9.838637552847030676e+00 -3.116819453975628207e+00 2.653795241516990089e+00 -3.116819453975628207e+00 2.081702370308020633e+00 3.902660311716307007e+00 2.653795241516990089e+00 3.902660311716307007e+00 -5.972488059517360171e+00
-5.479421228928910814e+00 3.075770366024650926e+00 1.037293944407884805e+00 3.075770366024650926e+00 -5.590160170442161736e+00 2.676599874418372327e+00 1.037293944407884805e+00 2.676599874418372327e+00 -2.295428978355434779e+01
1.186334793412435928e+01 -1.040418866714869273e+00 3.929181276540815171e-01 -1.040418866714869273e+00 9.674614613235752003e+00 1.444998305896184332e-01 3.929181276540815171e-01 1.444998305896184332e-01 4.207595591415264380e+01
-3.279744395077893504e+00 2.534008935196667256e+00 1.301439627012418443e+00 2.534008935196667256e+00 -2.700542774567955107e+01 6.976534508028835901e+00 1.301439627012418443e+00 6.976534508028835901e+00 -2.772243545636220219e+01
-1.142821818444477167e+01 -5.762881324836917063e-01 4.596462960746395154e+00 -5.762881324836917063e-01 4.757335521714854409e-01 -3.706925959201508469e+00 4.596462960746395154e+00 -3.706925959201508469e+00 -3.787462412771498066e+01
-3.008593064231061209e+00 3.601041862152113970e-01 -4.207349544290883259e+00 3.601041862152113970e-01 -7.766263263306764308e+00 8.056051219226642246e+00 -4.207349544290883259e+00 8.056051219226642246e+00 -1.591552831119775213e+01
-5.844833736738173968e+00 3.362333989526930189e+00 6.052335369674050058e-01 3.362333989526930189e+00 -6.233682264184102984e+00 1.822551921105890038e+00 6.052335369674050058e-01 1.822551921105890038e+00 -1.548052939317319421e+01
1.810149051163530309e+00 6.599208975481088979e-01 1.795277428684391774e+00 6.599208975481088979e-01 -7.350539901125309861e+00 4.473900538371468727e+00 1.795277428684391774e+00 4.473900538371468727e+00 -2.671400153395216304e+00
-9.297946927233038950e-02 -9.410560898639560579e-01 2.356664954336872508e+00 -9.410560898639560579e-01 -1.007812171189755190e+01 5.523542441296050320e+00 2.356664954336872508e+00 5.523542441296050320e+00 -2.271775154937363794e+01
-9.649771939119615283e+00 -5.042092900545006584e-01 -1.247458296607996342e+00 -5.042092900545006584e-01 -4.836894529776551543e+00 1.227056303285012806e+00 -1.247458296607996342e+00 1.227056303285012806e+00 3.638984601948697328e+00
2.671995909389166091e+00 -2.224968775668443310e+00 -2.410639964207212049e+00 -2.224968775668443310e+00 3.424032208273482869e+00 2.417968589626695586e+00 -2.410639964207212049e+00 2.417968589626695586e+00 -1.833148797658001428e+01
-3.828462698391881691e+00 4.458188762742084088e-01 5.349865091991330701e-02 4.458188762742084088e-01 -1.689004174652089318e+01 6.708635348022574441e+00 5.349865091991330701e-02 6.708635348022574441e+00 -8.520402157726223891e+00
-2.946266427337882021e+01 3.773510812733571473e+00 1.875942243683950128e+00 3.773510812733571473e+00 -1.730129753710748020e+01 2.657089761931504257e-01 1.875942243683950128e+00 2.657089761931504257e-01 -1.429862893159702608e+01
-7.280757220764523474e+00 -2.265677619519335995e+00 -1.201496430381247205e+00 -2.265677619519335995e+00 -5.788046917915727008e+00 -2.624604217294426167e+00 -1.201496430381247205e+00 -2.624604217294426167e+00 -7.646107197795652510e+00
1.617563525634890098e+01 8.846290566734137384e-01 -1.361714163267405020e+00 8.846290566734137384e-01 1.030214857923323990e+01 6.796221139150859791e+00 -1.361714163267405020e+00 6.796221139150859791e+00 -3.515966443415599052e+00
-1.047371511623562590e+01 -3.020764326679696410e+00 -1.462036098309192234e+00 -3.020764326679696410e+00 1.559161762653394234e+00 -5.873769532516830871e+00 -1.462036098309192234e+00 -5.873769532516830871e+00 1.266635903771130245e+01
-2.090085907529385167e+01 4.010503129448615312e+00 2.991409914646443458e+00 4.010503129448615312e+00 -2.658897440168849968e+01 3.374288863592910026e+00 2.991409914646443458e+00 3.374288863592910026e+00 -3.017981465080634251e+01
6.810396959950137052e+00 4.116771156616858107e+00 -1.057378921278436801e+00 4.116771156616858107e+00 -5.186992890462896355e+00 1.083317324076065624e+01 -1.057378921278436801e+00 1.083317324076065624e+01 -2.148455049401989569e+01
-8.583008683730611210e+00 3.946574465149237376e+00 2.690217536625227002e+00 3.946574465149237376e+00 -1.091665614054355693e+01 2.120232796768123595e+00 2.690217536625227002e+00 2.120232796768123595e+00 -2.008090941608758584e+01
-1.260764971383787847e+00 3.973160587700118818e+00 4.047592455761633623e+00 3.973160587700118818e+00 -7.274318545094812016e+00 2.158857503731426153e+00 4.047592455761633623e+00 2.158857503731426153e+00 3.517245596970074439e-01
