-2.595019067212528618e+00 2.509562242942520172e+00 4.065679670475667029e-01 2.509562242942520172e+00 -1.532887429665100676e+01 4.900559085173594731e+00 4.065679670475667029e-01 4.900559085173594731e+00 -6.779701349360009566e+00
6.209354964428535073e-01 4.287407871807964455e+00 3.735883183253582818e+00 4.287407871807964455e+00 -1.038947525243228753e+00 -3.292742873813647719e+00 3.735883183253582818e+00 -3.292742873813647719e+00 -1.528829983755450428e+01
2.912423936889628351e+01 -2.476280404563705240e+00 -2.296754713139730342e+00 -2.476280404563705240e+00 3.277211718421435904e+01 -3.057639581203460133e-01 -2.296754713139730342e+00 -3.057639581203460133e-01 2.400091420691387967e+01
2.343261841119101685e-01 -3.242454298393011580e+00 -4.864079918294255123e+00 -3.242454298393011580e+00 -6.336201639752985670e+00 -3.056240275662425177e+00 -4.864079918294255123e+00 -3.056240275662425177e+00 1.662439183956831101e+01
4.686062805371050644e+01 -7.336664437128344041e+00 -4.463318511682847323e+00 -7.336664437128344041e+00 3.319591984438636700e+01 4.543221636011447906e+00 -4.463318511682847323e+00 4.543221636011447906e+00 3.317076635464345458e+01
-5.482982585035874656e+00 -1.977682321640532370e+00 -2.761799561857746887e+00 -1.977682321640532370e+00 -2.735495090752603886e+00 -1.612513398153716082e+00 -2.761799561857746887e+00 -1.612513398153716082e+00 -1.517521149746414544e+01
5.868034174793527846e+00 1.234409469288881311e+01 4.655541161655434856e-01 1.234409469288881311e+01 2.657856452843297745e+01 8.098144912098277637e-02 4.655541161655434856e-01 8.098144912098277637e-02 2.353823530166885547e+01
-3.049580662905385253e+01 5.498697025766255742e+00 4.539341281227605052e+00 5.498697025766255742e+00 -8.481346726249665124e+00 -7.602250777463729570e+00 4.539341281227605052e+00 -7.602250777463729570e+00 1.837596563942169681e+01
1.083938895472206809e+01 4.792654554512791598e-02 -1.426747466403594844e+00 4.792654554512791598e-02 8.014683763079686329e+00 4.754506605284255727e+00 -1.426747466403594844e+00 4.754506605284255727e+00 1.231108597811926764e+01
-2.281357831626236177e+01 -3.105693757203261018e+00 -6.441589590807295096e+00 -3.105693757203261018e+00 2.834164410668737685e-02 -3.091794640167799813e+00 -6.441589590807295096e+00 -3.091794640167799813e+00 2.268390475419339936e+01
2.065141492055398231e+01 4.145333374476959598e+00 -5.571370938702550069e-01 4.145333374476959598e+00 6.425076592714596302e+00 1.869874330656905670e+00 -5.571370938702550069e-01 1.869874330656905670e+00 -1.232007281708110646e+01
-2.686540151777355590e+01 1.035310624061860807e+00 2.560394984944586838e+00 1.035310624061860807e+00 3.511416566254913274e+00 -8.846145973521702288e+00 2.560394984944586838e+00 -8.846145973521702288e+00 5.245288205098507461e+00
-8.555828955528095747e+00 -2.225779528384721484e+00 3.873043019919419905e+00 -2.225779528384721484e+00 5.117541240146002979e-01 -2.705975657434010362e+00 3.873043019919419905e+00 -2.705975657434010362e+00 -2.651722932487293960e+01
1.008101268522160510e+01 1.642066301213292515e-02 2.792344976048237282e+00 1.642066301213292515e-02 -1.098349421587748864e+01 4.412725125908429358e-01 2.792344976048237282e+00 4.412725125908429358e-01 -1.107030029533428461e+01
-2.285388438482405604e+01 -4.776910373149169109e-01 -2.138331832284637302e-01 -4.776910373149169109e-01 -3.746753954438566403e+00 -8.927051673462885972e+00 -2.138331832284637302e-01 -8.927051673462885972e+00 5.015493229600411773e+00
3.043555086031701151e+01 7.006402366598582176e+00 1.072805121425913916e-01 7.006402366598582176e+00 2.354877687569209499e+01 1.825842461706790543e+00 1.072805121425913916e-01 1.825842461706790543e+00 1.869620052128204435e+01
-1.264735815203260039e+01 -2.625712940536419460e+00 -2.568669467746310886e+00 -2.625712940536419460e+00 -4.529945873731364259e+00 -2.057860820727984041e+00 -2.568669467746310886e+00 -2.057860820727984041e+00 1.696520617071816517e+01
4.145348072053138822e+01 5.155119295463080897e-01 -3.830754475023388395e+00 5.155119295463080897e-01 4.780936477713640897e+01 2.303284358534726017e+00 -3.830754475023388395e+00 2.303284358534726017e+00 4.123151839955389875e+01
-5.152566395416820377e+00 -6.896436003064718712e+00 -4.327853186942978603e+00 -6.896436003064718712e+00 -3.028110694066181274e+00 7.197773701587201201e-01 -4.327853186942978603e+00 7.197773701587201201e-01 1.291735500351570032e+00
1.939440382829657850e+01 -7.719741735324658904e-01 -3.460733675123507158e+00 -7.719741735324658904e-01 2.059276667088454005e+01 -5.114867949803099556e+00 -3.460733675123507158e+00 -5.114867949803099556e+00 1.023917380707336733e+01
3.270757118996951363e+01 -1.676991506325997972e-01 1.480089379084035539e-01 -1.676991506325997972e-01 4.433904857852878223e+01 -2.736732394132201041e+00 1.480089379084035539e-01 -2.736732394132201041e+00 2.191084099040161348e+01
-1.770962760049151541e+01 5.075096283899683813e-01 5.466666602323190238e-01 5.075096283899683813e-01 -2.773845975440264766e+01 4.078744289429915959e+00 5.466666602323190238e-01 4.078744289429915959e+00 -2.127830928559714607e+01
-1.574546559755496489e+01 -5.350719048951622092e+00 -7.563508667808652497e+00 -5.350719048951622092e+00 -2.496994867655036998e+01 7.677530626647655509e+00 -7.563508667808652497e+00 7.677530626647655509e+00 -3.139974833791965025e+01
-3.778354057915469522e-01 -3.443359631146868605e+00 -4.647811437328385753e-01 -3.443359631146868605e+00 7.497414809545865921e-01 -1.544246277690442648e+00 -4.647811437328385753e-01 -1.544246277690442648e+00 -2.840531983316924691e+00
-1.466746192661351778e+01 -5.948548857848448890e+00 -4.959206295302833745e+00 -5.948548857848448890e+00 -2.514010420705669269e+00 -1.750223761093693486e+00 -4.959206295302833745e+00 -1.750223761093693486e+00 -4.390335916299444641e+00
-4.156254859926298728e+00 9.492793815009926917e+00 5.004978268303083233e+00 9.492793815009926917e+00 -3.945195856397552880e+00 -1.613180368811998777e+00 5.004978268303083233e+00 -1.613180368811998777e+00 -2.048352290980761836e+01
6.717166502881090295e+00 -2.950899265623403434e+00 -1.414718936630122270e+00 -2.950899265623403434e+00 -1.402606683163105750e+01 1.071892790515888017e+01 -1.414718936630122270e+00 1.071892790515888017e+01 -2.558742121110611478e+01
-1.435839041734742949e+01 -3.621249547688423220e+00 -1.665320599659568801e+00 -3.621249547688423220e+00 -1.782069900775273652e+01 -1.516594658477960378e+00 -1.665320599659568801e+00 -1.516594658477960378e+00 -1.153654849049168973e+01
1.294566601655281168e+01 -5.067188838046859267e+00 -1.015987553762252382e+01 -5.067188838046859267e+00 3.522350757950619471e+00 3.733330651410626366e+00 -1.015987553762252382e+01 3.733330651410626366e+00 -8.519469792307738931e-01
-8.154049321382796478e+00 6.033436805019888327e-01 -5.629565230922995767e+00 6.033436805019888327e-01 -2.555231111641164343e+00 -2.503766232867321140e+00 -5.629565230922995767e+00 -2.503766232867321140e+00 -1.724342508216122738e+01
-1.838772260652147494e+01 -1.698278394352208620e+00 1.580111034858246777e+00 -1.698278394352208620e+00 -1.431079393493072160e+01 -5.130751126689392372e+00 1.580111034858246777e+00 -5.130751126689392372e+00 2.210418701964781718e+01
8.156806775739855908e+00 1.248125624375558473e+01 9.833653678622052752e+00 1.248125624375558473e+01 -1.219219513109944053e+01 5.162133554435572869e+00 9.833653678622052752e+00 5.162133554435572869e+00 -1.434630450986606753e+01
-1.390642332871541775e+01 -4.438645157302007149e+00 -1.492059280939671106e+00 -4.438645157302007149e+00 -2.116307735825368042e+01 3.796723077225994114e+00 -1.492059280939671106e+00 3.796723077225994114e+00 -2.573879979188519940e+01
-2.257524660135191041e+01 1.742067093502958075e+00 -5.631874673240805151e+00 1.742067093502958075e+00 -1.623987624031300214e+01 -3.637079558845269234e-01 -5.631874673240805151e+00 -3.637079558845269234e-01 -3.370632424135474281e+01
-1.478314836816521449e+01 8.686392647148947432e+00 5.567698055624719977e+00 8.686392647148947432e+00 2.766502299431681067e+01 -1.104173988290076558e+01 5.567698055624719977e+00 -1.104173988290076558e+01 9.972456647953420017e+00
8.297089984747088920e+00 2.964933229641691259e+00 3.661678443789377013e+00 2.964933229641691259e+00 -9.186905970338504090e+00 3.976159954824120657e+00 3.661678443789377013e+00 3.976159954824120657e+00 -1.259767547420251255e+01
1.074310022105221663e+01 -6.532466608349507986e+00 -3.327939081420906664e+00 -6.532466608349507986e+00 3.967762392018807649e+00 -3.028296597054544570e+00 -3.327939081420906664e+00 -3.028296597054544570e+00 -3.408781931231362705e+01
3.184953351091740004e+01 2.912902460142108296e+00 2.365486340302250134e+00 2.912902460142108296e+00 1.552388614579217396e+01 6.054046281526085593e+00 2.365486340302250134e+00 6.054046281526085593e+00 4.146416307239505272e+00
-6.304980308129352728e+00 1.148991844759698822e+01 5.252791320375731488e+00 1.148991844759698822e+01 -8.591046090317263406e+00 4.997105271552404027e+00 5.252791320375731488e+00 4.997105271552404027e+00 2.947948572030710146e+00
3.110247540924471821e+01 -1.028962863434736086e+00 -2.597524106736712302e+00 -1.028962863434736086e+00 3.658551263291420241e+01 -3.193565915439090297e+00 -2.597524106736712302e+00 -3.193565915439090297e+00 6.644453081818943119e+00
-2.556831759736938547e+00 4.414463873866332655e+00 -3.723897191034019616e-01 4.414463873866332655e+00 -1.275232093841178305e+01 -9.440292507005152434e-01 -3.723897191034019616e-01 -9.440292507005152434e-01 4.000508385051013249e+00
3.239560755368622580e+01 3.753648399903064092e+00 3.016396498134234605e+00 3.753648399903064092e+00 7.424729906747145947e+00 5.118850818996186547e+00 3.016396498134234605e+00 5.118850818996186547e+00 2.033845303561735207e+01
-2.968875104281685040e+01 2.066968540982876412e+00 2.837069850258604475e+00 2.066968540982876412e+00 -2.281806930853574400e+01 -6.140086746423765618e+00 2.837069850258604475e+00 -6.140086746423765618e+00 -2.184084549286704657e+01
6.007739815069058631e-01 3.867437589337880066e+00 -5.963993095922434762e+00 3.867437589337880066e+00 -1.598812282451626432e+00 2.505954674864613985e+00 -5.963993095922434762e+00 2.505954674864613985e+00 -1.210044006600312905e+01
-1.147345572876549369e+01 4.704710497186157525e+00 2.312700767076762975e+00 4.704710497186157525e+00 1.150371140391240221e+00 -1.814811892033410867e+00 2.312700767076762975e+00 -1.814811892033410867e+00 -4.143469837678105172e+00
2.458869236306214390e+01 -3.713560054010096145e+00 -5.103172799352777567e+00 -3.713560054010096145e+00 2.824620474699491268e+01 7.842891115415066006e-01 -5.103172799352777567e+00 7.842891115415066006e-01 2.646855342979493386e+01
-1.495957231059769299e+01 1.055605513159804998e+00 9.372566960543484704e-01 1.055605513159804998e+00 -1.233609139126770415e+01 2.217281883342078874e+00 9.372566960543484704e-01 2.217281883342078874e+00 -9.025568649858284331e+00
-2.520904111607366360e+01 -2.708519337038931329e+00 -7.301852584303928140e+00 -2.708519337038931329e+00 -3.352752187315063281e+01 5.228811470388281535e+00 -7.301852584303928140e+00 5.228811470388281535e+00 -9.767974133101347434e+00
-2.277263697762012029e+01 4.336015296240461225e+00 6.103754770617404901e+00 4.336015296240461225e+00 -1.282853380612922400e+01 3.902830881685061648e+00 6.103754770617404901e+00 3.902830881685061648e+00 -5.387012044325430793e+00
7.712096595909843089e+00 8.108150846321953154e+00 9.087081935696549095e+00 8.108150846321953154e+00 -3.075098000542689114e+00 2.435435138111993414e+00 9.087081935696549095e+00 2.435435138111993414e+00 -6.215972990491908767e+00
