2.963390234217606434e+01 6.030099604891703713e+00 6.278402062091774649e-01 6.030099604891703713e+00 1.812841249765037333e+01 3.690888404729029126e+00 6.278402062091774649e-01 3.690888404729029126e+00 2.667932963793389067e+00
4.401546322953181267e+00 1.723405501741877677e+00 4.942297617648307440e-01 1.723405501741877677e+00 -3.414402456274177933e+00 2.182016886817509604e+00 4.942297617648307440e-01 2.182016886817509604e+00 -6.502983893117667336e+00
1.621287558865705947e+01 2.576735667788308426e+00 3.372531894515892859e+00 2.576735667788308426e+00 3.523848324590090897e+00 -1.021706391657572599e+00 3.372531894515892859e+00 -1.021706391657572599e+00 7.197021471173221663e+00
1.623573554880833569e+01 2.080641561969451270e-01 7.760881948359003024e-01 2.080641561969451270e-01 8.803322118875176461e-01 -8.982663939552473220e-01 7.760881948359003024e-01 -8.982663939552473220e-01 -6.912177017859779227e+00
2.034318612149434813e+01 -5.429999373279000174e+00 -4.586854242502925949e+00 -5.429999373279000174e+00 -1.499436329459159500e+00 6.971141586053365202e+00 -4.586854242502925949e+00 6.971141586053365202e+00 6.076957786884556789e+00
-2.962363282960858868e+01 5.531945558349553593e+00 4.340266023182668409e-01 5.531945558349553593e+00 -1.751593090117302864e+01 -2.294332393635075906e+00 4.340266023182668409e-01 -2.294332393635075906e+00 -1.159433167376984031e+01
1.366132487665915285e+01 5.113137458502480470e+00 4.899501940047843895e+00 5.113137458502480470e+00 1.978047008081219360e+01 -4.434621486954951619e-01 4.899501940047843895e+00 -4.434621486954951619e-01 2.147769862485703385e+01
-1.735683907252461466e+01 2.711605064500563156e+00 3.827038081891692478e+00 2.711605064500563156e+00 1.237634486359365837e+01 -6.527688808051474112e+00 3.827038081891692478e+00 -6.527688808051474112e+00 -2.148335053873871026e+00
1.161465033205986508e+01 2.378504640657514990e-01 -3.182838018417185055e-01 2.378504640657514990e-01 1.764630849014456260e+01 -3.541874112518646478e-01 -3.182838018417185055e-01 -3.541874112518646478e-01 2.448298948668129427e+01
2.370678763097380326e+01 3.499461342559172294e+00 4.270128525672609143e+00 3.499461342559172294e+00 3.093317941072069743e+01 -1.787256207534549057e+00 4.270128525672609143e+00 -1.787256207534549057e+00 -2.014826579587241095e+00
-3.213375303046213816e+01 5.987712089936980675e+00 1.049537405298999637e+00 5.987712089936980675e+00 -2.835747919199948086e+01 4.437677787613309555e+00 1.049537405298999637e+00 4.437677787613309555e+00 6.585492058414516237e+00
-3.162643677657910501e+01 -1.414353156092067687e+00 5.603830673880083602e+00 -1.414353156092067687e+00 -1.703090173709265898e+01 5.303588380606063524e+00 5.603830673880083602e+00 5.303588380606063524e+00 -9.460169517664748895e+00
2.784084008449615411e+01 -7.839306278726690280e+00 -4.800650091195212354e+00 -7.839306278726690280e+00 1.916101859769580429e+01 4.003825950469122041e+00 -4.800650091195212354e+00 4.003825950469122041e+00 2.649893557204663352e+01
-6.033014618211824498e+00 2.535322839104817039e+00 2.634868110831066979e+00 2.535322839104817039e+00 -1.041068134191644567e+01 -2.175394570937593253e-01 2.634868110831066979e+00 -2.175394570937593253e-01 -3.698500556874024348e+00
-6.259197909620377587e+00 -4.701939001427727582e+00 7.586960440158743602e+00 -4.701939001427727582e+00 1.900516606739054382e+01 1.523307824440574221e+00 7.586960440158743602e+00 1.523307824440574221e+00 2.594693965323215323e+01
1.478847525839397292e+01 -5.218660222681435812e+00 -3.692065524496226825e+00 -5.218660222681435812e+00 1.722916630507951652e+01 -1.320705504901528160e+00 -3.692065524496226825e+00 -1.320705504901528160e+00 1.225158902346955081e+01
-3.665556366574051594e+01 -1.270716677714325948e+00 4.865642449195879848e+00 -1.270716677714325948e+00 -1.591792896771772448e+01 3.012273656748469364e+00 4.865642449195879848e+00 3.012273656748469364e+00 -2.061163459189718239e+01
-1.084332672195585046e+00 1.485981363117211962e-01 1.908741914672988038e+00 1.485981363117211962e-01 1.180772911290725258e+00 -1.518977184349633358e+00 1.908741914672988038e+00 -1.518977184349633358e+00 1.516753457271979322e+01
1.514815076132241956e+01 1.037762795049421527e+01 5.516725365134366399e+00 1.037762795049421527e+01 1.811014874369708494e+01 -1.738980495853553965e+00 5.516725365134366399e+00 -1.738980495853553965e+00 2.868681099176667715e+01
2.396760122595698661e+01 4.343273280159263727e+00 1.520820712720163614e+00 4.343273280159263727e+00 1.989740263596795700e+01 5.152986099360697958e-01 1.520820712720163614e+00 5.152986099360697958e-01 1.022422812763237765e+01
4.309353357818966224e+00 -4.387344770536086180e+00 -1.945416102210177245e+00 -4.387344770536086180e+00 2.023834630847941085e+01 1.888773644373255012e-01 -1.945416102210177245e+00 1.888773644373255012e-01 8.032132664365333241e+00
-3.121186470163482696e+01 3.342121593987882111e+00 1.368547883661551001e+00 3.342121593987882111e+00 -3.200661277797122750e+01 1.982574442985863827e+00 1.368547883661551001e+00 1.982574442985863827e+00 3.598606511537517649e-01
3.443554652084195311e+00 -8.110200538671465953e-01 -6.744335247445725212e-01 -8.110200538671465953e-01 2.262102358959166837e-01 -3.338357371328679601e+00 -6.744335247445725212e-01 -3.338357371328679601e+00 -6.476632727146481194e+00
2.846798194673674587e+01 4.317971556060427041e+00 -1.611668416651575342e+00 4.317971556060427041e+00 1.590461013088791908e+01 2.152233920398660683e+00 -1.611668416651575342e+00 2.152233920398660683e+00 -2.087205374800275681e+00
4.832801723119410298e+01 8.852388571080763713e-01 5.089200461700804645e+00 8.852388571080763713e-01 2.093213751730715444e+01 1.014213820483541895e+01 5.089200461700804645e+00 1.014213820483541895e+01 3.431841887873576269e+01
4.280519721543367240e+00 5.223395660161295417e+00 5.232716242596254119e+00 5.223395660161295417e+00 4.503343121915042602e+00 -2.412158286509292981e+00 5.232716242596254119e+00 -2.412158286509292981e+00 -5.167094367522337528e+00
1.269282151966602790e+01 1.732984113307760810e+00 -4.048628267506779177e-01 1.732984113307760810e+00 1.017383826910966782e+01 2.192984720005100030e+00 -4.048628267506779177e-01 2.192984720005100030e+00 8.148365198481503313e+00
1.336837449343609663e+01 -2.302625059937525975e+00 2.036040320962783312e+00 -2.302625059937525975e+00 1.445453027175948790e+01 9.410544130314347777e-01 2.036040320962783312e+00 9.410544130314347777e-01 8.125966414428068774e+00
-1.780477014807575742e+01 8.380040765414960902e+00 5.131125317164199728e+00 8.380040765414960902e+00 -2.315785146983069964e+01 3.224095915836039605e+00 5.131125317164199728e+00 3.224095915836039605e+00 -1.651885872298845115e+01
-4.706075883601341658e-01 -8.251704395727822217e+00 -3.258603560032544255e+00 -8.251704395727822217e+00 -1.595303505123580479e+01 4.623429339663627680e+00 -3.258603560032544255e+00 4.623429339663627680e+00 1.326169929574339612e+01
1.441758754696211930e+01 -1.352167611706662775e+00 -4.472056186456926374e-01 -1.352167611706662775e+00 1.600849913346598896e+01 -4.236472048477048225e-02 -4.472056186456926374e-01 -4.236472048477048225e-02 1.417908162667993466e+01
1.880552274795633139e+01 -7.152403957475672591e-01 1.651234659725510978e+00 -7.152403957475672591e-01 2.021836397979689437e+01 -9.366532706241325057e-01 1.651234659725510978e+00 -9.366532706241325057e-01 2.948622157264049193e+01
4.288005992881720374e+01 1.315672466639255767e+01 1.025032290840401750e+01 1.315672466639255767e+01 3.669053510827647813e+01 -1.734744665465388080e-01 1.025032290840401750e+01 -1.734744665465388080e-01 3.515906335120602222e+01
-1.516370180733385631e+01 2.241729768914747734e+00 5.076599640001524527e+00 2.241729768914747734e+00 -2.023997771838756776e+01 1.904585689702713580e+00 5.076599640001524527e+00 1.904585689702713580e+00 -2.768818620016999787e+01
-4.214175032721495739e+00 6.531415938326161630e+00 3.823810675643992241e+00 6.531415938326161630e+00 -8.414246421499974815e+00 1.601205149098345881e+00 3.823810675643992241e+00 1.601205149098345881e+00 -1.780347753338487493e+01
-7.766953192576605325e+00 1.516688371804866931e+00 1.841231409553258702e+00 1.516688371804866931e+00 -1.374057414936918065e+01 1.321451719673669922e+00 1.841231409553258702e+00 1.321451719673669922e+00 -1.006011425702295448e+01
-9.678241518694424173e+00 1.140441964881057757e+01 7.085363373971109269e+00 1.140441964881057757e+01 -1.171575225703681866e+01 1.507703661925423599e-01 7.085363373971109269e+00 1.507703661925423599e-01 -1.765600948289106498e+01
-2.124843514781683140e+01 6.891760573073043794e+00 4.966772316169645762e+00 6.891760573073043794e+00 -2.239581348481962308e+01 -4.708553038283711523e-01 4.966772316169645762e+00 -4.708553038283711523e-01 -3.012366421780749093e+01
2.120822191602965034e+01 -5.499963967604117876e+00 -3.488379649952147776e+00 -5.499963967604117876e+00 -2.471359578499127962e-01 4.732850900537739491e+00 -3.488379649952147776e+00 4.732850900537739491e+00 -7.466694125339997434e+00
-1.443987092894089308e+01 9.989832193798628523e+00 3.782275649721616340e+00 9.989832193798628523e+00 -1.859140526619957612e+01 8.759482036577921349e-01 3.782275649721616340e+00 8.759482036577921349e-01 -7.134488710421710955e+00
6.594043495635643737e+00 -9.377678238093914986e-01 -2.247153779998055878e+00 -9.377678238093914986e-01 5.589565846741265887e+00 2.287680242667460728e+00 -2.247153779998055878e+00 2.287680242667460728e+00 1.287107066579088688e+01
-8.780254945164957192e+00 -8.758180257289858162e+00 -6.151465335008705182e+00 -8.758180257289858162e+00 -1.730594529782832680e+01 4.266935739429474239e+00 -6.151465335008705182e+00 4.266935739429474239e+00 -5.649282930845278550e-02
3.516381943266826227e+01 2.509934215462458429e+00 1.639513740386959295e+00 2.509934215462458429e+00 1.256006582788744019e+01 1.137391105913868827e+01 1.639513740386959295e+00 1.137391105913868827e+01 2.038653965972699211e+00
8.588193972167704970e+00 3.189375920328773262e+00 1.086209852107192786e+00 3.189375920328773262e+00 1.182224359085275722e+01 4.755689270203873775e+00 1.086209852107192786e+00 4.755689270203873775e+00 4.138273438166938156e+00
-1.255475069397083843e+01 -3.189761042011058034e+00 -2.861631138086079940e+00 -3.189761042011058034e+00 -1.760261484820521360e+01 1.936052787514288775e+00 -2.861631138086079940e+00 1.936052787514288775e+00 7.148889447076535397e+00
-1.987770638780886756e+01 9.962933364449778395e+00 5.740981683357393450e+00 9.962933364449778395e+00 -1.638193818799137702e+01 1.823062272250715266e+00 5.740981683357393450e+00 1.823062272250715266e+00 9.861337863862649655e+00
1.886608228119505171e+01 -2.318555504982758309e-01 2.389570224448346991e+00 -2.318555504982758309e-01 8.651018656715876887e+00 -8.878657072532829542e-01 2.389570224448346991e+00 -8.878657072532829542e-01 -1.367078492482208363e+00
1.577372376668977694e+01 -2.812960512212765440e+00 1.752645712607870720e+00 -2.812960512212765440e+00 1.944916006747574500e+01 -3.246117646269235824e+00 1.752645712607870720e+00 -3.246117646269235824e+00 1.939878114719337887e+01
2.949876127326527708e+01 -1.193318132102345253e+01 -2.997166828966817409e+00 -1.193318132102345253e+01 1.666452531578226370e+01 6.368269080858802944e+00 -2.997166828966817409e+00 6.368269080858802944e+00 2.336712896457719069e+00
-1.016746753897089343e-02 -5.495128592204229001e+00 -5.751579692336658667e+00 -5.495128592204229001e+00 -6.537106688490032624e+00 4.838263063033573452e+00 -5.751579692336658667e+00 4.838263063033573452e+00 -1.721245749241685985e+01
