8.184552147178612458e+00 -1.336835003517584664e-01 1.445705804884230283e-01 -1.336835003517584664e-01 1.295742123256559530e+01 -2.311160542518245098e+00 1.445705804884230283e-01 -2.311160542518245098e+00 1.217269725505576794e+01
1.561683303429902203e+01 -6.650851468812859490e-01 1.479925298651734611e+00 -6.650851468812859490e-01 7.614287911964728650e+00 -1.483604470391363117e-01 1.479925298651734611e+00 -1.483604470391363117e-01 5.255428172591256164e+00
-4.132460432334539746e+01 1.845630915102591141e+00 2.095152261775344638e+00 1.845630915102591141e+00 -3.629874232336043605e+01 -3.679097415093873225e-01 2.095152261775344638e+00 -3.679097415093873225e-01 -2.802424818930940020e+01
-9.444943522865195007e+00 -1.209479808034115367e+00 2.871371887208861717e-01 -1.209479808034115367e+00 -2.538619985205028962e-01 2.038421074371750574e+00 2.871371887208861717e-01 2.038421074371750574e+00 -1.904449413666719382e+00
-3.931187771993096991e+00 3.718728481895178017e+00 1.124482241747988942e+00 3.718728481895178017e+00 -9.221958006196025792e+00 7.291504055100506143e-01 1.124482241747988942e+00 7.291504055100506143e-01 -9.924821577942575246e+00
3.673592271393628234e-02 -5.439329497304231124e-04 4.089721426544535036e-05 -5.439329497304231124e-04 3.652325719975596519e-02 4.089721426544535036e-06 4.089721426544535036e-05 4.089721426544535036e-06 -2.773980338918053512e+00
6.410749425920181821e+00 -2.926556190734185048e+00 7.225538541926157521e-01 -2.926556190734185048e+00 -3.191957186286551895e+00 -1.556641496953860004e+00 7.225538541926157521e-01 -1.556641496953860004e+00 -4.322072533396787541e+00
-2.486311146897232405e+01 -1.253483515450395380e+00 2.359035954256380574e+00 -1.253483515450395380e+00 -2.821588639990415359e+01 9.041430545268774877e-01 2.359035954256380574e+00 9.041430545268774877e-01 -2.221826574418573585e+01
-1.460177327808537839e+01 -4.866340227074829050e-01 -3.396107264759060218e+00 -4.866340227074829050e-01 -1.300862777716751495e+01 -1.357413278870280404e+00 -3.396107264759060218e+00 -1.357413278870280404e+00 1.995130678179157568e+00
4.362155877251058800e-01 -4.192598363696817820e-01 -1.391216796540761580e+00 -4.192598363696817820e-01 -2.753732679154300200e+00 -5.556948256984896028e-01 -1.391216796540761580e+00 -5.556948256984896028e-01 2.006928112303938416e+00
1.967764500099036340e+01 -3.118875932972100529e+00 3.481525852569679336e-02 -3.118875932972100529e+00 1.149663129559358055e+01 -1.007466671276668224e+00 3.481525852569679336e-02 -1.007466671276668224e+00 9.644997267279956432e+00
-3.223080424199271210e+00 3.518290793630379221e-01 1.056488663221687885e+00 3.518290793630379221e-01 -4.447125334073293246e+00 2.086401370488667473e-01 1.056488663221687885e+00 2.086401370488667473e-01 -5.646635328199250736e+00
-2.345211288197913291e+01 4.419678087925549281e-01 -6.029980104852610268e-01 4.419678087925549281e-01 -1.974964303552004452e+01 6.868173835845053921e-01 -6.029980104852610268e-01 6.868173835845053921e-01 -1.215145732001367307e+01
-2.737624094177092360e+01 -2.353408518361341795e+00 4.475217292840152905e-01 -2.353408518361341795e+00 -3.067170804333767009e+01 -7.779480728651618771e-01 4.475217292840152905e-01 -7.779480728651618771e-01 -2.289568050548317757e+01
-1.109359177706737043e+01 -1.235716216791248323e+00 8.717926744950357798e-02 -1.235716216791248323e+00 -1.693626709706147793e+01 -3.463596411896650462e+00 8.717926744950357798e-02 -3.463596411896650462e+00 -6.188626386761320042e+00
-7.790926690311071212e+00 -5.706010883695653013e-02 -1.798012558144772843e-01 -5.706010883695653013e-02 -7.673170550414178059e+00 3.195817921077814122e-02 -1.798012558144772843e-01 3.195817921077814122e-02 -6.005840197982460715e+00
1.140999347805335962e+00 -3.395714979735243499e+00 -9.244011374671008419e-01 -3.395714979735243499e+00 6.851819864235116242e+00 -3.157142708332914438e+00 -9.244011374671008419e-01 -3.157142708332914438e+00 -2.858970266978872576e+00
-2.708859316144122076e+01 1.258312665884755432e+00 1.064605766574842960e+00 1.258312665884755432e+00 -3.277853493325363132e+01 -9.234326052499843840e-01 1.064605766574842960e+00 -9.234326052499843840e-01 -2.972299239745069954e+01
-2.443263077049713416e+01 5.612913346608647380e+00 -1.231692603429478394e+00 5.612913346608647380e+00 -2.812942627628231662e+01 2.155397613906258059e+00 -1.231692603429478394e+00 2.155397613906258059e+00 -2.675724762389838673e+01
-3.721019839566639398e-01 7.876034967785420227e-01 -3.262790469594489817e-01 7.876034967785420227e-01 8.647752599281224306e-01 2.101637992386968801e+00 -3.262790469594489817e-01 2.101637992386968801e+00 6.507286177200180433e+00
-5.630832872967586056e-01 -1.101014746261576582e-01 -2.292351640223060372e+00 -1.101014746261576582e-01 -7.074109919224187693e-02 2.852190755096594810e+00 -2.292351640223060372e+00 2.852190755096594810e+00 5.751641382197310470e+00
-1.759691833839627906e+00 4.328292440725865498e-01 2.043401963910093322e+00 4.328292440725865498e-01 -5.435424490779138473e+00 -2.801479481042865149e+00 2.043401963910093322e+00 -2.801479481042865149e+00 -1.446882790765668503e+00
-2.157952877744601139e+01 -1.248541232382744504e+00 1.970404691415267751e+00 -1.248541232382744504e+00 -2.100390183709958336e+01 1.756836599561984347e+00 1.970404691415267751e+00 1.756836599561984347e+00 -1.067301603755549522e+01
5.540761817501405950e+00 4.276335557859824166e-02 1.539943018934695207e-01 4.276335557859824166e-02 6.131539957492716297e+00 2.575516095775645664e-01 1.539943018934695207e-01 2.575516095775645664e-01 7.919244152069602194e+00
-1.863594299918846531e+01 -2.093010299949322306e+00 -1.858787145338035018e-01 -2.093010299949322306e+00 -2.727083462804953484e+01 -1.252830966837702453e+00 -1.858787145338035018e-01 -1.252830966837702453e+00 -2.095722380883269764e+01
1.947046226175037376e+01 3.086339248569874183e+00 3.338427713184493051e-01 3.086339248569874183e+00 2.461516808851894922e+01 4.006613137471259023e+00 3.338427713184493051e-01 4.006613137471259023e+00 -8.645483991348895669e-01
-3.785820966708466795e+00 3.049336720209021301e-02 -1.584153993644474623e+00 3.049336720209021301e-02 -6.578280474529793587e+00 8.737128917001628636e-01 -1.584153993644474623e+00 8.737128917001628636e-01 -5.691089523019097207e+00
-1.639430422119649222e+01 1.471016266281422125e+00 -7.590521516335467789e-01 1.471016266281422125e+00 -1.808540823893817517e+01 2.544589373332467042e-01 -7.590521516335467789e-01 2.544589373332467042e-01 -1.376201578957183003e+01
-6.453122705708890905e+00 1.449448371441002692e+00 1.864192446637640277e+00 1.449448371441002692e+00 -6.990762211203073839e+00 -1.472426059830575396e+00 1.864192446637640277e+00 -1.472426059830575396e+00 6.895546681478074147e-01
-1.636170638594957794e+01 8.281151306935602419e-01 1.738927089705204265e+00 8.281151306935602419e-01 -1.638823809497974437e+01 5.010628912524389023e+00 1.738927089705204265e+00 5.010628912524389023e+00 -1.133085125365532875e+01
-9.367278386345174734e-01 2.404125183655918541e+00 1.473329883198333246e+00 2.404125183655918541e+00 -5.839435705737798799e+00 -6.896280826202622061e-02 1.473329883198333246e+00 -6.896280826202622061e-02 -9.364311045240414799e+00
-1.671808841914075927e+01 2.874350959095078650e+00 4.009058617567927141e-01 2.874350959095078650e+00 -1.436505912790351225e+01 1.511576825968788951e+00 4.009058617567927141e-01 1.511576825968788951e+00 -8.560603496623903297e+00
-1.594441060891182183e+01 1.524380157885093234e-01 -1.299978919323171000e+00 1.524380157885093234e-01 -9.462471218265877226e+00 -2.382950554765852047e+00 -1.299978919323171000e+00 -2.382950554765852047e+00 -1.396683734134475507e+01
2.187902465483667669e+01 2.226319390011025412e+00 6.365221050133258729e-02 2.226319390011025412e+00 1.907915119532064807e+01 3.949381197699772805e+00 6.365221050133258729e-02 3.949381197699772805e+00 3.028046418088804970e+01
-5.797459296739884138e+00 -1.690689543225417368e-01 5.460521479446731052e-02 -1.690689543225417368e-01 -5.659091092081815155e+00 1.657903978778489315e-02 5.460521479446731052e-02 1.657903978778489315e-02 -3.797597012684503337e+00
1.061238299488963044e+01 -2.179403764219359552e+00 -2.307625422982424457e+00 -2.179403764219359552e+00 5.694329864509418471e+00 8.876443092711878702e-01 -2.307625422982424457e+00 8.876443092711878702e-01 1.946222849281026868e+01
2.372792712439380480e+01 3.143172093038578030e+00 -2.379996398447675521e+00 3.143172093038578030e+00 4.055015067942338192e+01 -8.326186653715067498e-01 -2.379996398447675521e+00 -8.326186653715067498e-01 2.283825477477969557e+01
1.053963776700286559e+01 4.874292220804290032e+00 -9.547342838958020605e-01 4.874292220804290032e+00 9.157071528917770209e+00 -1.168450600373904136e+00 -9.547342838958020605e-01 -1.168450600373904136e+00 1.525266736758969621e+01
9.096769621246009185e-02 -4.023479881621927490e-01 -8.906663627284336360e-02 -4.023479881621927490e-01 -2.253807545718022054e-01 -4.078387823141854662e-01 -8.906663627284336360e-02 -4.078387823141854662e-01 1.820894761440128740e+00
-9.440441668520925589e+00 -2.221363875909458496e+00 -3.543975368003861703e+00 -2.221363875909458496e+00 -6.582186836570235400e+00 -2.197553053173741056e+00 -3.543975368003861703e+00 -2.197553053173741056e+00 7.649448222945728348e-01
-2.371067029773092916e+00 -1.161624714631890543e+00 -3.515641450176437477e+00 -1.161624714631890543e+00 2.244114918993402430e+00 -9.040851387543420437e-01 -3.515641450176437477e+00 -9.040851387543420437e-01 1.840301103874164568e+00
-5.033713666034061340e+00 -1.370114521353622272e-01 2.915450115192365008e-02 -1.370114521353622272e-01 -4.383961077933729023e+00 2.129748911958318780e-01 2.915450115192365008e-02 2.129748911958318780e-01 -3.704133983529849794e-01
-5.423874976627065969e+00 1.554576774425007857e+00 -1.161184105484907914e+00 1.554576774425007857e+00 -3.910848170956427339e+00 1.353221558495333543e+00 -1.161184105484907914e+00 1.353221558495333543e+00 9.388768763181376542e-01
-1.174806866752679113e+01 -2.554633163243586469e-01 2.993500161614131017e-01 -2.554633163243586469e-01 -1.383879865178195878e+01 3.051221574181149920e-01 2.993500161614131017e-01 3.051221574181149920e-01 -2.235207065576866547e+00
-1.524540574349535227e+01 -2.033362666206567138e+00 2.649715003470912933e+00 -2.033362666206567138e+00 -1.417931976486324785e+01 -5.420415222201810934e-01 2.649715003470912933e+00 -5.420415222201810934e-01 -8.193433655578935770e+00
-5.997026435605864236e+00 -2.343131292267044863e+00 -1.967476105877369541e+00 -2.343131292267044863e+00 -4.725069885726572494e+00 -1.235218176767057363e+00 -1.967476105877369541e+00 -1.235218176767057363e+00 -5.748173978151017494e+00
-5.657329020335914116e+00 1.674857000772188602e-03 -2.101491444852872370e-01 1.674857000772188602e-03 -5.941138080027923429e+00 1.897889660648031107e-01 -2.101491444852872370e-01 1.897889660648031107e-01 -6.203482358258586515e+00
-9.990106078555196945e+00 8.680079950220801477e-01 -2.845413257447788613e-01 8.680079950220801477e-01 -8.910000018395406229e+00 3.565489658606489365e-01 -2.845413257447788613e-01 3.565489658606489365e-01 -6.786373613152633766e+00
4.074040213614145145e+00 -1.558284886008683701e-01 -2.098050440040246101e-01 -1.558284886008683701e-01 4.493099772922803048e+00 -3.506146148282641151e-01 -2.098050440040246101e-01 -3.506146148282641151e-01 7.127222894707689882e+00
-8.607201864240918709e+00 -1.969667364156082900e+00 1.358235987832226953e-02 -1.969667364156082900e+00 -5.683681719699600343e+00 1.696792492741238112e+00 1.358235987832226953e-02 1.696792492741238112e+00 -2.642707614699256968e+00
