5.030084921620019855e+00 -2.163420066845680001e+00 -1.501751748905779227e+00 -2.163420066845680001e+00 2.860991614440571151e+00 8.924375493213350108e-01 -1.501751748905779227e+00 8.924375493213350108e-01 3.639436463474005290e+00
-1.315512520497480187e-01 1.834798024985467846e+00 2.018028776307181005e+01 1.834798024985467846e+00 2.309631610005918390e+01 -1.382114070714922782e+01 2.018028776307181005e+01 -1.382114070714922782e+01 1.750848669606585162e+01
1.136424931832025642e+00 7.313148483871312777e+00 -4.124331043738536984e+00 7.313148483871312777e+00 -7.540742812742712076e+00 5.370448827841776129e+00 -4.124331043738536984e+00 5.370448827841776129e+00 1.083615747050742817e+00
2.382208363501607096e+01 1.944964644907437812e+00 2.483140187036719571e+00 1.944964644907437812e+00 1.413236804578545680e+01 -1.505421502961656222e+00 2.483140187036719571e+00 -1.505421502961656222e+00 2.041308339739888211e+01
9.389175618665040801e+00 -2.727963373009138159e+00 1.494141282050021946e+00 -2.727963373009138159e+00 9.467401814172712093e+00 -3.804350467454855611e+00 1.494141282050021946e+00 -3.804350467454855611e+00 2.882929978128525583e+00
8.315231429460574475e+00 3.477239139752790753e-01 -3.780334575683081066e+00 3.477239139752790753e-01 1.423367601363541191e+01 4.484560534896536055e+00 -3.780334575683081066e+00 4.484560534896536055e+00 3.881353405459307737e+00
7.300156741016903261e+00 9.452586065582291752e+00 4.260539597661582967e+00 9.452586065582291752e+00 -4.013335844236060268e+00 -3.164458561743126896e+00 4.260539597661582967e+00 -3.164458561743126896e+00 1.570321634643405062e+01
5.408270175808448377e-01 -1.130391841588877094e-01 -1.265079192585390810e+00 -1.130391841588877094e-01 4.400202467276893015e-01 6.096324348580169916e-01 -1.265079192585390810e+00 6.096324348580169916e-01 -7.567811072688180873e-01
1.153403848423937061e+00 -6.573859782078790293e-01 -1.587057796605819693e+00 -6.573859782078790293e-01 2.552003140640053847e+00 1.261897350210903768e-01 -1.587057796605819693e+00 1.261897350210903768e-01 4.452085093660353543e+00
-9.456460535569174652e+00 -2.387077206548310127e+00 -5.019880192582093059e+00 -2.387077206548310127e+00 -8.784005142826645240e+00 -5.828975375781406676e-01 -5.019880192582093059e+00 -5.828975375781406676e-01 -6.942428743197466723e+00
8.523710972572084987e-01 -1.025130900186311145e+00 4.570004575327829555e-01 -1.025130900186311145e+00 4.483069314532672323e+00 -1.785286517896524372e-01 4.570004575327829555e-01 -1.785286517896524372e-01 7.290765902406652010e+00
4.631099886479694838e+00 1.944193029623098312e-01 -2.694047508734319085e-01 1.944193029623098312e-01 4.773775272913614920e+00 -1.891201649814865604e+00 -2.694047508734319085e-01 -1.891201649814865604e+00 -5.830522925256312661e+00
1.342567895509582421e+01 -7.617040837620564275e+00 -3.536407627845928214e+00 -7.617040837620564275e+00 1.229090816962544430e+01 6.161618639397149266e+00 -3.536407627845928214e+00 6.161618639397149266e+00 1.225534422276675706e+01
3.198309107613719338e-01 -3.243598506871040232e+00 -5.203947509024421159e+00 -3.243598506871040232e+00 1.211053537224561216e+00 2.778476029652487966e+00 -5.203947509024421159e+00 2.778476029652487966e+00 2.057322771365375225e+00
8.059164402297142260e+00 7.645438850061465175e+00 -1.500467301668503062e+00 7.645438850061465175e+00 1.090053536674148837e+01 -6.755202628563853118e+00 -1.500467301668503062e+00 -6.755202628563853118e+00 1.019375966920060250e+01
5.610120865868139184e+00 -1.784283265341743530e+00 -6.431616191148485928e-01 -1.784283265341743530e+00 1.292871952478912512e+01 3.000037262544543726e+00 -6.431616191148485928e-01 3.000037262544543726e+00 6.615147595394170743e+00
8.734227078140486711e+00 -1.259553619150134862e+00 -2.956590840380730612e+00 -1.259553619150134862e+00 4.984135777528945432e+00 3.239006326773389066e+00 -2.956590840380730612e+00 3.239006326773389066e+00 1.065749398590409136e+01
9.748829575359347910e-01 5.605240755241276851e+00 8.914144614775111330e-01 5.605240755241276851e+00 -4.717532667584883654e+00 3.050630760458187749e-02 8.914144614775111330e-01 3.050630760458187749e-02 7.610839502965494496e+00
3.645815328011525747e+00 6.407370653003616745e-01 -1.683072605641895647e+00 6.407370653003616745e-01 4.550644725400718293e+00 -2.219974282843925728e+00 -1.683072605641895647e+00 -2.219974282843925728e+00 5.122399380814065317e+00
2.841048806026323703e+00 -1.688870290623577963e+00 -2.159619422826748902e+00 -1.688870290623577963e+00 9.739913351451658485e+00 -4.043064511986470322e+00 -2.159619422826748902e+00 -4.043064511986470322e+00 8.195101420281309501e+00
-2.253515326181654643e+01 9.614165210518571536e-02 -3.383046755130582728e+00 9.614165210518571536e-02 -5.861862091489946636e+00 -2.879017208696175611e+00 -3.383046755130582728e+00 -2.879017208696175611e+00 -1.114182044766883983e+01
2.344709476026704653e+00 -2.732959481053157114e-01 -1.678009282842035210e+00 -2.732959481053157114e-01 1.098099911346142710e+00 1.325983995600233500e+00 -1.678009282842035210e+00 1.325983995600233500e+00 3.193819112225943613e+00
2.416214083489371234e+01 1.511831100579488663e+00 2.566009396426977562e-01 1.511831100579488663e+00 1.738891196918720183e+01 -2.258952310475105030e+00 2.566009396426977562e-01 -2.258952310475105030e+00 1.747262813938094439e+01
1.369746380795929674e+01 8.205947546690213201e-01 -2.067375652244693440e-01 8.205947546690213201e-01 1.863677504591981915e+01 -2.616653303511530027e+00 -2.067375652244693440e-01 -2.616653303511530027e+00 2.046401229784105169e+01
5.847611914163127089e+00 -1.528108933851577866e+00 -4.553074248422724901e-01 -1.528108933851577866e+00 1.017773311471678177e+01 6.244500113749785086e+00 -4.553074248422724901e-01 6.244500113749785086e+00 1.191331776227633377e+01
2.866444451732781395e+00 -1.380877729798637210e+00 -2.616825822970245241e+00 -1.380877729798637210e+00 1.066318532985846695e-01 7.182536545972930675e-01 -2.616825822970245241e+00 7.182536545972930675e-01 3.164506675634077393e+00
6.824865259692032282e+00 2.569725371396625047e+00 -9.569006137229487674e-01 2.569725371396625047e+00 -2.317650863734181943e+00 -1.807447852642388275e+00 -9.569006137229487674e-01 -1.807447852642388275e+00 -1.284818595599751312e+01
-4.757413761251592654e-01 -9.781969870952629265e-01 1.459072572445452964e+00 -9.781969870952629265e-01 1.230955161186770219e+01 -1.376432667696853462e+00 1.459072572445452964e+00 -1.376432667696853462e+00 1.331347556860711823e+00
2.972266547059236075e+01 3.562148763014429065e+00 -3.324572566152308895e+00 3.562148763014429065e+00 2.433871256155756058e+01 8.083664112167598503e+00 -3.324572566152308895e+00 8.083664112167598503e+00 2.944065826788537166e+01
5.517575236254591786e+00 -5.254191143319821844e-01 -3.170454099669709702e+00 -5.254191143319821844e-01 2.815005047983137221e+00 6.487890082984860696e-01 -3.170454099669709702e+00 6.487890082984860696e-01 5.925454604176776385e+00
5.616237011851067606e+00 -1.052279780744089566e+00 6.928155058383909104e-01 -1.052279780744089566e+00 4.797294327841296280e+00 2.493621469943307023e+00 6.928155058383909104e-01 2.493621469943307023e+00 8.603622686988424917e+00
1.084289878093155757e+01 7.617126923020331120e+00 -2.181797444515475970e+00 7.617126923020331120e+00 7.210586677528946886e+00 6.098986881983983643e+00 -2.181797444515475970e+00 6.098986881983983643e+00 5.696698116983669458e+00
1.012379647863692256e+01 3.149854193574245786e-01 -1.929738234429805299e+00 3.149854193574245786e-01 1.173132561677409491e+01 5.984998842644644323e-01 -1.929738234429805299e+00 5.984998842644644323e-01 8.571340449730790567e+00
-1.350459922059552564e+00 9.768907379265093782e-01 1.713334875015494196e+00 9.768907379265093782e-01 2.419217319026735780e+01 5.207471659201678982e+00 1.713334875015494196e+00 5.207471659201678982e+00 6.629293308198409562e+00
4.341544056787909334e+00 1.812611121562484939e+00 4.272755727511488577e-01 1.812611121562484939e+00 6.592863268373607255e+00 -1.226173438868197740e+00 4.272755727511488577e-01 -1.226173438868197740e+00 7.009882853329703956e+00
1.242016407935953382e+01 -7.293306593234499147e+00 7.926380555122766181e-01 -7.293306593234499147e+00 2.083070747693328784e+01 -5.476286138521285984e+00 7.926380555122766181e-01 -5.476286138521285984e+00 -2.606529425842051051e+00
1.358548022960632728e+01 5.311659768491677092e+00 -8.114762714858907433e-01 5.311659768491677092e+00 1.255401171624028223e+01 9.110857817881180543e-01 -8.114762714858907433e-01 9.110857817881180543e-01 4.117184488962849720e+00
1.256583958289667180e+01 3.727773546597940579e-01 -2.211951047390660285e+00 3.727773546597940579e-01 8.179029361548415977e+00 -5.611592274509982214e-01 -2.211951047390660285e+00 -5.611592274509982214e-01 9.929642020853336248e+00
1.879843224503911259e+01 3.932326163497613880e+00 -4.753070038350683646e+00 3.932326163497613880e+00 1.675446883317102831e+01 -6.835872656411727810e+00 -4.753070038350683646e+00 -6.835872656411727810e+00 1.177230276166786105e+01
-1.470819000192409831e+01 -6.301114763291491006e-01 -1.705124657342813377e+00 -6.301114763291491006e-01 9.472223321112160477e+00 -4.524378034113421876e+00 -1.705124657342813377e+00 -4.524378034113421876e+00 -3.078226674982678102e+00
1.213561872126110863e+01 1.758625271263151379e+00 7.812822150125862120e-01 1.758625271263151379e+00 1.446462606249525429e+01 1.037954356212701240e-01 7.812822150125862120e-01 1.037954356212701240e-01 1.177982565096576195e+01
3.108180785327586904e+01 -9.403017485965894373e-01 -7.754564310241618408e+00 -9.403017485965894373e-01 2.862941412912799422e+01 4.819084721703321139e-01 -7.754564310241618408e+00 4.819084721703321139e-01 2.266835281882722697e+01
8.014360187589529616e+00 6.192860548646665464e+00 1.555487400293490863e+00 6.192860548646665464e+00 5.274385626285162054e+00 1.820608982546315924e-01 1.555487400293490863e+00 1.820608982546315924e-01 -5.266056379357432427e+00
2.042340374403216430e+01 1.439675864579631481e+00 -6.763322018350639842e-02 1.439675864579631481e+00 1.841406876436195716e+01 -9.574013001463598238e-01 -6.763322018350639842e-02 -9.574013001463598238e-01 2.512954355161334163e+01
-7.344254190417403905e+00 -6.920312112047569464e+00 -1.097043776646561497e+00 -6.920312112047569464e+00 -1.165074603104670992e+01 2.830070347593911961e+00 -1.097043776646561497e+00 2.830070347593911961e+00 -6.109540223403262083e+00
1.010738881175635040e+00 1.445984286713460465e+00 6.887231773622300157e-02 1.445984286713460465e+00 -8.784670257660608383e-01 2.083751534675639228e+00 6.887231773622300157e-02 2.083751534675639228e+00 -3.061305974296931520e+00
-4.038087677561493116e+00 2.282710059112601275e+00 -2.009391847740380488e+00 2.282710059112601275e+00 -4.111133073258621984e+00 2.942934602405537170e+00 -2.009391847740380488e+00 2.942934602405537170e+00 -1.122837384824732082e-01
1.246619685761863039e+01 2.652026312087819804e+00 -2.694661832509971156e+00 2.652026312087819804e+00 2.387970196374813270e+01 -6.484812506647866570e+00 -2.694661832509971156e+00 -6.484812506647866570e+00 2.594156236201669330e+01
-8.497125807773320716e+00 4.025306187464476437e+00 -6.501672958936023150e+00 4.025306187464476437e+00 -4.318423985973725898e+00 3.539365221696936015e+00 -6.501672958936023150e+00 3.539365221696936015e+00 7.160113194560812744e+00
3.116358645037147657e+00 7.975854938562912722e+00 8.167496370198714217e+00 7.975854938562912722e+00 3.956413681610992494e+00 -4.327817148974860473e+00 8.167496370198714217e+00 -4.327817148974860473e+00 2.568120742024566283e+01
