9.163923872263080028e-01 8.247208011446436338e-01 -3.943306876535550121e+00 8.247208011446436338e-01 1.401362655795437284e+01 3.190187784031168317e+00 -3.943306876535550121e+00 3.190187784031168317e+00 -2.181696659700060081e+01
1.458193627205890630e+00 9.573275402834091619e-01 -5.954669908376448301e-02 9.573275402834091619e-01 -3.564041521051708461e+00 1.664832890086165307e+00 -5.954669908376448301e-02 1.664832890086165307e+00 -1.384008555706092913e+01
1.693991207935480858e+01 4.077045359106596933e+00 3.308788248190704273e+00 4.077045359106596933e+00 7.749475508671668678e+00 1.693125961991409190e+00 3.308788248190704273e+00 1.693125961991409190e+00 3.131462370496442826e+00
2.346697635057493958e+00 -4.540826441269558700e+00 -5.511664770107288724e+00 -4.540826441269558700e+00 1.758190190857816404e+01 1.007596503234057650e+01 -5.511664770107288724e+00 1.007596503234057650e+01 1.804517814903567441e+01
-1.977278637949372353e+01 3.248997917073570552e+00 -1.701573707041492911e+00 3.248997917073570552e+00 -2.539933002548863783e+01 4.344736495529945564e-01 -1.701573707041492911e+00 4.344736495529945564e-01 2.696579654813295868e+00
1.924517769755432894e+01 6.117728858161872729e-01 -9.122179643132032112e+00 6.117728858161872729e-01 3.536533046083554788e-01 -2.075864449238236542e+00 -9.122179643132032112e+00 -2.075864449238236542e+00 1.586852529410993995e+01
-5.819622231708080129e+00 1.532716196629654970e+00 -2.478731930198679656e+00 1.532716196629654970e+00 -2.560140495759966583e+01 4.505360119627923154e+00 -2.478731930198679656e+00 4.505360119627923154e+00 -1.121470608320031914e+01
-1.751047578769545865e+01 1.257620679410630382e+00 1.021183547868183439e+00 1.257620679410630382e+00 -1.740051724592017734e+01 7.006261510981764973e-01 1.021183547868183439e+00 7.006261510981764973e-01 -1.319421117514209207e+01
1.911136727999462792e+01 -1.566825270563816819e+00 -1.963903052426311246e+00 -1.566825270563816819e+00 1.692847792277808239e+01 -2.897284084765984424e+00 -1.963903052426311246e+00 -2.897284084765984424e+00 -4.641081276660132815e+00
2.590942801360378311e+01 -7.520619762761253213e+00 5.402201036905234233e+00 -7.520619762761253213e+00 -3.154868037583992813e+00 -6.457155409374209398e+00 5.402201036905234233e+00 -6.457155409374209398e+00 1.298394253374968521e+01
-5.843420886395456648e+00 3.366387446301351449e+00 1.680453608192596260e+00 3.366387446301351449e+00 -3.319819208918436715e+01 -9.279812445634570695e-02 1.680453608192596260e+00 -9.279812445634570695e-02 -1.626440575357824869e+01
-3.462934426099762431e-01 -3.135741244869130195e+00 1.221882664376344296e+00 -3.135741244869130195e+00 -1.328446784557827876e+01 1.754506729767946638e+00 1.221882664376344296e+00 1.754506729767946638e+00 -2.055491259088000788e+01
6.032012902319511261e-01 -2.565854512751956307e+00 -1.398306600264856314e+01 -2.565854512751956307e+00 -8.277872867274565394e+00 -5.729435877512791819e+00 -1.398306600264856314e+01 -5.729435877512791819e+00 -1.787618023395382449e+00
-3.306114667864259005e+00 -2.346825823250725307e+00 5.156723354019073113e+00 -2.346825823250725307e+00 -1.801393150064614801e+01 -1.164187294576494169e+00 5.156723354019073113e+00 -1.164187294576494169e+00 9.616543178717876117e+00
-6.691284120492689169e+00 6.029912370107587627e+00 3.252028799040215024e+00 6.029912370107587627e+00 -3.296094893515667223e+01 3.551237824112751351e+00 3.252028799040215024e+00 3.551237824112751351e+00 1.130979688113919579e+01
4.983864992029528374e+00 -1.002085610197332333e+00 -8.474417991858362864e-02 -1.002085610197332333e+00 -1.526605958282738129e+01 5.612924457119381927e+00 -8.474417991858362864e-02 5.612924457119381927e+00 9.153800063970059853e+00
-1.985165022514463473e+01 -2.310005533409001721e+00 2.132993260975928340e+00 -2.310005533409001721e+00 -6.793639997927427565e+00 4.477776547726711520e+00 2.132993260975928340e+00 4.477776547726711520e+00 -1.156825922385621297e+01
-8.256182757098077474e+00 2.966172002149941367e+00 -2.478657821926640192e+00 2.966172002149941367e+00 -1.883378940777980759e+01 -2.971241919719371793e-01 -2.478657821926640192e+00 -2.971241919719371793e-01 -6.758335232067779863e+00
1.956990568399889163e+00 3.901543621865863898e-01 -1.405615290183208188e+00 3.901543621865863898e-01 -1.714599909309271553e+01 -4.565302095411711419e-02 -1.405615290183208188e+00 -4.565302095411711419e-02 -5.276939272812677828e+00
1.625448801125718035e+01 -2.392468454710380055e+00 4.493589741795994463e+00 -2.392468454710380055e+00 1.209847767661094231e+01 -2.882913896540225535e-02 4.493589741795994463e+00 -2.882913896540225535e-02 7.063635486828184540e+00
3.497930576494175625e+01 -2.120085702747522838e+00 -4.136215805951122260e-01 -2.120085702747522838e+00 3.563908105320121678e+01 -3.974193352162712634e-01 -4.136215805951122260e-01 -3.974193352162712634e-01 3.469957732046486854e+01
5.018274022286674629e+00 4.163602110179580151e+00 3.728127052649400142e+00 4.163602110179580151e+00 -1.593883428817956194e+01 -9.799025947132927072e+00 3.728127052649400142e+00 -9.799025947132927072e+00 -1.115772899234272231e+01
-3.306840786388327569e+00 -4.123639814419870042e+00 2.535225444778882675e+00 -4.123639814419870042e+00 -1.543304578820111672e+01 6.974902640194906578e-01 2.535225444778882675e+00 6.974902640194906578e-01 -9.094969544527203853e-01
-8.036493492875155908e+00 -1.249564142252110432e+00 7.884126345267843394e-01 -1.249564142252110432e+00 -2.366582410420558347e+01 -5.450403520668603008e-01 7.884126345267843394e-01 -5.450403520668603008e-01 -3.414938401786768196e+01
-1.654282676716510281e+01 4.151540583856217381e+00 2.496729085051581087e+00 4.151540583856217381e+00 -2.290730748503232306e+01 -1.293206453073211470e+00 2.496729085051581087e+00 -1.293206453073211470e+00 -1.730567152350156945e+01
-1.237341674021379845e+01 1.186147293199554253e+00 3.431765164542966429e-01 1.186147293199554253e+00 -2.537076312176336224e+00 -3.287196258095221868e+00 3.431765164542966429e-01 -3.287196258095221868e+00 -1.414095954311652470e+01
-2.262849758870362038e+01 2.291774164385496082e+00 2.918036907566281091e+00 2.291774164385496082e+00 -2.266134864352534706e+01 1.242360624474793340e+00 2.918036907566281091e+00 1.242360624474793340e+00 -3.028370673920490574e+01
2.031941546361014872e+01 8.388040659318574122e-01 1.924831352977190546e+00 8.388040659318574122e-01 2.472221622996644186e+01 3.032050602379619431e+00 1.924831352977190546e+00 3.032050602379619431e+00 1.581547052754360294e+01
1.090452673561903474e+01 1.428257784855706092e+00 -1.675479939360417392e+00 1.428257784855706092e+00 9.884953972568000680e+00 1.344651416666574839e+00 -1.675479939360417392e+00 1.344651416666574839e+00 1.223583045831353466e+00
2.105980788025793160e+01 -7.957926777881924707e+00 -1.728769148530100441e+00 -7.957926777881924707e+00 1.941392231620088538e+01 4.643102185734879761e-01 -1.728769148530100441e+00 4.643102185734879761e-01 1.486956912190552060e+01
3.636265904889551592e+00 -2.608039812634892485e+00 2.626425857830862132e+00 -2.608039812634892485e+00 -1.355180111995901804e+01 2.429395779001775946e+00 2.626425857830862132e+00 2.429395779001775946e+00 -3.206803097321969442e+00
-4.053762252681880618e+00 -3.812503215301721315e+00 -5.246893209259986257e+00 -3.812503215301721315e+00 3.197831726099300553e+00 9.716951391330472809e-01 -5.246893209259986257e+00 9.716951391330472809e-01 -3.493035851247512369e+00
-2.055704800864258885e+01 -6.371397559066450889e+00 5.139112868285212521e+00 -6.371397559066450889e+00 -7.877144776264439763e-01 2.918701206616568733e+00 5.139112868285212521e+00 2.918701206616568733e+00 -1.365250110586493371e+01
-1.529654693499688634e+01 -5.097156159190821434e+00 6.601759339901904333e+00 -5.097156159190821434e+00 -1.041451286321738756e+01 2.639858752522410423e+00 6.601759339901904333e+00 2.639858752522410423e+00 -1.141181151872677013e+01
1.038152772841501204e+00 9.971848394948182870e-01 -1.221074009948911687e+00 9.971848394948182870e-01 1.338324773239077103e+01 -5.431258714597499093e+00 -1.221074009948911687e+00 -5.431258714597499093e+00 -3.269353620177395836e+00
2.222037330597689042e+00 5.858338770932658868e+00 4.535274530918493419e+00 5.858338770932658868e+00 6.753886349698306368e+00 -3.898960447340658941e+00 4.535274530918493419e+00 -3.898960447340658941e+00 -4.202717346884954353e-01
4.390067171565124049e+00 -2.348923174214977649e+00 1.485115518672597945e+00 -2.348923174214977649e+00 5.838087529168034528e+00 7.276284805856470861e+00 1.485115518672597945e+00 7.276284805856470861e+00 1.490492352411519583e+01
5.893313215428529261e+00 4.607163917823592136e+00 5.870107993074780595e+00 4.607163917823592136e+00 9.402362987267112726e-02 -4.686805112726686318e+00 5.870107993074780595e+00 -4.686805112726686318e+00 1.763329511115344062e+01
-1.942113461092066062e+00 1.854966522259349437e+00 -1.020216489163719709e-01 1.854966522259349437e+00 2.053609671589809782e+00 8.300013770400023472e-02 -1.020216489163719709e-01 8.300013770400023472e-02 -9.499924285731461637e+00
2.077848470010370541e+00 4.907152597844033792e+00 -5.716750853571864077e+00 4.907152597844033792e+00 3.103761146828270867e+01 4.761079804254200742e-02 -5.716750853571864077e+00 4.761079804254200742e-02 -4.064413984272691849e+00
1.452783195496596491e+01 -3.731532970758569268e-02 3.426047301029127023e+00 -3.731532970758569268e-02 1.250908610501161355e+01 -5.223258417766153627e+00 3.426047301029127023e+00 -5.223258417766153627e+00 5.581517388656197509e-01
1.356244904385750516e+01 -5.847915381370657473e-01 6.930387187174680719e+00 -5.847915381370657473e-01 8.734394053784904077e-01 -5.794064851060388932e+00 6.930387187174680719e+00 -5.794064851060388932e+00 9.382421488860831715e+00
-8.539288411070662832e+00 6.734111587462670023e+00 1.037998597379008281e+01 6.734111587462670023e+00 6.562821947576410686e+00 -2.262409248533791217e+00 1.037998597379008281e+01 -2.262409248533791217e+00 -1.235219504326551210e+01
2.646516616820624890e+01 1.144667535247001044e+00 -5.978184219139172306e+00 1.144667535247001044e+00 -1.044528160155979296e-01 -6.025373341854787235e+00 -5.978184219139172306e+00 -6.025373341854787235e+00 1.917086698718059523e+01
-2.636768561759809870e+01 5.839404057033186213e-01 -1.530221503772017044e+00 5.839404057033186213e-01 -1.103017857498221677e+00 -5.153327996884322637e-01 -1.530221503772017044e+00 -5.153327996884322637e-01 -4.704147856500288327e+00
-2.826197665373052104e+01 1.549107841515824813e+00 -3.103655293694890460e+00 1.549107841515824813e+00 -4.402050695182716744e+00 1.494175619409395361e+00 -3.103655293694890460e+00 1.494175619409395361e+00 -2.544206156432701604e+01
3.450164356235325869e+01 -6.748140539695295814e+00 3.647522202282473369e+00 -6.748140539695295814e+00 3.475275375629709629e+01 4.949691729626100045e-01 3.647522202282473369e+00 4.949691729626100045e-01 1.360010970423426890e+01
-3.903526111736156157e+00 -5.314711040672642106e+00 1.806731739447686502e+00 -5.314711040672642106e+00 6.330924004752808365e+00 -1.772940191855700398e+00 1.806731739447686502e+00 -1.772940191855700398e+00 9.547067213137884423e+00
4.602430307032225443e+00 1.415977012537136703e+00 -4.179481014039256870e+00 1.415977012537136703e+00 -1.428075239689714770e+01 -4.383600470356354251e+00 -4.179481014039256870e+00 -4.383600470356354251e+00 -1.259306501263635347e+01
-1.658713571735580317e+01 4.857099431110908583e+00 -3.519245564426046080e+00 4.857099431110908583e+00 3.959574836582860247e+00 4.197025890565583062e+00 -3.519245564426046080e+00 4.197025890565583062e+00 -2.197436479985370639e+01
