6.012604332332003310e+00 5.417719176101143397e-01 1.119179652645030387e+00 5.417719176101143397e-01 -4.189176621538239687e+01 1.150503941369714944e+01 1.119179652645030387e+00 1.150503941369714944e+01 1.211231718994844897e+01
2.975138383388651420e+01 4.145926007700006188e+00 -7.829244902655644545e+00 4.145926007700006188e+00 2.661534955537871028e+01 -5.498220532000843708e-01 -7.829244902655644545e+00 -5.498220532000843708e-01 2.915663565316764050e+01
2.205050598992745137e+01 -1.266217736394488469e+01 3.667341760784129434e+00 -1.266217736394488469e+01 8.596379785316051070e+00 -2.603516131480951401e+00 3.667341760784129434e+00 -2.603516131480951401e+00 6.073423028971804527e+00
-7.183846541036710498e+00 2.216013289419835885e+00 5.041237367039289374e+00 2.216013289419835885e+00 -2.672612622013853922e+01 4.281765996516273987e+00 5.041237367039289374e+00 4.281765996516273987e+00 -3.236965243938464454e+01
2.771192589640521575e+01 -9.926860996008663562e+00 -1.132105216079043153e+01 -9.926860996008663562e+00 2.716657633559474760e+01 3.900435080517717257e+00 -1.132105216079043153e+01 3.900435080517717257e+00 9.835815022494529103e+00
2.921268643548647859e+01 8.860494686113784546e-01 2.632410057603502107e+00 8.860494686113784546e-01 2.585136471660619861e+01 4.282418511563241381e+00 2.632410057603502107e+00 4.282418511563241381e+00 2.147621711138571143e+01
1.966208537952389790e+01 -8.164690635360257076e+00 7.895844813829254072e+00 -8.164690635360257076e+00 1.061847195859957615e+01 1.464285561360708598e+01 7.895844813829254072e+00 1.464285561360708598e+01 3.078019795818448046e+01
4.884640405420147147e+01 1.519760708252051451e+01 -1.329640901808621933e+01 1.519760708252051451e+01 9.689102588095462210e+00 -1.189601818289555979e+01 -1.329640901808621933e+01 -1.189601818289555979e+01 6.307846179924901975e+01
-2.880777485088823031e+00 3.075677523785568912e+00 1.290181480558089122e+00 3.075677523785568912e+00 1.391061600866286163e+01 -2.774556076880122735e+00 1.290181480558089122e+00 -2.774556076880122735e+00 -3.832880696713326096e-01
1.103021917073972347e+00 -3.588310408890155845e+00 1.903530439408677166e-01 -3.588310408890155845e+00 1.223297597264179792e+01 -6.008975156051708844e+00 1.903530439408677166e-01 -6.008975156051708844e+00 5.270373192191341261e+00
3.989542081117061656e+01 -6.458658110488498139e+00 3.688812049210915545e-01 -6.458658110488498139e+00 -6.627227630779691125e+00 1.274497017225484186e+01 3.688812049210915545e-01 1.274497017225484186e+01 3.870898159319193610e+01
2.160565372735364864e+00 8.486274047937348186e+00 4.385949460115117660e+00 8.486274047937348186e+00 9.198021375581021175e+00 3.863680705927097225e+00 4.385949460115117660e+00 3.863680705927097225e+00 2.675076470207579327e+00
-1.428395387574299313e+01 4.026072130325063725e+00 9.303552896627412805e-01 4.026072130325063725e+00 2.735399822218158583e+00 -8.848222530588933932e-01 9.303552896627412805e-01 -8.848222530588933932e-01 9.796736397479387293e+00
-7.029531263281555420e-01 2.000112854419621999e-01 7.850156344387483331e-01 2.000112854419621999e-01 2.415889704409335437e+01 9.160522465616686816e+00 7.850156344387483331e-01 9.160522465616686816e+00 1.559319913765759935e+01
2.683593422976521836e+01 1.345386012611383686e-01 -1.866359539728244199e+00 1.345386012611383686e-01 2.023772042048465281e+01 6.014831651113415667e+00 -1.866359539728244199e+00 6.014831651113415667e+00 1.286652119304918251e+01
4.088920990171915548e+01 -8.434865596764845819e+00 -6.948458221893560882e+00 -8.434865596764845819e+00 1.005374941315435677e+01 8.147554151742550488e+00 -6.948458221893560882e+00 8.147554151742550488e+00 1.911385110363622175e+01
2.290312194907293275e+01 -6.100184801929230183e+00 7.647620902396432108e+00 -6.100184801929230183e+00 2.146741561503043982e+01 -1.213589467240698827e+00 7.647620902396432108e+00 -1.213589467240698827e+00 2.019763099029860598e+01
1.228494253250040735e+01 -5.543474014819749662e+00 -4.621946706367087820e+00 -5.543474014819749662e+00 -1.044957045111059468e+00 1.283103549825804635e+01 -4.621946706367087820e+00 1.283103549825804635e+01 8.207693501661850632e+00
3.082917505766558985e+00 3.198387848881975581e-01 2.324214444194519391e+00 3.198387848881975581e-01 -3.058219743907036658e+00 -2.143721428488404968e+00 2.324214444194519391e+00 -2.143721428488404968e+00 5.556783220224007280e+00
-6.818073163599119191e+00 5.366169685020356184e+00 7.319652176705730540e+00 5.366169685020356184e+00 8.834856576951432672e+00 -9.087563507507455896e+00 7.319652176705730540e+00 -9.087563507507455896e+00 1.836852344937299719e+01
2.344123959096252108e+01 2.611024654111173682e+00 1.338343152379600776e+00 2.611024654111173682e+00 -9.368603212292846649e+00 1.018448848632484705e+01 1.338343152379600776e+00 1.018448848632484705e+01 2.711134285885370332e+01
4.923948940969037125e+00 -1.298246134510453453e-01 5.180280476656050404e+00 -1.298246134510453453e-01 3.137548009766157620e+01 -1.036478922146929271e+01 5.180280476656050404e+00 -1.036478922146929271e+01 -8.594360800186699734e-02
3.278245956068373346e+01 -2.487883735831953214e+00 -4.320390045252389122e+00 -2.487883735831953214e+00 2.562037018531740706e+00 1.657916733348595173e+01 -4.320390045252389122e+00 1.657916733348595173e+01 2.635974036914749163e+01
1.435112146927438026e+01 3.864172214497831437e+00 -3.845338656988614101e+00 3.864172214497831437e+00 -6.896339329829547893e+00 7.350634129255920968e+00 -3.845338656988614101e+00 7.350634129255920968e+00 7.676576136765129732e+00
-2.514079926877963583e-02 4.060852203220714607e+00 4.571715052646372790e+00 4.060852203220714607e+00 -1.164896023911751399e+01 5.267359103620571581e+00 4.571715052646372790e+00 5.267359103620571581e+00 -2.622777576762119534e+00
3.778014573266629839e+01 3.854288738757109645e+00 -5.545475388794898208e+00 3.854288738757109645e+00 3.403089615075496255e+01 4.148917458261004221e+00 -5.545475388794898208e+00 4.148917458261004221e+00 2.717930751702599323e+01
3.756064342733300521e+01 1.118218818333944098e+00 1.017538367799034393e+00 1.118218818333944098e+00 3.070575755685874952e+01 2.437970529707043976e+00 1.017538367799034393e+00 2.437970529707043976e+00 4.233022048340729526e+01
1.758165923027002719e+01 1.706443454107128499e+00 -2.297855692648157699e+00 1.706443454107128499e+00 9.036573282851932731e+00 6.179878931073506720e+00 -2.297855692648157699e+00 6.179878931073506720e+00 2.637345144121820439e+01
1.073133972853649887e+01 -1.458749687356870695e+01 -4.867704320151883479e+00 -1.458749687356870695e+01 7.667230622093119230e+00 4.624377598158285529e+00 -4.867704320151883479e+00 4.624377598158285529e+00 1.038884401422206283e+00
2.468573557192550894e+01 -7.352193604541617411e+00 -3.036571397135504391e+00 -7.352193604541617411e+00 -4.228102830966381731e+00 -2.012967853549281205e+00 -3.036571397135504391e+00 -2.012967853549281205e+00 1.135579515471071943e+01
2.969788672475468516e+01 2.902838177484533766e+00 -8.739263150044509487e+00 2.902838177484533766e+00 4.838798859887618420e+01 -6.713612016229288493e+00 -8.739263150044509487e+00 -6.713612016229288493e+00 2.744446805322904837e+01
1.079593046224006159e+01 -5.381686934716739756e+00 -5.455814248990229487e+00 -5.381686934716739756e+00 1.428719331142576543e+01 -1.156023368707103538e+00 -5.455814248990229487e+00 -1.156023368707103538e+00 2.892332151003072482e+01
5.871647356060362455e+01 -2.339269211793490566e+00 -7.942616859878883773e-01 -2.339269211793490566e+00 1.129280925080662534e+01 6.165304702773857670e+00 -7.942616859878883773e-01 6.165304702773857670e+00 5.930429885937103052e+01
1.737039009261351907e+01 5.165867107985839368e+00 -1.711954053324737268e+00 5.165867107985839368e+00 2.176484020202419156e+00 3.498265788035241464e+00 -1.711954053324737268e+00 3.498265788035241464e+00 2.814414295179551573e+01
-3.858513989666718658e+00 -5.055844572037609730e+00 4.771421311424868805e-01 -5.055844572037609730e+00 1.387235519899974712e+01 -3.233018077284766978e+00 4.771421311424868805e-01 -3.233018077284766978e+00 -1.145047456347890069e+01
1.011760138503805706e+01 -5.072544474252225655e+00 -2.486185884476943109e+00 -5.072544474252225655e+00 1.282587690489073395e+01 -1.779039389518575875e+00 -2.486185884476943109e+00 -1.779039389518575875e+00 3.599736019158724432e+00
3.450400455402215982e+01 9.487764346969511209e+00 1.267893802557389371e+01 9.487764346969511209e+00 1.793458794403738565e+01 5.743099628350672781e+00 1.267893802557389371e+01 5.743099628350672781e+00 1.538813129465143525e+01
2.742904818872244732e+01 -7.322771272114387386e+00 -9.105599522319215211e+00 -7.322771272114387386e+00 9.611572309979382611e-01 4.430879882663945502e+00 -9.105599522319215211e+00 4.430879882663945502e+00 2.956371836909049478e+00
2.132237729139466609e+01 2.385144900047424965e+00 -3.341392578901310473e-01 2.385144900047424965e+00 -1.391752882506484745e+01 1.301916919587377386e+01 -3.341392578901310473e-01 1.301916919587377386e+01 8.981970207267545803e+00
1.955669000300732563e+01 -3.961267680846538575e+00 7.668565596451762723e+00 -3.961267680846538575e+00 2.397482356312329799e+01 -8.437806706107766175e+00 7.668565596451762723e+00 -8.437806706107766175e+00 1.626950310996843285e+01
1.337045089611138415e+01 8.086340100841926670e+00 2.180825110833620961e+00 8.086340100841926670e+00 -1.938614274894956324e+01 8.847627760843586486e+00 2.180825110833620961e+00 8.847627760843586486e+00 1.026757048205790923e+01
-2.271099713960282429e+00 8.019366918580480785e+00 -8.991260564979082215e-01 8.019366918580480785e+00 1.811127896709874818e+01 -4.359919171978519081e+00 -8.991260564979082215e-01 -4.359919171978519081e+00 7.300814759171919910e+00
-1.720747526324007737e+01 -1.112088211923691539e+01 -6.623050841176973957e-01 -1.112088211923691539e+01 -1.388131001311255197e+01 -1.165111566286724853e+00 -6.623050841176973957e-01 -1.165111566286724853e+00 -1.787350564830188659e+01
-2.755685319941987732e+00 1.934542636028913742e+00 -1.124719063639554456e-01 1.934542636028913742e+00 4.757622884325922730e-01 -3.078157789047595294e-01 -1.124719063639554456e-01 -3.078157789047595294e-01 -2.564934832196733794e+00
2.620006771378028887e+01 9.828898035204717942e+00 7.633797900737878450e+00 9.828898035204717942e+00 1.200574132961367901e+01 6.177960392430860814e+00 7.633797900737878450e+00 6.177960392430860814e+00 1.305519429982582480e+01
9.113394290855445945e+00 3.916367822449965619e+00 -4.142380820602329372e+00 3.916367822449965619e+00 6.486263974128239518e+00 2.607218785991865850e+00 -4.142380820602329372e+00 2.607218785991865850e+00 -2.249808062290530764e+00
-5.261059061715906982e-01 1.224418691644371826e+01 8.528007823305205903e+00 1.224418691644371826e+01 2.363369913304115855e+01 -3.702242585458430657e+00 8.528007823305205903e+00 -3.702242585458430657e+00 3.185368656187897329e+01
3.702892004891894828e+01 -1.270251297896296450e+01 7.338908343862724060e+00 -1.270251297896296450e+01 5.097952157291828001e+01 1.226146077464934692e+01 7.338908343862724060e+00 1.226146077464934692e+01 5.296537370983212156e+01
2.199051014806476356e+00 3.650762248327573456e+00 2.023714741448073617e+00 3.650762248327573456e+00 3.357393371642140778e+01 -2.367982037725288702e+00 2.023714741448073617e+00 -2.367982037725288702e+00 6.680727732521762441e+00
-2.086942097549761677e+00 5.617166633790541930e+00 1.215393028937493902e+01 5.617166633790541930e+00 4.494755339161533136e+00 -1.300132048672967855e+01 1.215393028937493902e+01 -1.300132048672967855e+01 -7.633445984218533376e+00
