4.049046634006897705e+01 -7.332327490985764307e+00 3.897212769049412273e+00 -7.332327490985764307e+00 3.225523367312451484e+01 -8.397724611456371946e+00 3.897212769049412273e+00 -8.397724611456371946e+00 3.450997924186779642e+01
7.569865576496979109e-01 -1.491773125063403427e+00 -7.685664999184284030e-01 -1.491773125063403427e+00 3.586184586402688002e+00 -3.157634906482997827e+00 -7.685664999184284030e-01 -3.157634906482997827e+00 3.635851465172296404e+00
6.149662544389955521e+00 4.322299052760374405e-01 4.034089238659906762e+00 4.322299052760374405e-01 1.368148458230580511e+00 4.274263171744977718e+00 4.034089238659906762e+00 4.274263171744977718e+00 1.496393617517418129e+01
2.437530565358575529e+01 2.855072367618702311e-02 4.609060828982237679e-01 2.855072367618702311e-02 2.407215669725054852e+01 -5.150659245493458549e-01 4.609060828982237679e-01 -5.150659245493458549e-01 2.437391003975978165e+01
1.612552554012332706e+01 -7.543243819109682891e-01 1.482439940751030472e+00 -7.543243819109682891e-01 2.227450385186635273e+01 2.234770761915803483e+00 1.482439940751030472e+00 2.234770761915803483e+00 1.895412820931209197e+01
7.038959777626783598e+00 2.133218639079540180e-01 -3.631559604132525099e+00 2.133218639079540180e-01 4.510344309487594572e+00 -5.492749003002918684e+00 -3.631559604132525099e+00 -5.492749003002918684e+00 7.575022566553140990e+00
7.554301176583436472e+00 -1.147575586445305218e+00 -6.417215030426276501e-01 -1.147575586445305218e+00 4.173267295332575566e-01 1.882207884694975020e+00 -6.417215030426276501e-01 1.882207884694975020e+00 4.780848587028134311e+00
-6.240375989888762298e-01 -3.017863429841650014e+00 5.625880639519840187e+00 -3.017863429841650014e+00 7.887578983173511027e+00 2.736953799934484177e+00 5.625880639519840187e+00 2.736953799934484177e+00 7.019740806407681610e+00
8.593810241622390933e+00 6.495971647375961666e+00 -3.813679588718761337e+00 6.495971647375961666e+00 1.302838556853841823e+01 3.669680250807701771e+00 -3.813679588718761337e+00 3.669680250807701771e+00 8.992480099846853037e+00
1.192026433349782977e+01 -2.620023271442691204e+00 -2.272843708826469966e-01 -2.620023271442691204e+00 8.841401841504993087e+00 -2.882055050164786247e-01 -2.272843708826469966e-01 -2.882055050164786247e-01 6.409694140283693997e+00
1.239034829481951538e+00 1.428667533144428292e+00 -2.240202070015870461e+00 1.428667533144428292e+00 -7.498733920634549577e+00 9.839616985461682175e-01 -2.240202070015870461e+00 9.839616985461682175e-01 4.512623611919154065e+00
1.428366562750303181e+01 -5.348511141510598144e+00 1.918850309813477040e+00 -5.348511141510598144e+00 2.832036109853699557e+01 -4.928884809259150845e-01 1.918850309813477040e+00 -4.928884809259150845e-01 2.010312703939897361e+01
-2.703832823651707296e-01 1.314830334607796525e+00 -7.966634793845775997e-01 1.314830334607796525e+00 1.736741728030168730e+01 -5.636625616608931466e+00 -7.966634793845775997e-01 -5.636625616608931466e+00 2.066596375023600274e+01
2.207902804564243837e+01 -1.904804052966337480e+00 1.459841514206878577e+00 -1.904804052966337480e+00 7.543334278598734066e+00 -7.838798698018046629e+00 1.459841514206878577e+00 -7.838798698018046629e+00 1.521929303925965193e+01
1.101130907138549375e+01 -9.731863443151395288e+00 1.034412425088080489e+01 -9.731863443151395288e+00 4.832721498113192737e+00 -2.514099882440980149e+00 1.034412425088080489e+01 -2.514099882440980149e+00 2.303575424855803355e+00
3.092186114147490450e+00 -1.528547254334090333e+00 -5.239563643940082782e-01 -1.528547254334090333e+00 -9.678920989226831584e-02 -1.162736281410792438e+00 -5.239563643940082782e-01 -1.162736281410792438e+00 7.582415461777168630e+00
1.923028432608260374e+01 -1.148966117284294930e-01 3.870540083825985134e-01 -1.148966117284294930e-01 1.922326702920515018e+01 6.866110132913246789e-01 3.870540083825985134e-01 6.866110132913246789e-01 1.967935147033148269e+01
1.095283321437878854e+01 -2.603530891211555343e+00 4.731532573168339084e+00 -2.603530891211555343e+00 7.491957497476771977e+00 4.154474471319837825e+00 4.731532573168339084e+00 4.154474471319837825e+00 1.141391069947127512e+01
-1.253091323490718700e+01 -4.204465858317140148e-01 -5.443275171077978314e+00 -4.204465858317140148e-01 1.787905769358419406e+01 7.193380356473101145e+00 -5.443275171077978314e+00 7.193380356473101145e+00 7.435827230528501808e+00
2.854835740582919357e+01 -9.399274151324332749e-01 2.699787098554063292e+00 -9.399274151324332749e-01 2.338525549550966431e+01 -6.257159509746483828e-01 2.699787098554063292e+00 -6.257159509746483828e-01 2.923112197357410125e+01
-5.843155863522530025e-01 -1.108918149001202558e+00 1.037982224496259676e+01 -1.108918149001202558e+00 3.469219421672188997e+00 6.309305584462570948e+00 1.037982224496259676e+01 6.309305584462570948e+00 1.406279093611964903e+00
1.734153048890414794e+01 6.382402219482226080e+00 -4.027310957115927792e+00 6.382402219482226080e+00 8.728697871342527392e+00 5.978184022284389165e+00 -4.027310957115927792e+00 5.978184022284389165e+00 8.458709785548929716e+00
5.140197412005409916e+00 2.153202611243230369e-01 1.888852457184159173e+00 2.153202611243230369e-01 5.218057013067157079e+00 1.727439408187046110e+00 1.888852457184159173e+00 1.727439408187046110e+00 3.721416390742884772e+00
2.514188982786082960e+01 -4.846578795031764031e+00 1.368308832847912049e+00 -4.846578795031764031e+00 2.992252932232919704e+01 1.902488997882744393e+00 1.368308832847912049e+00 1.902488997882744393e+00 2.688709689599552988e+01
1.413948094967344815e+01 1.212049604919797963e+00 -2.604537213495878856e+00 1.212049604919797963e+00 4.459534314268449151e+00 8.412197744967617741e-01 -2.604537213495878856e+00 8.412197744967617741e-01 5.774601475106493353e+00
4.004556224483651761e+01 -1.270059265175288221e+00 2.177595676618572895e+00 -1.270059265175288221e+00 3.614770910657330916e+01 -1.487103260025519180e+00 2.177595676618572895e+00 -1.487103260025519180e+00 3.754371756505437219e+01
2.595517361166082893e+00 -1.696661732760990970e+00 1.105875576356006640e+00 -1.696661732760990970e+00 2.296460730049072474e+00 -1.394458952557936726e+00 1.105875576356006640e+00 -1.394458952557936726e+00 6.471865117978759407e+00
9.487863869976395748e+00 -2.526337338039529867e-01 5.868553963400708895e-01 -2.526337338039529867e-01 1.264763018874839062e+01 9.963804313091935427e-02 5.868553963400708895e-01 9.963804313091935427e-02 9.700374173066919070e+00
2.523560596066746697e+01 -3.064710626204846022e+00 3.772040805315177714e+00 -3.064710626204846022e+00 2.389742858252228430e+01 1.543779741500513003e+00 3.772040805315177714e+00 1.543779741500513003e+00 2.227780077372124978e+01
2.567909836168287274e+00 3.609736241692636405e+00 -1.956725106463740760e+00 3.609736241692636405e+00 5.314308319146327619e+00 2.310644166258093879e+00 -1.956725106463740760e+00 2.310644166258093879e+00 -7.806636876553049165e-01
3.240535261227967112e+01 3.047248875537447610e+00 -4.732027373729968289e+00 3.047248875537447610e+00 3.412783367934981982e+01 2.890964441116569805e+00 -4.732027373729968289e+00 2.890964441116569805e+00 3.083209108512247454e+01
1.621133146416597981e+01 -3.984458546004484791e+00 6.415373235450143596e+00 -3.984458546004484791e+00 3.198466966564089375e+01 -1.216651275949870881e+00 6.415373235450143596e+00 -1.216651275949870881e+00 3.140060612442322352e+01
2.040253069285354570e+01 1.807529923550475148e+00 -9.899764708101190802e-01 1.807529923550475148e+00 1.928070902210151871e+01 3.179416370319344320e+00 -9.899764708101190802e-01 3.179416370319344320e+00 1.931852593584401845e+01
4.787851680560094358e+00 -5.278502650693176479e-01 2.236785603209265894e+00 -5.278502650693176479e-01 1.726485322674028922e+01 -6.434108308770660756e-01 2.236785603209265894e+00 -6.434108308770660756e-01 1.611774251519873502e+01
9.770956709345631097e+00 2.744809895937350142e+00 -1.836396236800319270e+00 2.744809895937350142e+00 1.941725940767900127e+01 -5.790674013874417270e+00 -1.836396236800319270e+00 -5.790674013874417270e+00 1.587944626751857768e+01
9.432606916756899551e+00 1.488983801546930108e+00 -7.448033807965426245e-01 1.488983801546930108e+00 1.515045662951538397e+01 2.415360909831363756e+00 -7.448033807965426245e-01 2.415360909831363756e+00 1.126771059868470637e+01
8.886535380523747918e+00 -1.674289880104036898e+00 -2.510988342854694189e+00 -1.674289880104036898e+00 1.604264600641183591e+01 -4.367101969888943280e+00 -2.510988342854694189e+00 -4.367101969888943280e+00 1.882175223683202958e+01
1.905471285317016950e+01 2.313267693123639557e+00 4.428326174412283156e-01 2.313267693123639557e+00 1.425764597145533230e+01 -6.647721702855486914e-01 4.428326174412283156e-01 -6.647721702855486914e-01 4.980454458190756384e+00
3.901166003116352865e+00 -5.086053903179061919e+00 -1.975963761208671565e+00 -5.086053903179061919e+00 1.262265144196092148e+00 -3.133532228801554798e+00 -1.975963761208671565e+00 -3.133532228801554798e+00 -8.102623247151800712e+00
2.210704564538412953e+01 -4.011185172284976730e+00 4.963784131862993831e+00 -4.011185172284976730e+00 2.592945758718850868e+01 -7.096059499214418587e+00 4.963784131862993831e+00 -7.096059499214418587e+00 2.696775656016077249e+01
3.582644471622956672e+01 3.686222964289662229e+00 2.853879640285071351e-01 3.686222964289662229e+00 3.680463696777032112e+01 -2.994903981100466295e-01 2.853879640285071351e-01 -2.994903981100466295e-01 3.507711398990863216e+01
-1.599524753523744014e+00 1.631323914194888980e+00 -2.093630977800241766e+00 1.631323914194888980e+00 -1.665575303718205724e+00 2.269305240015853986e+00 -2.093630977800241766e+00 2.269305240015853986e+00 1.130861710893470118e+01
3.236877411600408294e+01 -6.563856660892080086e+00 5.416216870437487785e+00 -6.563856660892080086e+00 3.658183512356357170e+01 -1.095917077637296266e+01 5.416216870437487785e+00 -1.095917077637296266e+01 2.864817360814892666e+01
1.407173537656849049e+01 2.098721659012547924e+00 3.729826230766243589e-02 2.098721659012547924e+00 1.221286622507099473e+01 -2.764554153073924603e+00 3.729826230766243589e-02 -2.764554153073924603e+00 1.358167742609548334e+01
-1.656160086245023422e+00 -4.121956193275104319e+00 -3.109220723525652819e+00 -4.121956193275104319e+00 2.402628986220577545e+01 9.792098379425562271e+00 -3.109220723525652819e+00 9.792098379425562271e+00 1.563642828528474027e+01
7.144050938989955135e+00 2.583032631610792773e+00 -1.000720456887279203e-01 2.583032631610792773e+00 7.746605093955905019e+00 -3.762656552713644076e-01 -1.000720456887279203e-01 -3.762656552713644076e-01 9.279227619698634300e+00
3.128010695637438943e+01 5.463166262676602436e+00 -5.423110577700575696e+00 5.463166262676602436e+00 3.526174271204089905e+01 7.075267176129382385e+00 -5.423110577700575696e+00 7.075267176129382385e+00 3.262008353379956560e+01
1.352357906490945449e+00 -1.481350677782612202e+00 -1.262201816902342122e+00 -1.481350677782612202e+00 3.232584410277366871e+00 8.768367062960363612e+00 -1.262201816902342122e+00 8.768367062960363612e+00 2.346101057604222939e-01
9.613657994142638330e+00 2.045886661278002006e+00 4.901055962346220207e-01 2.045886661278002006e+00 1.805805409357365932e+01 -3.782861847106533393e+00 4.901055962346220207e-01 -3.782861847106533393e+00 1.698324637537769410e+00
7.215495616300654724e+00 3.938006042540384666e+00 2.931023845942358097e+00 3.938006042540384666e+00 5.479255835127324836e+00 7.271816062306952766e+00 2.931023845942358097e+00 7.271816062306952766e+00 2.394004482130220435e+00
