-2.467645468007711429e+01 -4.591951219377551574e+00 2.099021617108064230e+00 -4.591951219377551574e+00 -2.013299743802848951e+01 3.307730564522429972e+00 2.099021617108064230e+00 3.307730564522429972e+00 -1.616297782213076673e+01
-2.047137195581074920e+01 -8.560356762151609900e+00 3.795678538480902642e+00 -8.560356762151609900e+00 -1.938476498505434975e+01 -2.714113250662832932e-01 3.795678538480902642e+00 -2.714113250662832932e-01 -8.873233312595196765e+00
-5.067894831358443763e-01 2.034823614787447527e-02 1.088176958980173081e+00 2.034823614787447527e-02 2.342085235687122591e+01 -2.820267157628787658e+00 1.088176958980173081e+00 -2.820267157628787658e+00 -7.839252576346653179e+00
-1.453094749320104384e+01 -4.650022600550605567e+00 3.206550356651341360e+00 -4.650022600550605567e+00 -1.179931869451642612e+01 1.803823328784471380e+00 3.206550356651341360e+00 1.803823328784471380e+00 -1.766881556737346060e+01
-2.311509954882385642e+01 -4.995856563073049483e-01 1.130499136317517639e+00 -4.995856563073049483e-01 -1.622533519705790894e+01 -4.595660422812622770e+00 1.130499136317517639e+00 -4.595660422812622770e+00 -1.749515552757925008e+01
-9.790660464751489656e+00 8.206440570330748585e+00 -3.417047334729920394e+00 8.206440570330748585e+00 -6.182186836486681436e+00 -2.684720054406043666e+00 -3.417047334729920394e+00 -2.684720054406043666e+00 -1.444884225758799268e+00
-4.506447218689673129e+00 -1.649926691060044970e+00 3.481922696945031426e+00 -1.649926691060044970e+00 -1.486272975858561729e+01 -2.634496777399108591e+00 3.481922696945031426e+00 -2.634496777399108591e+00 -3.748127260680133244e+00
2.458857274613557742e+00 7.279032453818845561e+00 6.407719246068420027e+00 7.279032453818845561e+00 1.330369810976300693e+00 -5.017563785923304209e+00 6.407719246068420027e+00 -5.017563785923304209e+00 -8.754279202489785305e+00
2.005022683712944698e+01 -2.678610716682460424e+00 -3.130366340033478023e-01 -2.678610716682460424e+00 8.670496605678994939e+00 -6.132567087941859896e+00 -3.130366340033478023e-01 -6.132567087941859896e+00 -1.111555622785747932e+00
-1.589974255946382975e+00 -1.717312327852941856e+00 -2.461358066537534750e+00 -1.717312327852941856e+00 1.212685369000519842e+01 7.937661117249147580e+00 -2.461358066537534750e+00 7.937661117249147580e+00 -9.943992467718066885e-01
6.406530008508093843e+00 3.501758370168344570e+00 2.724375732405675876e+00 3.501758370168344570e+00 1.084320308417477285e+01 -6.898738816572659083e+00 2.724375732405675876e+00 -6.898738816572659083e+00 2.177020787103216293e+01
-1.393258617724868742e+01 5.017622754107002869e+00 5.466340144536697698e-01 5.017622754107002869e+00 -1.833220477274178251e+01 -6.355942473551732252e-01 5.466340144536697698e-01 -6.355942473551732252e-01 -2.530607457312083142e+01
-3.123889885166481761e+01 1.522124704445090293e+00 1.924819089372352243e+00 1.522124704445090293e+00 -1.782027643918554105e+01 -2.953510051269169878e+00 1.924819089372352243e+00 -2.953510051269169878e+00 -3.165048199903247195e+01
2.445160199932396949e+01 -2.585777976065882555e+00 4.145661656708889531e+00 -2.585777976065882555e+00 2.670627687186396315e+01 -2.072774341740749371e+00 4.145661656708889531e+00 -2.072774341740749371e+00 1.553812733140730096e+01
-1.452094969232499366e+01 -3.326178891922382697e+00 -1.067665408012788003e-01 -3.326178891922382697e+00 -1.476018378076943094e+01 -2.666594909014486703e+00 -1.067665408012788003e-01 -2.666594909014486703e+00 -3.184307291183732680e+00
-2.642795842527128869e+01 -1.475035039486209731e+00 1.324841903588102054e+00 -1.475035039486209731e+00 -1.565686576393434493e+01 2.637125494809963389e+00 1.324841903588102054e+00 2.637125494809963389e+00 -5.623210918219246679e+00
1.365457568857865311e+01 6.391803331819577494e+00 8.997540826736476482e-01 6.391803331819577494e+00 1.319443164770858345e+01 4.907094100179861584e+00 8.997540826736476482e-01 4.907094100179861584e+00 8.330157662098333304e+00
7.103037171886534829e-01 8.501732243260287092e+00 -6.620733658953934508e+00 8.501732243260287092e+00 -4.574753586067321187e+00 -2.215877372714275817e-01 -6.620733658953934508e+00 -2.215877372714275817e-01 -5.790610660216970906e+00
1.123778187925561767e+01 4.345614847156237914e+00 -7.715713044401070753e-02 4.345614847156237914e+00 1.196998873282350573e+01 1.755265575696444591e+00 -7.715713044401070753e-02 1.755265575696444591e+00 4.013910958456882727e-01
1.968982175433819748e+01 -9.081315481470145556e+00 7.774603699909522270e+00 -9.081315481470145556e+00 2.186800746674475704e+01 -2.897077918908411487e+00 7.774603699909522270e+00 -2.897077918908411487e+00 1.542436977219241889e+01
-2.613395039902099093e+00 -1.683281962392556119e+00 -1.315452657165548267e+00 -1.683281962392556119e+00 3.439604601461881739e+00 8.259886703355543425e-01 -1.315452657165548267e+00 8.259886703355543425e-01 5.203930934702537314e+00
2.899427829910465437e+00 6.075203802984157520e+00 -2.204571809385589720e+00 6.075203802984157520e+00 4.659187411940131085e+00 -2.881434533003154552e+00 -2.204571809385589720e+00 -2.881434533003154552e+00 6.740169912074629011e+00
2.013295443190404654e+01 -1.628478702720498106e+00 -1.675993509857927277e+00 -1.628478702720498106e+00 5.898678364020285336e+00 6.506880939938646691e+00 -1.675993509857927277e+00 6.506880939938646691e+00 -5.665729032236487939e+00
1.808651982798381397e+01 -5.549303930805313811e+00 -7.187164355337951616e-01 -5.549303930805313811e+00 1.631136200189319752e+01 3.616813821609207835e+00 -7.187164355337951616e-01 3.616813821609207835e+00 2.175055282217718400e+01
1.423835454918557009e+00 3.976991116754868383e+00 3.757661741576112213e+00 3.976991116754868383e+00 -8.843646041595848217e+00 -2.831655427098124012e+00 3.757661741576112213e+00 -2.831655427098124012e+00 -2.982087459476308045e+00
-1.402287055890474976e+00 1.864479014482986585e+00 -3.054635992094400176e+00 1.864479014482986585e+00 -3.309159268942875798e+01 -3.232524031539981024e+00 -3.054635992094400176e+00 -3.232524031539981024e+00 -1.285960631998878334e+01
1.175687773941083059e+01 -1.742512680587776197e+00 4.645825536523116916e+00 -1.742512680587776197e+00 8.707607167534877846e+00 -4.666886522248402613e+00 4.645825536523116916e+00 -4.666886522248402613e+00 1.340748903310344353e+01
4.700230934524199378e-01 -3.861100670577631622e+00 -3.415427213142243179e+00 -3.861100670577631622e+00 -1.518289466390917042e+01 4.009573397471204892e+00 -3.415427213142243179e+00 4.009573397471204892e+00 1.272548972455174621e+01
1.418313179713112682e+01 -3.902803463403572870e+00 -1.016036434149760748e+00 -3.902803463403572870e+00 6.401419201470166520e+00 -1.631194878749073485e-01 -1.016036434149760748e+00 -1.631194878749073485e-01 1.480027559866963394e+01
1.303262136839240348e+01 -5.076589106345454461e+00 -1.913479126458919044e+00 -5.076589106345454461e+00 9.102555372641875309e+00 -2.090248334576637335e-01 -1.913479126458919044e+00 -2.090248334576637335e-01 -1.567274308189583465e-01
1.375620906030722601e+01 7.181117282695502091e+00 -1.243403716726263708e+00 7.181117282695502091e+00 1.993050854091790569e+01 3.785965147886774851e+00 -1.243403716726263708e+00 3.785965147886774851e+00 1.330051881219365661e+01
-1.264189411735253721e+01 1.050857078810171874e+00 3.370839021355432674e+00 1.050857078810171874e+00 -2.622571003079121255e+01 -1.041775000880285296e+00 3.370839021355432674e+00 -1.041775000880285296e+00 -9.946272077799431344e+00
1.319869692201044842e+01 -3.514398894837510667e+00 -2.522284789401697758e+00 -3.514398894837510667e+00 1.064205170391109689e+01 5.596039351297731557e+00 -2.522284789401697758e+00 5.596039351297731557e+00 6.712095931410339666e+00
-1.308100000772146210e+01 -6.807217768663501034e-02 2.950155465841436619e+00 -6.807217768663501034e-02 -1.174942544141307010e+01 -2.113142524913409037e+00 2.950155465841436619e+00 -2.113142524913409037e+00 2.349566023091455236e+00
-1.067279053970555402e+01 -4.628547937262765366e+00 -3.157611225239801422e-01 -4.628547937262765366e+00 5.882867476391828276e+00 1.555856511832224509e+00 -3.157611225239801422e-01 1.555856511832224509e+00 -1.739695625562410086e+01
-1.246682724122069352e+01 2.368893832867953630e+00 1.922131444206223616e+00 2.368893832867953630e+00 -3.529387820966660705e+00 8.364976151384985181e-01 1.922131444206223616e+00 8.364976151384985181e-01 -4.689047800806527277e+00
2.481578409283253350e+01 3.881592771035661027e+00 1.652598848099627871e-01 3.881592771035661027e+00 6.045122348242481181e+00 -1.981099016240508159e-01 1.652598848099627871e-01 -1.981099016240508159e-01 -2.296819211239341296e+00
1.982593793067891497e+01 7.088611462103581395e+00 3.377214728901753449e-01 7.088611462103581395e+00 2.204498555442128449e+01 -1.861401950341911249e+00 3.377214728901753449e-01 -1.861401950341911249e+00 1.556159732753227409e+01
-2.504245493479750451e+01 3.181091591531477913e+00 -2.353405065578562105e+00 3.181091591531477913e+00 -1.781401887485204938e+01 1.539166804910004682e+00 -2.353405065578562105e+00 1.539166804910004682e+00 -1.251507800973797124e+01
5.430584362137000909e+00 9.580322945560414638e+00 -2.465831787351577542e-01 9.580322945560414638e+00 2.270141439605642297e+00 -3.599738866066207188e-01 -2.465831787351577542e-01 -3.599738866066207188e-01 -1.187879115214132142e+01
1.227907902743020685e+01 -1.061333446167096239e+00 -1.467647656965471503e+00 -1.061333446167096239e+00 -6.350377622428242219e+00 4.589574747174861358e+00 -1.467647656965471503e+00 4.589574747174861358e+00 4.120338626389370873e+00
6.334563096323558185e+00 2.269675905007086936e+00 -5.947530604059539927e-01 2.269675905007086936e+00 -8.890102019501176400e+00 1.651046964939797190e+00 -5.947530604059539927e-01 1.651046964939797190e+00 2.029837878784555905e+00
3.459294956978660629e+00 6.338491233566559302e+00 -1.412782944721257650e+00 6.338491233566559302e+00 8.106835750420021469e+00 1.205656998302705452e+00 -1.412782944721257650e+00 1.205656998302705452e+00 -7.878175430336082030e+00
7.575879838421751833e-01 2.626239450548263576e+00 -8.499457812125177369e-02 2.626239450548263576e+00 1.384008022511753921e+01 -1.940138614524263838e+00 -8.499457812125177369e-02 -1.940138614524263838e+00 6.127513714842256487e-01
-7.453048289372190105e+00 6.819567411253928402e-01 -9.873971695431325024e-01 6.819567411253928402e-01 -7.371807942421427562e+00 -7.750109734257932814e-01 -9.873971695431325024e-01 -7.750109734257932814e-01 -1.120200814102499187e+01
1.948697136251282203e+01 -2.459269472286759850e+00 -1.060815309575845689e+00 -2.459269472286759850e+00 -2.060966404946364516e+00 5.079709993021600312e+00 -1.060815309575845689e+00 5.079709993021600312e+00 1.502804968041784761e+01
1.376183388320220224e+01 7.440775525143423774e-01 4.414894650425006617e+00 7.440775525143423774e-01 1.589252330467636654e+01 -6.082363820580876101e+00 4.414894650425006617e+00 -6.082363820580876101e+00 1.418861712829970312e+00
-1.270817374974272829e+00 5.969920713960742198e+00 2.246928804997572193e+00 5.969920713960742198e+00 -7.045966181456706501e+00 -5.696298954033061968e+00 2.246928804997572193e+00 -5.696298954033061968e+00 -1.058787399300550902e+01
9.593351138743908990e+00 -8.011658184046503095e+00 3.808787628555656557e+00 -8.011658184046503095e+00 1.211685396293587225e+01 -7.486518293964606663e+00 3.808787628555656557e+00 -7.486518293964606663e+00 -2.331942665714100027e+00
-8.443056536407503643e+00 8.308568901311334187e+00 -3.080830987534990406e+00 8.308568901311334187e+00 -7.840302198197236727e+00 -5.523909418028677409e-02 -3.080830987534990406e+00 -5.523909418028677409e-02 -2.828409210573900268e+01
