-9.134677736776898982e+00 -3.814397315933672150e+00 -2.997125860199210123e+00 -3.814397315933672150e+00 -1.152021930279840412e+01 5.287812117114566668e+00 -2.997125860199210123e+00 5.287812117114566668e+00 -1.014708644253475178e+01
-8.555857764304281021e-01 -4.166302897976889241e+00 -4.358088363701093648e+00 -4.166302897976889241e+00 -2.429244905585101577e+01 4.779622809788834914e+00 -4.358088363701093648e+00 4.779622809788834914e+00 -2.582119993808103686e+01
2.402694180607889862e+00 3.106567200882593416e-01 -5.806208920867506063e-01 3.106567200882593416e-01 1.669682511939032210e+01 -3.253679897102027319e+00 -5.806208920867506063e-01 -3.253679897102027319e+00 6.511235820079828152e+00
-5.881317423314084358e+00 7.612579768244502887e+00 5.580239241219310031e+00 7.612579768244502887e+00 -1.599607116311288202e+01 4.961083190395630282e+00 5.580239241219310031e+00 4.961083190395630282e+00 1.079948992145578268e+00
-1.950748106352060063e+01 5.492211019861239940e+00 4.620784244273297148e+00 5.492211019861239940e+00 -1.630498686401123010e+01 -1.683386391168809337e-01 4.620784244273297148e+00 -1.683386391168809337e-01 -1.401526266621001682e+01
-3.651391169496488676e+00 -1.098610802301370759e+00 -7.053509944932253584e-01 -1.098610802301370759e+00 -2.422259426815256944e+01 5.715503855777503972e+00 -7.053509944932253584e-01 5.715503855777503972e+00 -2.263946788242781949e+01
-6.134602289393102481e+00 -7.614569775520066419e-02 -4.224550635995844572e-01 -7.614569775520066419e-02 -1.258178577737183090e+01 3.724930119372145576e+00 -4.224550635995844572e-01 3.724930119372145576e+00 -9.371284069474555167e+00
-3.671035113686428275e+01 1.432836593707550010e+00 2.105008144837412054e+00 1.432836593707550010e+00 -2.386357496530732547e+01 -7.480150049586849370e+00 2.105008144837412054e+00 -7.480150049586849370e+00 -4.055288932165598048e+00
-1.480820152433697423e+01 -3.319273193364014052e-01 2.966396547885763901e+00 -3.319273193364014052e-01 5.410057755445948580e+00 -1.523142875336165547e+00 2.966396547885763901e+00 -1.523142875336165547e+00 4.016041413843255192e+00
-2.056297010884075860e+01 -5.690339792952028297e-01 1.023118521126458846e+00 -5.690339792952028297e-01 -4.223006515016031415e+01 3.197584487958746280e+00 1.023118521126458846e+00 3.197584487958746280e+00 -3.746508282997245232e+01
-2.415220368833741027e+00 -1.506259409941353100e+00 2.940703710603108645e-01 -1.506259409941353100e+00 1.224443222693054167e+01 -4.036231902840849983e-01 2.940703710603108645e-01 -4.036231902840849983e-01 6.424633101898575838e+00
-4.775313098411875679e+00 7.499234379306048304e+00 7.892137952015371383e+00 7.499234379306048304e+00 3.378512263224580181e+01 -8.178655388840899931e+00 7.892137952015371383e+00 -8.178655388840899931e+00 2.623521009344097621e+01
-2.366152884971297254e+01 -8.170041014723436135e+00 -1.120334088625846380e+00 -8.170041014723436135e+00 -5.951987989558648273e+00 -4.012567071870362767e+00 -1.120334088625846380e+00 -4.012567071870362767e+00 -1.412286120631891251e+01
-1.806446855583173772e+01 -2.940032157015778580e+00 -2.687455338510673641e+00 -2.940032157015778580e+00 -2.625334442268058055e+01 -5.060197215282390415e-01 -2.687455338510673641e+00 -5.060197215282390415e-01 -2.079813639268795100e+01
-1.926296857350026315e+01 -2.521997004186056213e+00 -3.402058809112195714e+00 -2.521997004186056213e+00 -6.897334711593946288e+00 2.685607088877572046e+00 -3.402058809112195714e+00 2.685607088877572046e+00 -1.357178800602244451e+01
-3.197950124461614152e+01 1.676434484816877069e+00 -1.702145322136713546e+00 1.676434484816877069e+00 -3.314325453041075065e+01 1.457622816436858315e+00 -1.702145322136713546e+00 1.457622816436858315e+00 -3.270187791728950089e+01
4.438062200580957573e+00 -2.790092059495173249e+00 2.759546360709914589e-02 -2.790092059495173249e+00 -2.837522945502985561e+00 5.071669565082366660e+00 2.759546360709914589e-02 5.071669565082366660e+00 -5.178460034586588989e+00
-2.121978725430011536e+00 1.392672562878680464e+00 1.729864371745979845e+00 1.392672562878680464e+00 6.640903625751226613e+00 2.746921917818763603e+00 1.729864371745979845e+00 2.746921917818763603e+00 1.909756667065815350e+01
-2.187594313090602149e+00 -5.555688744760003850e+00 -5.210571897158749799e+00 -5.555688744760003850e+00 -1.221390520631284637e+01 6.808496207243246445e+00 -5.210571897158749799e+00 6.808496207243246445e+00 -7.910883664524959613e+00
-4.775313098411875679e+00 7.499234379306048304e+00 7.892137952015371383e+00 7.499234379306048304e+00 3.378512263224580181e+01 -8.178655388840899931e+00 7.892137952015371383e+00 -8.178655388840899931e+00 2.623521009344097621e+01
-1.150979449610359495e+01 6.092880707598248291e-01 9.539060084213096813e-01 6.092880707598248291e-01 -1.365963698517021641e+01 2.799634403214473100e+00 9.539060084213096813e-01 2.799634403214473100e+00 -1.069967917456664885e+01
-1.547271755997373965e+01 2.116302194573850493e+00 3.653947033538146982e+00 2.116302194573850493e+00 -5.876366900816247352e+00 5.148891971923628574e+00 3.653947033538146982e+00 5.148891971923628574e+00 -9.068917918944578105e+00
-1.678950152564955189e+01 -3.016347434802008731e+00 -1.699021693170823744e+00 -3.016347434802008731e+00 -2.391836794846332026e+01 2.088676219482671126e+00 -1.699021693170823744e+00 2.088676219482671126e+00 -2.533781996529544855e+01
-2.664233288775411168e+01 1.659053196672798824e+00 2.448092535726452690e-01 1.659053196672798824e+00 -1.312388758026137658e+01 -1.087134289642833540e+00 2.448092535726452690e-01 -1.087134289642833540e+00 -9.207347108837911520e+00
-4.612048704190319981e+00 -3.307550305655232448e-01 1.466393319874634560e-01 -3.307550305655232448e-01 -6.425780262668095766e+00 3.301337916045200327e+00 1.466393319874634560e-01 3.301337916045200327e+00 -1.508750368708992617e+01
-1.088119504853419528e+01 -1.186776426351017433e+00 -7.825879407928275633e-01 -1.186776426351017433e+00 -1.120083926216958226e+01 2.294156335440141525e+00 -7.825879407928275633e-01 2.294156335440141525e+00 -1.082402888601204616e+01
-2.829864702587326164e+01 4.401053528271767767e+00 1.107302476869082009e+00 4.401053528271767767e+00 6.082187490155994247e+00 -3.661555661214903168e+00 1.107302476869082009e+00 -3.661555661214903168e+00 -4.890263473079428991e+00
7.373006685944856642e+00 -1.002986627209384451e+01 -4.668821053495171292e+00 -1.002986627209384451e+01 -5.010757238845465977e+00 7.381249646766314676e+00 -4.668821053495171292e+00 7.381249646766314676e+00 -8.701661244024528230e+00
1.976046805380276083e+01 -2.154446015691350969e+00 -3.613356915973123140e+00 -2.154446015691350969e+00 1.917120447129718386e+01 1.856978430079086362e+00 -3.613356915973123140e+00 1.856978430079086362e+00 1.180465087820584102e+01
-1.714767409729621050e+00 8.418446990164376587e+00 1.921076528934334782e+00 8.418446990164376587e+00 -5.459137167521011413e+00 7.028130032470277122e+00 1.921076528934334782e+00 7.028130032470277122e+00 -6.623712556371458504e+00
-1.884765504539151593e+01 -1.960336772894733848e+00 -1.564729355951856693e+00 -1.960336772894733848e+00 -2.607796498755889303e+01 8.202606295699988337e+00 -1.564729355951856693e+00 8.202606295699988337e+00 -2.369846412923494228e+01
-1.626975364622533604e+01 -5.908840241872479915e+00 -3.331417898766368069e+00 -5.908840241872479915e+00 4.542991982368235426e+00 -6.151842138255962933e-01 -3.331417898766368069e+00 -6.151842138255962933e-01 -6.344616386277473374e+00
-3.721667508471755781e+01 -6.589242926445492143e-01 -1.537988340647542529e+00 -6.589242926445492143e-01 -1.423056356945246925e+01 -5.088958405843369448e+00 -1.537988340647542529e+00 -5.088958405843369448e+00 -1.947357554496491616e+01
-2.609655693748292649e+01 3.625254118734472786e-01 -3.842374781728494781e-01 3.625254118734472786e-01 -9.261826296778856715e+00 -4.877271054243592197e+00 -3.842374781728494781e-01 -4.877271054243592197e+00 -2.218475969977605899e+01
-6.708797804588922276e+00 3.183227060904873174e+00 3.040070627012147142e+00 3.183227060904873174e+00 -1.844853512341140345e+01 1.306970925353536650e+00 3.040070627012147142e+00 1.306970925353536650e+00 -1.087383367192882311e+01
-3.837461139636174412e+00 2.975043177856875332e+00 -3.357170793333537073e+00 2.975043177856875332e+00 -3.367149529797235630e+01 1.250889256920754811e+01 -3.357170793333537073e+00 1.250889256920754811e+01 -6.632729506024612753e+00
-1.842826544919235587e+01 -2.958793295868392459e+00 -5.076211976850364405e-01 -2.958793295868392459e+00 -3.078922750175996015e+01 4.887696115655764117e+00 -5.076211976850364405e-01 4.887696115655764117e+00 -2.768115545078112660e+01
-3.637361253399796546e+00 -4.589027054709918119e+00 -4.556485881523683723e+00 -4.589027054709918119e+00 -1.741855654500808726e+01 1.766988358858706976e+00 -4.556485881523683723e+00 1.766988358858706976e+00 -1.334156242481960675e+01
-1.379206825360028255e+01 -1.530527911249169315e-01 7.322076646083747198e-01 -1.530527911249169315e-01 -1.430768999086791204e+01 5.211820110915007298e+00 7.322076646083747198e-01 5.211820110915007298e+00 -1.251699543059258524e+01
-9.273827842912677255e+00 -1.211269795263447469e+00 -7.184221849039679197e-01 -1.211269795263447469e+00 -2.194784704281988130e+00 9.961180586085681687e-01 -7.184221849039679197e-01 9.961180586085681687e-01 -8.347233288699191789e+00
1.863792897883331801e+00 -7.853287671212932253e+00 -4.441699160312229111e+00 -7.853287671212932253e+00 -2.821886128291676066e+00 5.939046486944428160e+00 -4.441699160312229111e+00 5.939046486944428160e+00 3.381966402114537473e+00
6.993133438200899832e+00 -2.668207139135258643e+00 -2.276226420625859781e+00 -2.668207139135258643e+00 -1.715989767221780582e+01 9.773649299681073543e+00 -2.276226420625859781e+00 9.773649299681073543e+00 -1.023569987876484078e+01
3.009687837938254162e+01 2.630525233786530581e+00 8.702342440525603351e+00 2.630525233786530581e+00 2.859073267236301064e+00 1.078027763666280592e+01 8.702342440525603351e+00 1.078027763666280592e+01 -3.855431597222200857e-01
-5.942956779207323237e+00 -1.674180891251950465e+00 -7.351767984820701818e-01 -1.674180891251950465e+00 -1.223929968401075996e+01 2.944444258045622487e+00 -7.351767984820701818e-01 2.944444258045622487e+00 -9.016558549145150536e+00
1.391513864006358681e+01 -9.130326522169211145e+00 -6.964841070970843262e+00 -9.130326522169211145e+00 1.829768661390975737e+01 5.800670307505294332e+00 -6.964841070970843262e+00 5.800670307505294332e+00 9.657345655869127299e+00
-4.775313098411875679e+00 7.499234379306048304e+00 7.892137952015371383e+00 7.499234379306048304e+00 3.378512263224580181e+01 -8.178655388840899931e+00 7.892137952015371383e+00 -8.178655388840899931e+00 2.623521009344097621e+01
1.670416805842328500e+01 -2.604842740385613364e+00 -2.006837534892484953e+00 -2.604842740385613364e+00 2.271971101135817150e+01 -7.386525232882306113e-01 -2.006837534892484953e+00 -7.386525232882306113e-01 1.880130376861163199e+01
3.945268059373920977e+01 -1.477511009202827630e+00 -6.478731961110614224e-01 -1.477511009202827630e+00 7.613219321293939856e+00 7.332240045727102640e+00 -6.478731961110614224e-01 7.332240045727102640e+00 7.710401753897495603e+00
-1.442851823510380704e+01 8.147340538700574841e-01 8.674314627127793775e-01 8.147340538700574841e-01 -1.469709950682609367e+01 2.725242954281273722e+00 8.674314627127793775e-01 2.725242954281273722e+00 -1.281940051752022036e+01
-1.212194941756981059e+01 -2.721987819421925803e+00 -1.122121260875863946e+00 -2.721987819421925803e+00 -1.709636794415526140e+01 7.978244513254390213e+00 -1.122121260875863946e+00 7.978244513254390213e+00 -1.126814720014662363e+01
