-2.332379646476116974e+01 4.148400810745482836e+00 -1.899967995437374269e+00 4.148400810745482836e+00 -1.624111601821841688e+01 3.868836974129717277e+00 -1.899967995437374269e+00 3.868836974129717277e+00 -2.564693395517842589e+01
1.816220766801119879e+01 4.284007779109046510e+00 -3.195368771693952725e-01 4.284007779109046510e+00 -5.958461996745518796e+00 -2.509790393273634290e+00 -3.195368771693952725e-01 -2.509790393273634290e+00 3.257274429926690829e+01
3.014830019675272510e+01 -1.042504513856099457e+01 -2.052357398820277457e+00 -1.042504513856099457e+01 1.765657956249817317e+01 -3.180695072669139645e+00 -2.052357398820277457e+00 -3.180695072669139645e+00 3.455139458120113005e+01
1.120406415325535576e+01 -1.201834547188542990e+00 -1.139950010598937080e+00 -1.201834547188542990e+00 5.883302867909848466e+00 -4.502731205820081906e-01 -1.139950010598937080e+00 -4.502731205820081906e-01 6.629521328077560227e+00
1.337705709306307789e+01 4.198310760787744567e-01 -6.945004232090181695e+00 4.198310760787744567e-01 8.778746487343219940e+00 -1.505011283376338493e-01 -6.945004232090181695e+00 -1.505011283376338493e-01 1.588948874073615869e+01
1.210230941572929275e+01 -1.942345447070220832e+00 -4.159574026421924309e+00 -1.942345447070220832e+00 1.202272893134594156e+01 1.572014751762320861e+00 -4.159574026421924309e+00 1.572014751762320861e+00 1.111858555288332795e+01
2.148366121745756629e+01 5.856419308172326588e+00 -9.565222951969399867e-01 5.856419308172326588e+00 2.068954415439197803e+01 1.651868579274271276e-01 -9.565222951969399867e-01 1.651868579274271276e-01 3.637976872995389499e+01
5.080226377698489948e+00 2.857430609459670201e+00 -8.342919272687684407e-01 2.857430609459670201e+00 2.768277926148182466e+00 -4.488274060723324715e-02 -8.342919272687684407e-01 -4.488274060723324715e-02 2.255537581109566148e+00
-9.497189278316454875e+00 -4.085046543441868572e+00 2.503376545108281892e+00 -4.085046543441868572e+00 -2.695996595203188662e+01 2.523731119082393892e+00 2.503376545108281892e+00 2.523731119082393892e+00 -2.214581470205279601e+01
1.334984534096995112e+01 -1.629043224497949183e+01 -4.598344585222177372e+00 -1.629043224497949183e+01 1.883246817167415443e+01 -6.394544842437084320e+00 -4.598344585222177372e+00 -6.394544842437084320e+00 1.415579239761017405e+01
4.026549631689337438e+00 -1.515253110701795913e+00 -2.940020633670768824e+00 -1.515253110701795913e+00 7.748130412546219148e+00 -4.161622442823471602e+00 -2.940020633670768824e+00 -4.161622442823471602e+00 -3.775601051947342079e-01
-2.368336883295366346e-01 -9.776943382491132262e-02 -2.317276438051072140e-01 -9.776943382491132262e-02 3.743944265216113454e+00 -3.120388490405389681e-01 -2.317276438051072140e-01 -3.120388490405389681e-01 2.605514328317023232e+00
3.029216783706762683e+01 1.006755872492189141e+01 3.395709034978907859e+00 1.006755872492189141e+01 1.310910545742752475e+01 5.224430028520699487e+00 3.395709034978907859e+00 5.224430028520699487e+00 8.459886551935653642e+00
1.973132056859011030e+01 -2.284894441828754896e+00 -2.369241868265782092e+00 -2.284894441828754896e+00 1.156421188491271579e+01 -1.519297669629188663e+00 -2.369241868265782092e+00 -1.519297669629188663e+00 2.794197611008686266e+01
-1.338240872959935324e+01 2.564771874105778782e+00 -3.387700041089946712e+00 2.564771874105778782e+00 -1.522003686289785307e+01 3.576973192162472559e-01 -3.387700041089946712e+00 3.576973192162472559e-01 -3.981568720727990840e+00
8.762215071810723899e+00 6.934728292668262961e-01 -2.016977911825687197e+00 6.934728292668262961e-01 1.013319805008952024e+01 -4.905231682344446953e-01 -2.016977911825687197e+00 -4.905231682344446953e-01 9.372486165866662944e+00
3.029216783706762683e+01 1.006755872492189141e+01 3.395709034978907859e+00 1.006755872492189141e+01 1.310910545742752475e+01 5.224430028520699487e+00 3.395709034978907859e+00 5.224430028520699487e+00 8.459886551935653642e+00
9.838278744810580179e-01 1.269786381556544219e+00 -2.043003220398396547e+00 1.269786381556544219e+00 -1.606882993337052312e+01 2.807576741060367809e+00 -2.043003220398396547e+00 2.807576741060367809e+00 -1.490660047940694888e+01
9.541583766236003683e+00 1.274755604456723201e+00 7.286998986174355597e-01 1.274755604456723201e+00 7.898454563249751814e+00 5.981160795296179833e-01 7.286998986174355597e-01 5.981160795296179833e-01 1.933683183303979369e+00
1.458864033505737545e+01 -8.146850069180205267e+00 -1.487561662045369770e+00 -8.146850069180205267e+00 1.043979347078483499e+01 2.186136113285546689e-01 -1.487561662045369770e+00 2.186136113285546689e-01 1.616322306907214212e+01
-2.118087711793539540e+01 -8.906484321415310268e-02 -1.086199336166694618e+00 -8.906484321415310268e-02 -1.910614237885573274e+01 8.767560655675886716e-01 -1.086199336166694618e+00 8.767560655675886716e-01 -1.146946585311918554e+01
3.907755362752974548e+01 4.702838891365469287e+00 3.536112107744060040e+00 4.702838891365469287e+00 2.303170248774418027e+01 5.447056827287009462e+00 3.536112107744060040e+00 5.447056827287009462e+00 3.601323701263907395e+01
9.044245233568315001e+00 -5.812625308565686488e+00 -8.325419075034456995e+00 -5.812625308565686488e+00 6.401107421820195320e+00 -1.968985897865136003e+00 -8.325419075034456995e+00 -1.968985897865136003e+00 7.022518994588472729e+00
-3.099112214536369869e+00 -2.549337857328086709e+00 -9.076487530285434202e-01 -2.549337857328086709e+00 5.638296768722010910e+00 1.787694531886372840e+00 -9.076487530285434202e-01 1.787694531886372840e+00 2.311058062944615354e+00
1.491985915040474620e-01 2.310090856772546442e+00 -1.206036897890705006e+00 2.310090856772546442e+00 9.057549722390892954e-01 -1.916397033405838002e+00 -1.206036897890705006e+00 -1.916397033405838002e+00 -3.655643032339221499e+00
2.124495715911757188e+01 6.381719269676563222e+00 -5.201135541440102955e-02 6.381719269676563222e+00 2.423444906464616722e+01 2.084852213348990235e-01 -5.201135541440102955e-02 2.084852213348990235e-01 1.791325672119988255e+01
1.936138393772690591e+00 -2.975847510448701230e-02 1.874094602686718070e-01 -2.975847510448701230e-02 9.168975262902115952e-01 4.450005639999851104e-01 1.874094602686718070e-01 4.450005639999851104e-01 4.462455464619358381e+00
1.611558000758466136e+01 6.391220696798993295e+00 6.229978405587059953e-01 6.391220696798993295e+00 2.709496638306691452e+01 9.091733173111094857e+00 6.229978405587059953e-01 9.091733173111094857e+00 2.433940089834134923e+01
4.183605861636619849e+00 1.147006502158435692e+00 -8.664429229833380264e-01 1.147006502158435692e+00 7.539794295547987524e+00 4.917046071159130172e-01 -8.664429229833380264e-01 4.917046071159130172e-01 5.410605272935151255e+00
-3.710285803788680448e-01 -2.166860680136588169e+00 -5.556484559663560363e-01 -2.166860680136588169e+00 -9.331331220530461934e+00 5.135781568315074264e-01 -5.556484559663560363e-01 5.135781568315074264e-01 9.248054340976961996e+00
1.433053831141199730e+01 3.424824916619257031e+00 -7.789251374481721835e-02 3.424824916619257031e+00 1.221001236036904025e+01 1.991010635697689546e+00 -7.789251374481721835e-02 1.991010635697689546e+00 1.505865315467605825e+01
1.505939564777639461e+01 -2.976735702692645091e+00 -2.236065104801922221e+00 -2.976735702692645091e+00 7.082957872384265663e+00 -4.476475654961282302e+00 -2.236065104801922221e+00 -4.476475654961282302e+00 9.997664310270154786e+00
1.448779938056648398e+01 -9.415252686430935825e+00 -2.718964706353046878e+00 -9.415252686430935825e+00 1.447502864316564164e+01 -2.441776830919671237e+00 -2.718964706353046878e+00 -2.441776830919671237e+00 1.508047101276953228e+01
-7.178521993879738439e-01 3.572486193194964077e+00 1.430913768358633043e+00 3.572486193194964077e+00 -9.654982710869802531e+00 1.387285820575395734e+00 1.430913768358633043e+00 1.387285820575395734e+00 -1.976474537218039274e+01
1.056744404796597081e+01 1.481613058001745031e+00 2.770269075857421659e-01 1.481613058001745031e+00 8.114642127131929783e+00 -4.017770559711559386e+00 2.770269075857421659e-01 -4.017770559711559386e+00 7.766491796077230170e+00
9.246213846637587608e+00 3.037707334051871211e+00 -3.098909590623311616e-01 3.037707334051871211e+00 4.271958741960192540e+00 -1.126182746078442376e+00 -3.098909590623311616e-01 -1.126182746078442376e+00 2.248200515017721113e+00
-5.709844946547569799e-01 1.042000111002409968e+00 -2.038938582436386149e+00 1.042000111002409968e+00 -1.400726830216779817e+01 5.513470974026456695e+00 -2.038938582436386149e+00 5.513470974026456695e+00 1.168888901882298548e+00
3.014830019675272510e+01 -1.042504513856099457e+01 -2.052357398820277457e+00 -1.042504513856099457e+01 1.765657956249817317e+01 -3.180695072669139645e+00 -2.052357398820277457e+00 -3.180695072669139645e+00 3.455139458120113005e+01
5.082719131762391207e+00 1.349128069301246402e+00 -5.296117531369535225e-01 1.349128069301246402e+00 1.155352374106927904e+01 3.732993325403334839e-01 -5.296117531369535225e-01 3.732993325403334839e-01 2.787229090658471797e+00
8.795720932679424564e+00 2.502047095778143770e+00 -3.058412111469913652e-01 2.502047095778143770e+00 5.707564685934978677e+00 -9.324195761082991751e-01 -3.058412111469913652e-01 -9.324195761082991751e-01 3.870484927363648353e+00
5.103155460310093261e+00 2.153130369321038184e+00 -1.590358108416851435e+00 2.153130369321038184e+00 6.051831021606031591e+00 -1.512777021762018448e+00 -1.590358108416851435e+00 -1.512777021762018448e+00 3.163888717050924893e+00
3.029216783706762683e+01 1.006755872492189141e+01 3.395709034978907859e+00 1.006755872492189141e+01 1.310910545742752475e+01 5.224430028520699487e+00 3.395709034978907859e+00 5.224430028520699487e+00 8.459886551935653642e+00
5.930487791348633131e+00 4.630254644717863299e-01 4.447483398830379464e+00 4.630254644717863299e-01 1.015762915922455178e+01 1.805167914963751397e+00 4.447483398830379464e+00 1.805167914963751397e+00 2.095188879368747692e+01
2.311554824508396067e+01 -1.629930750724481570e+01 1.025775554653426846e+00 -1.629930750724481570e+01 1.611951474735757728e+01 -9.211153062080450482e+00 1.025775554653426846e+00 -9.211153062080450482e+00 5.818499919086733918e+00
2.387560215534864483e+01 8.175623145209932829e+00 1.104204276713343802e+01 8.175623145209932829e+00 1.817976680414936652e+01 5.410546944893924959e+00 1.104204276713343802e+01 5.410546944893924959e+00 8.115333416093861274e+00
-1.920648020857214533e+01 -6.706437308152707999e+00 -3.900378576387816931e+00 -6.706437308152707999e+00 -3.247295726421275930e+01 -4.687527107144492611e+00 -3.900378576387816931e+00 -4.687527107144492611e+00 -1.788467746072554476e+01
7.534769726927649458e+00 -1.863063467275581253e+00 -2.453470104820056896e-01 -1.863063467275581253e+00 -1.809016210933803492e+00 1.023207145930836504e+00 -2.453470104820056896e-01 1.023207145930836504e+00 -2.208888142026498080e+00
4.147240115590550502e+00 9.693745995404042803e-01 -8.879261969881588334e-02 9.693745995404042803e-01 9.943745215866858445e+00 -1.458396021823864075e+00 -8.879261969881588334e-02 -1.458396021823864075e+00 9.554222419967707935e+00
9.981131662241111258e+00 4.919168866178345922e+00 1.854200914409301904e+00 4.919168866178345922e+00 2.473568560053729826e+01 2.427207693386774334e+00 1.854200914409301904e+00 2.427207693386774334e+00 8.058574612843916185e+00
-8.121625264752655227e+00 -8.301979048224243485e+00 -4.693467305489685160e+00 -8.301979048224243485e+00 -9.741943716837990763e+00 -4.401174008794509263e+00 -4.693467305489685160e+00 -4.401174008794509263e+00 -6.480998815581231476e+00
