9.633575656427158407e+00 3.910254958441687356e-01 -2.451624037236153519e+00 3.910254958441687356e-01 2.447553316762941478e+01 4.941697371114821102e+00 -2.451624037236153519e+00 4.941697371114821102e+00 -2.317566318246560897e+00
-1.060086813008175355e+01 -1.159443514142713294e+00 1.701600608697769745e-01 -1.159443514142713294e+00 -4.180073734751144521e+00 7.940324509938170294e+00 1.701600608697769745e-01 7.940324509938170294e+00 -1.500595074504128590e+01
-1.257403490453665995e+01 1.875353146344454158e+00 -3.331039022664258331e-01 1.875353146344454158e+00 -1.023540822902821290e+01 2.637942720257521745e-01 -3.331039022664258331e-01 2.637942720257521745e-01 -1.714719995910640193e+01
-1.269745329127062305e+01 1.989516217713272139e+00 -2.190262638483061242e+00 1.989516217713272139e+00 -2.562769347322493729e+01 -2.350288858902397582e+00 -2.190262638483061242e+00 -2.350288858902397582e+00 -4.149716617347038117e+00
-7.926053350273611464e+00 2.815872202070512031e+00 -2.068666320680662363e+00 2.815872202070512031e+00 -1.004482425036022164e+01 1.687912801545497388e+00 -2.068666320680662363e+00 1.687912801545497388e+00 -1.126540681037758063e+01
1.528042538154978836e+01 9.532177467001602400e-01 -5.713385758832137284e+00 9.532177467001602400e-01 1.262079728532556544e+01 -7.478052981886858068e-03 -5.713385758832137284e+00 -7.478052981886858068e-03 6.661036351576938408e+00
-1.788029785799539795e+01 -5.116532410978618550e+00 9.739737989620703140e-02 -5.116532410978618550e+00 -8.374082880600095535e+00 1.256120179462139275e+00 9.739737989620703140e-02 1.256120179462139275e+00 -1.073807081777198214e+01
-5.709941628194633800e+00 -1.634231322869045544e-01 3.780328254651102338e+00 -1.634231322869045544e-01 7.116172240742840494e+00 -1.493381063752450000e-01 3.780328254651102338e+00 -1.493381063752450000e-01 8.512555543416862491e+00
1.228817372251565398e+00 1.723934821344815793e+00 2.878878342205617891e+00 1.723934821344815793e+00 -1.102796973060272201e+01 1.612030544791372422e-01 2.878878342205617891e+00 1.612030544791372422e-01 -3.461087184794353622e+00
-1.178182108224400793e+01 1.629266703903084235e+01 -1.543530672804098103e+01 1.629266703903084235e+01 -2.721716419815585652e+00 5.561697700866155003e+00 -1.543530672804098103e+01 5.561697700866155003e+00 9.053238057150029272e-01
1.822358626587809738e+01 1.071309152532260889e+00 1.271957477809478598e-01 1.071309152532260889e+00 9.385834400592379723e+00 8.560402836301062024e-01 1.271957477809478598e-01 8.560402836301062024e-01 2.364933063413120351e+01
-3.484186821771552811e+00 9.805613530608813244e-01 3.164770361384259267e+00 9.805613530608813244e-01 7.483411983172932658e+00 5.616037988333622444e+00 3.164770361384259267e+00 5.616037988333622444e+00 -8.019613592600810748e+00
1.604246930477135891e+01 3.576027723236395506e+00 -4.148204895404617787e+00 3.576027723236395506e+00 1.930507814210914219e+01 -1.511248632396372082e+00 -4.148204895404617787e+00 -1.511248632396372082e+00 2.014467949712246053e+01
2.496967481966640090e+00 7.719056036712369284e+00 1.139520736376095744e+00 7.719056036712369284e+00 4.115356358366631717e+00 -8.089626420990251532e+00 1.139520736376095744e+00 -8.089626420990251532e+00 1.960109668110970205e+01
-1.511109034243796323e+01 9.599698965658143290e-01 -6.481672211262869965e+00 9.599698965658143290e-01 -8.063674337805464276e+00 3.741817793693382743e-01 -6.481672211262869965e+00 3.741817793693382743e-01 -1.292332987588434712e+01
2.051310158410516493e+01 -6.606877798109453970e+00 4.910992953010603124e+00 -6.606877798109453970e+00 7.482523289332484673e+00 -2.169599333463780588e-01 4.910992953010603124e+00 -2.169599333463780588e-01 6.108200037499722512e+00
4.496458185180561173e+00 -2.800207392359863601e+00 4.155544338781279379e+00 -2.800207392359863601e+00 8.742869816943085182e-01 1.409733977673503835e+00 4.155544338781279379e+00 1.409733977673503835e+00 -3.937389665138439021e+00
1.890128479641902359e+01 8.600882453392284077e+00 -2.725285380254336864e+00 8.600882453392284077e+00 1.424349784904281790e+01 -2.078833741583535843e+00 -2.725285380254336864e+00 -2.078833741583535843e+00 1.155667329379201691e+00
1.658116893397461666e+01 -1.991627541848163263e+00 -8.704105973990330369e+00 -1.991627541848163263e+00 8.713841504429641560e+00 3.739790005820524121e-01 -8.704105973990330369e+00 3.739790005820524121e-01 1.658664719134391730e+00
1.310239793425422405e+01 -3.414629223212909626e+00 -1.695376000772154113e+00 -3.414629223212909626e+00 -1.957177788431303744e+00 -1.299558358414763248e-01 -1.695376000772154113e+00 -1.299558358414763248e-01 -8.872828213440200784e+00
2.013380382744816011e+00 -1.713681455640913676e+00 -1.913557958848217222e+00 -1.713681455640913676e+00 1.815755148970961130e+00 -1.103307346721103421e+00 -1.913557958848217222e+00 -1.103307346721103421e+00 -5.181859944929913198e+00
-4.689386729530118814e+00 2.379071155827741535e+00 -3.017511594025379829e+00 2.379071155827741535e+00 -3.983449587276526760e+00 -2.544766728747307027e+00 -3.017511594025379829e+00 -2.544766728747307027e+00 2.476115344299986365e+00
2.988412239110586199e+01 7.295691651396128963e-01 -1.883751946017609535e+00 7.295691651396128963e-01 1.543588850978073168e+01 -1.203786562840027052e+00 -1.883751946017609535e+00 -1.203786562840027052e+00 -5.483722258907208769e+00
2.829256737219009832e+00 3.271497865110975400e+00 -4.914036785978250776e+00 3.271497865110975400e+00 -6.605311440466140382e+00 -1.944818140269905848e+00 -4.914036785978250776e+00 -1.944818140269905848e+00 6.958205802379114679e+00
1.236215390357609523e-01 -6.964123236564300434e+00 8.430017759617461692e+00 -6.964123236564300434e+00 6.886175093614386178e-01 1.489108071226971752e+00 8.430017759617461692e+00 1.489108071226971752e+00 -1.384014332135923198e+01
-9.458557803193428981e+00 -4.842013658954813060e+00 -2.606057465362384029e+00 -4.842013658954813060e+00 1.154010177416276761e+01 4.813393894502313586e-01 -2.606057465362384029e+00 4.813393894502313586e-01 -1.171267649855366244e+01
-7.600549704996444333e+00 5.796228764726080174e-01 8.054382898458337436e+00 5.796228764726080174e-01 -2.429995450842550042e+01 1.244002070142804950e+00 8.054382898458337436e+00 1.244002070142804950e+00 1.400857325794935493e+00
8.572420761211689832e-01 7.226632717977671261e-01 -8.725603459619646785e+00 7.226632717977671261e-01 5.326294047542214471e+00 2.797335225060989750e+00 -8.725603459619646785e+00 2.797335225060989750e+00 7.259372919195755669e-01
1.030298094354956540e+01 4.606017322134952963e+00 1.607877207143496578e+00 4.606017322134952963e+00 -1.155691408427691025e+00 -3.245714409531152533e+00 1.607877207143496578e+00 -3.245714409531152533e+00 2.041840065220320799e+00
2.737766712871028219e+01 1.111945097782178093e+00 -3.656266283143582818e+00 1.111945097782178093e+00 2.513887667003502813e+01 -2.471050633496550741e+00 -3.656266283143582818e+00 -2.471050633496550741e+00 1.987271277984581275e+01
3.362645964930134568e+01 6.393716761434528273e+00 1.993335709124490762e+00 6.393716761434528273e+00 1.777434534844583069e+01 -1.052669160320955832e+01 1.993335709124490762e+00 -1.052669160320955832e+01 1.826329288503850634e+01
-8.420655482611307363e+00 -1.027200891095210622e+00 -1.859389993031206778e+00 -1.027200891095210622e+00 1.591807633114560527e+00 6.053393326336188984e+00 -1.859389993031206778e+00 6.053393326336188984e+00 -2.793733535235493548e+01
-8.344780451078996464e+00 -4.097083065315669792e+00 4.134212897503277695e+00 -4.097083065315669792e+00 -1.155219975404583899e+01 9.363595690217023648e-01 4.134212897503277695e+00 9.363595690217023648e-01 -1.903738217072833905e+01
-8.138296241837187139e+00 4.933682311437952883e+00 7.414040575045295789e+00 4.933682311437952883e+00 -2.294954333788235434e+00 3.271983810481029487e+00 7.414040575045295789e+00 3.271983810481029487e+00 1.893207245961301188e+00
3.127928794070984897e-01 2.473146975457816588e+00 6.489567534850805508e+00 2.473146975457816588e+00 -1.682853513312545957e+01 2.094764239957294549e+00 6.489567534850805508e+00 2.094764239957294549e+00 -9.636920357546580718e+00
7.208861366750094035e+00 6.271398947203406848e+00 -7.266653344041268170e+00 6.271398947203406848e+00 8.062169270563712686e+00 -1.188322146203721230e+00 -7.266653344041268170e+00 -1.188322146203721230e+00 -1.184085421834157792e+01
-1.057236792361068467e+01 -3.997907539834440360e+00 -8.407499200590499155e-01 -3.997907539834440360e+00 -9.611505084009992927e+00 -1.093073202464416749e+00 -8.407499200590499155e-01 -1.093073202464416749e+00 -4.209050894865794312e+00
-3.005368486828092500e+01 -4.665755374594034777e+00 3.273041313012657216e+00 -4.665755374594034777e+00 -2.055725761147265374e+01 3.574031741431462184e+00 3.273041313012657216e+00 3.574031741431462184e+00 -2.060835881359711763e+01
-1.862927643584280446e+01 -6.389201592116840800e+00 7.005593425173179511e+00 -6.389201592116840800e+00 -3.004139022244524782e+01 -7.003106446649506545e+00 7.005593425173179511e+00 -7.003106446649506545e+00 -2.520531117531288601e+01
6.151027785947393411e+00 5.870971986622494754e+00 -1.393809005774192089e+00 5.870971986622494754e+00 1.649757436234826002e+01 -1.695380851149789869e+00 -1.393809005774192089e+00 -1.695380851149789869e+00 -5.901359321541523428e+00
3.146346380428849621e+00 2.237776950490037553e+00 -3.089844988195427078e+00 2.237776950490037553e+00 5.540613674443239489e+00 -1.998479538026129321e+00 -3.089844988195427078e+00 -1.998479538026129321e+00 -3.293512846388905846e+00
-1.389428407136061949e+01 -6.725062409675844677e+00 -3.728781962712287346e+00 -6.725062409675844677e+00 -7.653674765277113323e+00 -9.102156185715621906e-01 -3.728781962712287346e+00 -9.102156185715621906e-01 -4.789114442883341205e+00
1.086740708564843949e+01 -3.114440857304878740e+00 9.620382017107152350e+00 -3.114440857304878740e+00 7.666763612196358046e+00 7.582222239707747669e-01 9.620382017107152350e+00 7.582222239707747669e-01 5.581760073699201463e+00
-2.604338310105770216e+00 7.982972251168847677e+00 -3.739039788810675446e+00 7.982972251168847677e+00 -5.419631717915757818e+00 7.093668256709039222e-01 -3.739039788810675446e+00 7.093668256709039222e-01 -6.125908023754393916e+00
-2.239432481201305691e+01 -1.234277001945176089e+00 9.891169128646492004e-01 -1.234277001945176089e+00 -1.499817373156584921e+01 9.508539093965540090e-01 9.891169128646492004e-01 9.508539093965540090e-01 -1.766460339049696415e+01
2.021402951756991584e+01 7.846376567517946432e-01 -3.229044546828193418e+00 7.846376567517946432e-01 1.529713120602460386e+01 3.204763895560968634e-01 -3.229044546828193418e+00 3.204763895560968634e-01 7.048522420228743590e-02
-1.023878858722863860e+01 3.893538207325478062e+00 2.733211684069805525e+00 3.893538207325478062e+00 -1.825382185654715173e+01 -1.358421072802759033e+00 2.733211684069805525e+00 -1.358421072802759033e+00 -7.327148505488301211e+00
-2.782748495964704460e+01 -3.040719434040832780e-01 9.834682234533614675e+00 -3.040719434040832780e-01 3.697096353396759905e-01 -2.334465273198479185e+00 9.834682234533614675e+00 -2.334465273198479185e+00 -1.524632918052799191e+01
2.135752829845224099e+01 4.053885672620979541e+00 -7.966346266491295403e-01 4.053885672620979541e+00 3.383298499039966600e+00 -5.121493694808108899e+00 -7.966346266491295403e-01 -5.121493694808108899e+00 -1.352519026917562783e+01
-8.289353264154833312e+00 3.848683306872606291e+00 3.189537010856160482e+00 3.848683306872606291e+00 -1.817256513872781554e+01 -2.703220520423193829e+00 3.189537010856160482e+00 -2.703220520423193829e+00 -2.447053944266438208e+01
