8.995263224796378410e+00 1.299139933234853928e+01 6.980893657147078102e-01 1.299139933234853928e+01 1.675042743858511685e+01 -1.479429427322739077e+00 6.980893657147078102e-01 -1.479429427322739077e+00 1.029172713072757794e+01
-1.453630057778908835e+01 -2.782533064131534228e+00 1.204126482246293373e+00 -2.782533064131534228e+00 1.206150364611924042e+00 -1.549076350142053027e+00 1.204126482246293373e+00 -1.549076350142053027e+00 -2.360238764751766993e+01
1.007483657494064921e+01 -7.080072490227570903e+00 8.981374906987843465e-01 -7.080072490227570903e+00 1.746423012476702397e+01 -1.942803369288555126e+00 8.981374906987843465e-01 -1.942803369288555126e+00 3.323681020948131781e+00
-1.442104949393740121e+01 8.058781441768813281e+00 -2.498475764923944631e+00 8.058781441768813281e+00 -7.728525465945169870e+00 -2.187855517326673382e+00 -2.498475764923944631e+00 -2.187855517326673382e+00 -2.043010812349095318e+01
-5.089215365760160203e+00 -7.272795930881216009e+00 8.032308866895618849e+00 -7.272795930881216009e+00 3.835832133771815422e-01 1.050426459453241534e+01 8.032308866895618849e+00 1.050426459453241534e+01 1.377216150093040214e+00
2.358269522131506690e+01 2.156596401577731914e+00 -9.829661462198012734e-01 2.156596401577731914e+00 3.729237243039883509e+01 -3.281789371148947865e+00 -9.829661462198012734e-01 -3.281789371148947865e+00 2.090935280846287014e+01
-3.413481044256608499e+01 -5.339310644524901672e-01 2.159091415017412086e+00 -5.339310644524901672e-01 -2.741778891337316892e+01 -5.915545620433451113e-01 2.159091415017412086e+00 -5.915545620433451113e-01 -3.117543000207655268e+01
-2.502956159886397103e+01 -9.169297468494903569e+00 -2.099511225736157977e-02 -9.169297468494903569e+00 -1.279413243196743544e+01 3.256683311038319317e+00 -2.099511225736157977e-02 3.256683311038319317e+00 -4.640857839563439313e+01
2.871029813010644460e+01 -1.346467661770336832e+00 -1.182280312412480328e+01 -1.346467661770336832e+00 1.917799543126547945e+01 -4.085752488528167525e+00 -1.182280312412480328e+01 -4.085752488528167525e+00 3.734737554020703509e+00
2.937676594552158704e+01 -9.045953193657352287e+00 7.284414327872270611e-01 -9.045953193657352287e+00 6.311871455232997619e+01 3.312894148052529797e-01 7.284414327872270611e-01 3.312894148052529797e-01 2.166317152060975104e+01
-2.315055000333159896e+01 1.875315622258686199e+00 -1.986237729941615626e+00 1.875315622258686199e+00 -1.028564735609923098e+01 3.172903833946780328e+00 -1.986237729941615626e+00 3.172903833946780328e+00 -1.466950689972702548e+01
-7.516273049772340897e+00 7.697034212573391265e+00 -1.571317081860432507e+00 7.697034212573391265e+00 -6.873429963225261119e+00 4.256371943314759321e+00 -1.571317081860432507e+00 4.256371943314759321e+00 -1.157067070890790106e+01
2.859167454827016286e+01 8.179207878395100551e+00 -1.261324694300784977e+00 8.179207878395100551e+00 3.817627480836462439e+01 1.991463905546365654e+00 -1.261324694300784977e+00 1.991463905546365654e+00 1.802172280172467467e+01
2.218807289011028772e+01 -3.442655966012542645e+00 -5.370070933085885123e+00 -3.442655966012542645e+00 7.845493374505149831e+00 -1.191622684882444716e+00 -5.370070933085885123e+00 -1.191622684882444716e+00 8.192464485067953106e+00
2.231294970005265910e+01 -7.186911198211206830e+00 5.322282432709505295e-01 -7.186911198211206830e+00 2.574625816810283752e+01 8.938763038349357704e-01 5.322282432709505295e-01 8.938763038349357704e-01 1.839406450132683801e+01
5.171488265292300213e+01 1.505736628199488614e+00 -9.358181943329617614e-01 1.505736628199488614e+00 7.344443405826346805e+01 2.955956912629282840e+00 -9.358181943329617614e-01 2.955956912629282840e+00 3.119245089784888947e+01
2.856829500643589625e+01 -5.502266398222742438e+00 3.827121329399673311e+00 -5.502266398222742438e+00 2.528546568142101592e+01 -1.640742305191028150e+00 3.827121329399673311e+00 -1.640742305191028150e+00 6.964657989687725426e+00
3.172834568681538414e+01 -5.275631729442820550e+00 1.060952309631447016e-01 -5.275631729442820550e+00 2.898202730787341963e+01 -3.715441570684941741e+00 1.060952309631447016e-01 -3.715441570684941741e+00 2.397345744069507134e+01
1.542482484429126899e+01 -4.295232800695736763e+00 -4.287431803000466779e+00 -4.295232800695736763e+00 3.347830544607063530e+01 7.853881404627216511e-01 -4.287431803000466779e+00 7.853881404627216511e-01 -5.733588736014076925e-01
2.756543956419495700e+01 -2.903601254283395328e+00 5.836406172836116069e-01 -2.903601254283395328e+00 4.094408458776374005e+01 -2.826904386004644554e+00 5.836406172836116069e-01 -2.826904386004644554e+00 1.253997664582333371e+01
4.461890392316354337e+01 -6.177797276000598359e+00 1.525789151734686655e+00 -6.177797276000598359e+00 3.345006368279115350e+01 -1.708667708578884170e+00 1.525789151734686655e+00 -1.708667708578884170e+00 2.695282808642940964e+01
-9.864302881723010508e-01 3.994800280500121037e+00 8.886077145510227204e-01 3.994800280500121037e+00 1.157929315007347526e+01 -5.068677241898158492e-01 8.886077145510227204e-01 -5.068677241898158492e-01 -2.236028914039396653e+01
-1.820160072843529164e+01 -4.207452062168044016e+00 -6.240550936812445215e+00 -4.207452062168044016e+00 -2.032521923450542278e+00 -2.432315162488881910e+00 -6.240550936812445215e+00 -2.432315162488881910e+00 -1.731329334912550166e+01
8.903910817223332774e-01 -5.933372337460732560e+00 5.461110060007244194e+00 -5.933372337460732560e+00 1.160287098150576490e+01 -5.017743812331057818e+00 5.461110060007244194e+00 -5.017743812331057818e+00 -1.095917272963962752e+01
-1.372503381077947004e+01 1.903243868191182520e+00 2.890734190183586794e+00 1.903243868191182520e+00 -8.105279841410977681e+00 3.735950091376810889e+00 2.890734190183586794e+00 3.735950091376810889e+00 -2.821254961638934411e+00
-4.157750284411005026e+00 3.373553240799774589e+00 3.300988319963026107e+00 3.373553240799774589e+00 -2.273097175879221332e+00 1.511542437126109917e+00 3.300988319963026107e+00 1.511542437126109917e+00 -5.651909768542255463e+00
1.334397918775971981e+01 3.276728184027704938e+00 -1.077497549454313486e+01 3.276728184027704938e+00 1.820822509929998034e+01 -2.654621597684209799e+00 -1.077497549454313486e+01 -2.654621597684209799e+00 1.409059124376531535e+01
-2.661648706438525025e+01 6.159308960230807983e+00 -4.934900853429028622e+00 6.159308960230807983e+00 -6.464388920862975674e+00 -3.875359559570684009e+00 -4.934900853429028622e+00 -3.875359559570684009e+00 -5.968484055299616564e-01
-3.315268184348348690e+00 -7.659522928862837254e+00 3.722191468002548298e+00 -7.659522928862837254e+00 -1.402970791071939161e+01 4.966546136964876901e+00 3.722191468002548298e+00 4.966546136964876901e+00 -4.764482816215012684e-01
-1.816978957124415928e+01 7.039809052046380744e-01 2.831172626753448718e+00 7.039809052046380744e-01 4.716973795097158195e+00 2.950934355771601680e-01 2.831172626753448718e+00 2.950934355771601680e-01 -1.792900757636199316e+01
-1.521829386574712828e+01 2.253329131931643137e-01 2.795374072329171344e+00 2.253329131931643137e-01 -5.409971095965296684e+00 2.568546529465387085e+00 2.795374072329171344e+00 2.568546529465387085e+00 -1.494551123060647413e+01
-2.839453379650554776e+00 2.078423776601906692e+00 1.661044281166159431e+00 2.078423776601906692e+00 2.055524888233718706e+00 -5.914444034519916737e-01 1.661044281166159431e+00 -5.914444034519916737e-01 -6.442104529520831235e+00
1.232673479557061391e+01 7.433091056412257203e+00 9.153304826742264311e+00 7.433091056412257203e+00 3.724269652374030670e+01 -6.527150360523324979e-01 9.153304826742264311e+00 -6.527150360523324979e-01 2.006388371483285837e+01
2.380169307667882350e+01 7.611069972451694809e+00 -4.253792439839753747e+00 7.611069972451694809e+00 2.784155654108296218e+01 -5.239063942328128221e+00 -4.253792439839753747e+00 -5.239063942328128221e+00 -5.463619258182707661e+00
-1.623189873632320968e+01 5.406250291714893574e-01 -3.580145730440101204e+00 5.406250291714893574e-01 -2.068417637674654230e+01 -3.919001536805274633e+00 -3.580145730440101204e+00 -3.919001536805274633e+00 -2.445206185236648899e+00
4.201618789348668770e+01 -7.617260990954350497e+00 3.251309751973080475e-01 -7.617260990954350497e+00 3.633368945722607180e+01 -1.276235781882265830e+00 3.251309751973080475e-01 -1.276235781882265830e+00 2.072722003031989502e+01
-1.786006865826263734e+01 -4.656722130733938592e+00 2.913397209425895085e+00 -4.656722130733938592e+00 -1.349412617566094674e+01 -4.609210370935839407e+00 2.913397209425895085e+00 -4.609210370935839407e+00 1.759822146127812914e+01
2.632871241716956590e+01 2.347751679471806963e+00 3.393181185189146909e+00 2.347751679471806963e+00 3.151564528846183677e+01 -5.367648996330725453e+00 3.393181185189146909e+00 -5.367648996330725453e+00 9.091575105508358234e+00
-1.068546468159883389e+01 -2.428489258239459492e+00 8.729219774011243160e+00 -2.428489258239459492e+00 -2.098674329175525877e+00 -3.422935996405203518e+00 8.729219774011243160e+00 -3.422935996405203518e+00 -4.446969630477430968e+01
1.945187729722371373e+01 4.639491936289215079e-01 3.376487909718452141e+00 4.639491936289215079e-01 1.188776674688652335e+01 -5.497636879196607040e+00 3.376487909718452141e+00 -5.497636879196607040e+00 1.260825589337009944e+01
-3.906398520496478000e+01 -5.414765948859987965e+00 -5.148223448755253479e-02 -5.414765948859987965e+00 -3.501234512288929324e+01 5.607271516975022019e-01 -5.148223448755253479e-02 5.607271516975022019e-01 -3.871471987582127383e+01
5.619319684433650508e+01 1.881278421291633585e+00 4.026330854418432637e+00 1.881278421291633585e+00 5.529281744636890039e+01 -4.718790892818841343e+00 4.026330854418432637e+00 -4.718790892818841343e+00 3.680079532284988630e+01
2.323997664246429551e+01 -7.566358051047571420e-01 -1.107539856406953405e+00 -7.566358051047571420e-01 3.403661775775174902e+01 9.267576176943562061e+00 -1.107539856406953405e+00 9.267576176943562061e+00 1.474484367230124882e+01
-2.400896491595774762e+01 4.857069063708252088e+00 4.709422328978920547e+00 4.857069063708252088e+00 -1.598374514754390852e+01 -4.697033583405032964e+00 4.709422328978920547e+00 -4.697033583405032964e+00 -1.041440532722080015e+01
-1.332646254180924039e+01 6.054613903305869016e+00 -4.642579510263185050e+00 6.054613903305869016e+00 -1.969501847639734038e+01 -4.582457450866940896e+00 -4.642579510263185050e+00 -4.582457450866940896e+00 -5.011279516711130810e+00
2.051245762255963356e+01 -4.898190540797212833e+00 5.705855607508154570e+00 -4.898190540797212833e+00 3.183234468035378839e+01 3.298797247280520484e+00 5.705855607508154570e+00 3.298797247280520484e+00 2.979447300230878781e+01
1.010129445928618708e+01 5.062931076188943003e+00 -5.066556582838946277e+00 5.062931076188943003e+00 -7.972532874444122619e+00 -1.685379330307051893e+00 -5.066556582838946277e+00 -1.685379330307051893e+00 1.584204360859477667e+01
-9.301746063842490031e+00 -2.673782158244089935e+00 1.850451765240709090e+00 -2.673782158244089935e+00 -1.168923481563082944e+01 2.428877515809918286e+00 1.850451765240709090e+00 2.428877515809918286e+00 2.826463114095156826e+00
-4.136836180534532836e+00 1.437285363211187850e+01 -2.624279401698079273e+00 1.437285363211187850e+01 -1.192124804634769220e+01 -3.340403029083706787e+00 -2.624279401698079273e+00 -3.340403029083706787e+00 -9.029777789432463564e+00
-1.340922676576819583e+01 -6.279782065296521054e+00 -1.356894364640022665e+00 -6.279782065296521054e+00 -9.753758544487260096e+00 -3.472056646528265844e+00 -1.356894364640022665e+00 -3.472056646528265844e+00 -3.071839091889106754e+00
