3.238216911109282137e+01 1.693561397590960693e+00 1.355573842432127751e+00 1.693561397590960693e+00 1.776227203785823505e+01 -4.474203905573844509e+00 1.355573842432127751e+00 -4.474203905573844509e+00 1.417478331473931874e+01
6.912287328139768761e+01 1.717766135167239971e+00 2.922080003799874426e+00 1.717766135167239971e+00 5.656544648376127782e+01 -3.730154733981514870e+00 2.922080003799874426e+00 -3.730154733981514870e+00 6.206179250712551720e+01
-5.629712174601740671e+00 -5.151998781046132070e-01 4.020136773669245933e+00 -5.151998781046132070e-01 -7.830138042401822318e+00 1.000612725103404710e+00 4.020136773669245933e+00 1.000612725103404710e+00 1.000262621609838654e+01
1.664324346460301740e+01 -2.876639450659641994e+00 -1.214921351407162176e+00 -2.876639450659641994e+00 4.570116585351081895e+00 -3.849340149156850188e+00 -1.214921351407162176e+00 -3.849340149156850188e+00 7.533024235783453371e+00
-1.822322253378532864e+01 -1.251566169618652502e+01 -6.546237960840557868e+00 -1.251566169618652502e+01 -1.011773421553887609e+01 -6.599194884767591418e+00 -6.546237960840557868e+00 -6.599194884767591418e+00 -1.924869831640498674e+01
-1.237384280171399098e+01 -7.883033213680491258e+00 -7.342685003437815716e+00 -7.883033213680491258e+00 -1.463660399612269813e+01 -2.863670277961709587e-01 -7.342685003437815716e+00 -2.863670277961709587e-01 -1.675403338792467522e+01
3.003472119202581325e+01 2.519920850617533681e+00 -5.485563357446997301e+00 2.519920850617533681e+00 3.027321802860418742e+01 -3.987002006743534666e-01 -5.485563357446997301e+00 -3.987002006743534666e-01 3.053430213832448814e+01
-2.184540083336180549e-01 -2.495997050753068880e+00 -1.847850989325315052e-01 -2.495997050753068880e+00 -5.840572420973250134e-01 -2.061432895269661891e+00 -1.847850989325315052e-01 -2.061432895269661891e+00 1.734247194554566107e+01
-1.471363013480937809e+01 3.036021753362475817e+00 2.639755363192479276e+00 3.036021753362475817e+00 -7.649316248836528942e+00 -5.627841459478699626e+00 2.639755363192479276e+00 -5.627841459478699626e+00 -4.021239589097788780e+00
-1.440297408157860559e+01 1.260509611448438427e+00 2.549323969251165445e-01 1.260509611448438427e+00 -3.541170635683038803e+00 4.135159808200773668e+00 2.549323969251165445e-01 4.135159808200773668e+00 1.163464928578926383e+01
-1.922535438330418511e+00 -3.626754059662632201e+00 -3.418459283423401107e+00 -3.626754059662632201e+00 -1.072595343971484994e+01 3.908595895999539938e+00 -3.418459283423401107e+00 3.908595895999539938e+00 -1.206835280503279328e+01
-3.126196364063287270e-01 3.197022085624586119e+00 -2.399534436298099482e+00 3.197022085624586119e+00 1.600889080145779175e+01 -2.345098939425183993e+00 -2.399534436298099482e+00 -2.345098939425183993e+00 2.837056451899903209e+01
1.137538469054799961e+01 7.528305673233302020e-01 9.010289542128200324e+00 7.528305673233302020e-01 2.663093078479424669e+00 -5.183180377868087163e+00 9.010289542128200324e+00 -5.183180377868087163e+00 1.506419621108993212e+01
9.398727741765041444e+00 5.999018197385580287e+00 5.314111728969457715e+00 5.999018197385580287e+00 9.132210885795627675e+00 -1.825298256666983976e+00 5.314111728969457715e+00 -1.825298256666983976e+00 2.000778152966494261e+01
1.223108281426808119e+01 7.107695553566898417e-01 -9.400977576540951119e+00 7.107695553566898417e-01 1.927780999622320124e+01 -4.270018865534585650e+00 -9.400977576540951119e+00 -4.270018865534585650e+00 1.288897261640913605e+01
2.592155236931777651e+01 5.418604005020231540e+00 2.082833407081762012e+00 5.418604005020231540e+00 3.039306630187324032e+01 2.185265013704211334e+00 2.082833407081762012e+00 2.185265013704211334e+00 2.547268687598818815e+01
3.862580762343071683e+01 -3.524221932276420777e+00 3.168007299108988928e+00 -3.524221932276420777e+00 4.133072999720936025e+01 1.215040236962983133e+00 3.168007299108988928e+00 1.215040236962983133e+00 2.476606811763975813e+01
-1.017646172794824189e+01 5.546893000713150279e+00 8.372489464067200515e+00 5.546893000713150279e+00 9.505421205591714218e-01 -1.955660242485215861e+00 8.372489464067200515e+00 -1.955660242485215861e+00 1.757733832241287875e+00
3.079448175084226236e+01 -7.993362989506529459e+00 2.160621073364463740e+00 -7.993362989506529459e+00 1.178530085583725651e+01 6.511560369770540424e-01 2.160621073364463740e+00 6.511560369770540424e-01 -2.314157714736635896e+00
-1.349455957924867633e+01 2.874431755845212599e+00 2.305648864686447919e+00 2.874431755845212599e+00 -7.182532180984293468e+00 -5.088342173947617120e+00 2.305648864686447919e+00 -5.088342173947617120e+00 6.813840121096983893e+00
2.394235729490484132e+01 -3.323019946541401648e+00 1.652638166674577080e+00 -3.323019946541401648e+00 1.515455843344723519e+01 -7.825512310670618810e+00 1.652638166674577080e+00 -7.825512310670618810e+00 2.092283559888136679e+01
-1.114197371656525659e+00 -6.152188262587890755e+00 -7.951789845167626325e+00 -6.152188262587890755e+00 1.294431418255037514e+01 -4.695467112371403573e+00 -7.951789845167626325e+00 -4.695467112371403573e+00 3.228781980557476317e+01
5.507048108918588092e+00 9.775540331816438666e+00 -2.133132163269802373e+00 9.775540331816438666e+00 1.877155002716048671e+01 -2.252796216935105011e+00 -2.133132163269802373e+00 -2.252796216935105011e+00 3.779264612913404875e+01
8.074077618117952326e+00 -2.162308203558130248e+00 9.905620281648870318e+00 -2.162308203558130248e+00 2.093208057853703341e+00 -1.514644875678391456e-01 9.905620281648870318e+00 -1.514644875678391456e-01 -4.263050886277594209e+00
2.123611061733317040e+00 4.252607550179918761e+00 3.531497787790107701e+00 4.252607550179918761e+00 4.450008481174639208e+00 -3.795217688289590274e+00 3.531497787790107701e+00 -3.795217688289590274e+00 1.372183935554076939e+01
1.488681763246672318e+01 4.404323994637485029e+00 4.920954711423239480e+00 4.404323994637485029e+00 1.294689443371810178e+01 -7.037785355729252457e-01 4.920954711423239480e+00 -7.037785355729252457e-01 4.004610684464066317e+00
-9.513183538378752191e-01 -3.978451479443482430e+00 -6.555278136270065836e+00 -3.978451479443482430e+00 2.473689862743421175e-01 6.005145555741024488e+00 -6.555278136270065836e+00 6.005145555741024488e+00 -2.542855440326237559e+00
3.047667762430048910e+01 4.288701632920130180e+00 -7.728408234381940467e+00 4.288701632920130180e+00 2.315294219183846991e+01 -5.975277590056276900e+00 -7.728408234381940467e+00 -5.975277590056276900e+00 2.689212452755718274e+01
4.526720282578146026e+01 -7.650627903158498944e-01 3.714716040096828653e+00 -7.650627903158498944e-01 3.396648841811627051e+01 1.110955073039354923e+00 3.714716040096828653e+00 1.110955073039354923e+00 4.309706370739724690e+01
3.779600687277272897e+01 -4.658156052180740581e+00 2.868227006083826414e+00 -4.658156052180740581e+00 3.401217889619569235e+01 -2.134104070633868755e+00 2.868227006083826414e+00 -2.134104070633868755e+00 3.506002826513911685e+01
-1.792167730924824554e+01 -1.707640155287286987e+01 -2.595547215665490626e+00 -1.707640155287286987e+01 -9.870673416187024429e+00 -3.794065653133770866e+00 -2.595547215665490626e+00 -3.794065653133770866e+00 -1.910349984768401299e+01
3.038241793953597991e+01 7.976288071479933350e+00 -3.634771435087650104e+00 7.976288071479933350e+00 3.091896967377291716e+01 -3.416361169785192331e+00 -3.634771435087650104e+00 -3.416361169785192331e+00 2.976313695028404638e+01
2.382628761329925293e+00 -7.390600106542427383e+00 -9.369645205241261543e-01 -7.390600106542427383e+00 5.551567905759246635e+00 7.666421260067709298e+00 -9.369645205241261543e-01 7.666421260067709298e+00 -2.204413362676705290e+00
1.487637569043126717e+01 8.048993034211070707e+00 1.436183215701029692e+00 8.048993034211070707e+00 7.693145036073121723e+00 -2.404935895199874274e+00 1.436183215701029692e+00 -2.404935895199874274e+00 6.615965301417543465e+00
-1.849166760509062035e+00 -7.134049271836505390e+00 -3.472216976188464255e+00 -7.134049271836505390e+00 -1.623265645758467657e-01 7.323480341886354772e+00 -3.472216976188464255e+00 7.323480341886354772e+00 -4.671167569770718231e+00
2.316915208714172891e+01 -4.986120371035075216e+00 -1.914769066334063297e-01 -4.986120371035075216e+00 1.129694185371993065e+01 -3.738175349631087663e+00 -1.914769066334063297e-01 -3.738175349631087663e+00 4.025928024256596238e+00
1.150421749631095381e+01 7.112594055841601204e+00 2.132736853571801650e+00 7.112594055841601204e+00 1.519466660456624751e+01 -8.655056187154565706e+00 2.132736853571801650e+00 -8.655056187154565706e+00 -3.389358713756114305e-01
-1.016890037126753299e+01 1.513524698877559027e+00 2.220199990516162014e+00 1.513524698877559027e+00 -9.991093720436712289e+00 -1.541449216560020430e+00 2.220199990516162014e+00 -1.541449216560020430e+00 6.859259493566004728e+00
1.693657567954690890e+01 1.803692386075880782e-01 4.663252253337129005e+00 1.803692386075880782e-01 2.346605963405277961e+01 -5.698103976621072597e+00 4.663252253337129005e+00 -5.698103976621072597e+00 1.362361195573743267e+01
1.410996054171170400e+01 -6.469507979798187591e+00 -1.541468578902264630e+00 -6.469507979798187591e+00 4.325691914040986852e+00 2.331698263035610064e-01 -1.541468578902264630e+00 2.331698263035610064e-01 5.649948792827231614e+00
2.044109659848687244e+01 1.117472482745653650e+01 -5.704236552408676886e+00 1.117472482745653650e+01 2.518965185254369032e+01 -6.422254701953946654e-01 -5.704236552408676886e+00 -6.422254701953946654e-01 1.735131928861761708e+01
-1.074939744767715055e+01 4.144431382888574156e+00 -6.167934075223812512e-02 4.144431382888574156e+00 -3.041997782376260506e+00 -9.994845865222163894e+00 -6.167934075223812512e-02 -9.994845865222163894e+00 -2.187459788237593017e+00
1.629094379184418884e+01 4.016534379436762947e+00 6.169227501970299343e+00 4.016534379436762947e+00 2.518173351697784312e+01 2.633336488737461956e+00 6.169227501970299343e+00 2.633336488737461956e+00 2.512254368396755311e+01
-4.869613616596922157e+00 4.168545812405909601e+00 7.038515479203002911e+00 4.168545812405909601e+00 7.740590885993371195e+00 -7.597119318065416849e+00 7.038515479203002911e+00 -7.597119318065416849e+00 2.676941442477770750e+01
5.149078665433153645e+01 5.123561553927293843e-01 5.780429891396252629e+00 5.123561553927293843e-01 3.718826500202566621e+01 -7.877833934816148798e+00 5.780429891396252629e+00 -7.877833934816148798e+00 5.150796762824940345e+01
2.653715342052855064e+01 -1.394211426815458132e+01 -2.228706045540694181e+00 -1.394211426815458132e+01 8.641904561711751143e+00 2.526569311312298893e+00 -2.228706045540694181e+00 2.526569311312298893e+00 1.461049889633840415e+01
1.604272370558423688e+01 4.801610410770350335e+00 -4.564955277964148017e+00 4.801610410770350335e+00 2.164463789631757962e+01 2.362176381113259449e+00 -4.564955277964148017e+00 2.362176381113259449e+00 7.796425623249424675e+00
-7.316642362968125646e+00 6.959481132802826764e+00 -2.978596484179202086e+00 6.959481132802826764e+00 3.026880964225726542e-02 3.438269813828432220e+00 -2.978596484179202086e+00 3.438269813828432220e+00 1.255234498208195326e+01
1.579197010541896518e+01 -5.603944712202761025e+00 -5.249636911134961004e+00 -5.603944712202761025e+00 8.415787201617041191e+00 -3.535444997039411064e+00 -5.249636911134961004e+00 -3.535444997039411064e+00 1.131506390011812790e+01
1.351130017944235995e+01 -4.283766916471732245e+00 2.924920364356997649e+00 -4.283766916471732245e+00 3.877412106883618037e+00 -3.818955606074980191e-01 2.924920364356997649e+00 -3.818955606074980191e-01 1.780858869879299178e+01
