-6.578851667630548405e+00 4.050205632279982204e+00 -1.360462311241465772e+00 4.050205632279982204e+00 -3.331307594313865472e+00 5.433708621867459065e+00 -1.360462311241465772e+00 5.433708621867459065e+00 -2.627337623268273692e+00
1.086900227487929094e+01 -5.475263028731561787e-01 1.460017971784122404e+00 -5.475263028731561787e-01 1.471005642319789608e+01 -4.703551018981856124e+00 1.460017971784122404e+00 -4.703551018981856124e+00 1.770945425724776356e+01
-1.030676118538441521e+01 2.700013660125254233e+00 -3.882567406155675194e+00 2.700013660125254233e+00 -1.421745387257261051e+01 9.450982360029132057e-01 -3.882567406155675194e+00 9.450982360029132057e-01 3.557053350486573784e+00
1.723703972796101880e+01 7.615346770864287462e-01 -6.750253801865016889e+00 7.615346770864287462e-01 2.304143793808468743e+01 1.928700110639051557e+00 -6.750253801865016889e+00 1.928700110639051557e+00 2.779170009866309599e+01
1.877502703314551935e+00 1.607418968777439616e+00 -8.268837226893703818e-01 1.607418968777439616e+00 4.125133732573761591e+00 -2.402864258379702189e+00 -8.268837226893703818e-01 -2.402864258379702189e+00 -8.541407053365526636e+00
-1.700797682381356424e+01 1.661913878100116093e-01 2.510641084058487404e+00 1.661913878100116093e-01 -2.617054206229754953e+01 4.637387733391845401e+00 2.510641084058487404e+00 4.637387733391845401e+00 -2.193985248052549297e-01
1.662575932509886911e+01 -9.898952140770737040e-01 -1.290699461732152553e+00 -9.898952140770737040e-01 1.188780676196095420e+01 -1.296181685488066559e+00 -1.290699461732152553e+00 -1.296181685488066559e+00 8.865486360214427819e+00
-3.528544848779603615e+00 -2.923050072298133628e+00 1.238642645533970743e+00 -2.923050072298133628e+00 -1.892436575001568144e+01 5.865761619046694797e+00 1.238642645533970743e+00 5.865761619046694797e+00 -1.100065428143689950e+01
2.705651839199577857e+00 1.717658896623186271e+00 4.636136741490765045e-01 1.717658896623186271e+00 6.348629055591332282e+00 8.863093827838868233e-01 4.636136741490765045e-01 8.863093827838868233e-01 3.129756227140306990e+00
7.974010116548424953e+00 3.094863100926725785e-01 -1.844762809102244772e+00 3.094863100926725785e-01 1.670873778366263096e+01 -3.943220576054247584e+00 -1.844762809102244772e+00 -3.943220576054247584e+00 9.819522181054500365e+00
-4.336896972341088841e+00 -6.842897700014557438e-01 7.403245796684372770e+00 -6.842897700014557438e-01 1.165696067105248623e+01 -6.662320298216506842e+00 7.403245796684372770e+00 -6.662320298216506842e+00 4.601978580308836025e-02
-1.607016540005110983e+01 -2.949725988319172210e+00 7.659921229960466871e-01 -2.949725988319172210e+00 -1.285873027611321540e+01 -6.399676525334814237e-01 7.659921229960466871e-01 -6.399676525334814237e-01 -2.864202607177958271e+00
-4.408972401519872242e-01 3.960441778052995243e+00 7.566886523486318517e+00 3.960441778052995243e+00 3.403958738087473623e+00 8.284614718503823250e-01 7.566886523486318517e+00 8.284614718503823250e-01 -2.318168129178109549e+00
6.884612257294882909e+00 5.184721659876814770e-02 -1.789186573296611460e+00 5.184721659876814770e-02 8.454893326716293345e+00 -7.362475027030326857e-02 -1.789186573296611460e+00 -7.362475027030326857e-02 7.871914369239470410e+00
-5.448127900391396272e-01 -8.673183394530147305e-01 1.371286412721578918e+00 -8.673183394530147305e-01 -2.164901655474912312e-01 -3.505498950031082028e+00 1.371286412721578918e+00 -3.505498950031082028e+00 3.126389698635936742e+00
5.327587202804657807e-01 2.459193648145462596e+00 1.357897004039120059e+00 2.459193648145462596e+00 7.855119237848791069e-01 -1.822743357553790577e+00 1.357897004039120059e+00 -1.822743357553790577e+00 -9.747513643319812848e-01
-1.628254136229169147e+00 -3.404893692833832031e+00 -3.766032951744699542e+00 -3.404893692833832031e+00 8.928870015743260780e+00 2.374990422108052279e-01 -3.766032951744699542e+00 2.374990422108052279e-01 3.518529433984117549e+00
1.359089291286097634e+01 2.668352564179616859e-01 -9.548963076351558998e-02 2.668352564179616859e-01 1.607949021167271297e+01 -1.105916722076607739e+00 -9.548963076351558998e-02 -1.105916722076607739e+00 1.576110020744629914e+01
5.667763524305111211e+00 2.243672860944881275e+00 -1.848344136125129378e+00 2.243672860944881275e+00 8.076607873112990887e+00 2.206192857341377600e+00 -1.848344136125129378e+00 2.206192857341377600e+00 -1.494389635880764899e+00
2.662892856897191862e+01 8.708215338299169161e+00 -7.154278665159525374e+00 8.708215338299169161e+00 2.118223313162206267e+01 3.768274188795713020e-02 -7.154278665159525374e+00 3.768274188795713020e-02 2.362148416835750098e+01
6.398179901551074522e+00 -1.006983789399193752e+00 -3.652322458036968200e+00 -1.006983789399193752e+00 -1.893042256329158679e+00 1.762848041940304533e+00 -3.652322458036968200e+00 1.762848041940304533e+00 -4.043658777151346584e+00
-1.810987282031754120e+01 3.208967106572440997e+00 -2.681061960581600179e+00 3.208967106572440997e+00 -3.232813932073323571e+00 -1.681978445957815760e+00 -2.681061960581600179e+00 -1.681978445957815760e+00 -7.592496357446825606e+00
1.175170878955086451e+01 9.676698178987180182e-03 8.007914276782051033e+00 9.676698178987180182e-03 1.153492263926304418e+01 -8.067347583921595344e+00 8.007914276782051033e+00 -8.067347583921595344e+00 -6.818938912127559426e+00
5.862245373194101994e+00 -4.610068193052392793e+00 -1.550995646945878548e-01 -4.610068193052392793e+00 1.101633358147306785e+00 -1.908756208475065996e+00 -1.550995646945878548e-01 -1.908756208475065996e+00 1.631229752878444295e+00
1.816828274818696443e+01 6.745406881723346793e+00 -1.193069540535573481e+01 6.745406881723346793e+00 1.070264261707464470e+01 8.306223520603156274e+00 -1.193069540535573481e+01 8.306223520603156274e+00 2.329300471002437334e+01
-2.804182282164230933e-01 -3.673665575398826544e+00 7.457632359133969935e+00 -3.673665575398826544e+00 -1.273561683099777797e+00 -3.864754954066021320e+00 7.457632359133969935e+00 -3.864754954066021320e+00 -2.206837638692383052e+01
2.148196541526924719e+01 8.852534874689342859e-01 5.814124951037737965e-01 8.852534874689342859e-01 1.941996025096475620e+01 -9.323042689126712634e-01 5.814124951037737965e-01 -9.323042689126712634e-01 1.173963056849581399e+01
1.334591756337381163e+01 -2.742686585914031916e+00 -9.544908873591413823e+00 -2.742686585914031916e+00 1.541804964374902376e+01 5.880915985813834901e+00 -9.544908873591413823e+00 5.880915985813834901e+00 -1.621206680305866499e+01
-4.099635174116060377e+00 4.499587687114067869e+00 -4.567995187516553646e-01 4.499587687114067869e+00 5.008019962935422953e+00 -3.109164032760569185e+00 -4.567995187516553646e-01 -3.109164032760569185e+00 -1.136259813393225571e+01
4.195866689382851789e+00 4.695349102742589209e-01 2.539833578271735171e-01 4.695349102742589209e-01 2.244036725570496493e+00 -1.135463478956345584e+00 2.539833578271735171e-01 -1.135463478956345584e+00 9.484629250387764943e-01
1.061903375611804279e+01 5.336183447792935297e+00 -5.641666356891737344e+00 5.336183447792935297e+00 7.483713372299584110e-01 -2.042244711354397335e+00 -5.641666356891737344e+00 -2.042244711354397335e+00 1.486433102598157596e+01
1.336226968022894646e+00 -1.252057320223241677e+00 -7.382970277971225848e-01 -1.252057320223241677e+00 -6.271386926026864650e+00 9.548351600147797491e-01 -7.382970277971225848e-01 9.548351600147797491e-01 -2.989034591750828085e+00
1.015110550026765779e+01 1.485310055665901796e+00 2.904529807655920060e+00 1.485310055665901796e+00 1.631467417138965814e+01 8.031399335207149548e+00 2.904529807655920060e+00 8.031399335207149548e+00 2.651356747509071710e+01
1.877868837388214729e+01 1.202590024484142317e+00 -2.047636486673273026e+00 1.202590024484142317e+00 1.470318565508706676e+01 1.133486946754506119e+00 -2.047636486673273026e+00 1.133486946754506119e+00 1.457110308517090225e+01
-1.104269281758006649e+00 -3.848099154263701749e+00 -2.612734087350777390e+00 -3.848099154263701749e+00 -3.763558071801814009e+00 -1.271847101604069108e+00 -2.612734087350777390e+00 -1.271847101604069108e+00 -3.705724114139101744e+00
6.493576782502915812e+00 -3.640368030786761633e+00 -3.970299966695872040e+00 -3.640368030786761633e+00 1.994068555521029396e+01 6.372219612565789504e+00 -3.970299966695872040e+00 6.372219612565789504e+00 1.965807328657460218e+01
-1.547128974241442467e+00 -4.708169670972219834e+00 3.898155090971640035e+00 -4.708169670972219834e+00 -3.301358336542553062e-01 1.887246802249270328e+00 3.898155090971640035e+00 1.887246802249270328e+00 2.637999789469753775e+00
2.224562800292986964e+01 -3.925348370443734747e-01 -3.516163747182294852e+00 -3.925348370443734747e-01 1.177034269657846011e+01 1.899800055831640522e-01 -3.516163747182294852e+00 1.899800055831640522e-01 8.678463904219121616e+00
-9.549105918379279245e+00 -6.548254697773124633e+00 -8.185662143195514551e-01 -6.548254697773124633e+00 -4.488604817744370479e+00 3.311405538474769816e+00 -8.185662143195514551e-01 3.311405538474769816e+00 -8.883829140064426255e+00
-1.478272840883832373e+01 2.897400322911716231e+00 -3.745716954825056844e-02 2.897400322911716231e+00 -2.685065759367441274e+01 -4.081156538460940730e+00 -3.745716954825056844e-02 -4.081156538460940730e+00 -3.955898384671687751e+01
7.787653593312706235e+00 2.601637544806465918e+00 -4.335255923849100412e+00 2.601637544806465918e+00 1.497449021464700181e+01 1.435664140702107794e+00 -4.335255923849100412e+00 1.435664140702107794e+00 4.201798437954172627e+00
-2.024149196888870605e+01 3.315961095713896967e+00 -6.753032328658791217e-01 3.315961095713896967e+00 -3.123058197708306238e+01 6.773986502762610051e+00 -6.753032328658791217e-01 6.773986502762610051e+00 -5.018868852619937648e+00
1.245282700020247724e+01 -1.332959668570647072e+00 4.769474631038792545e+00 -1.332959668570647072e+00 2.374965039257931121e+00 1.316574024211585314e+00 4.769474631038792545e+00 1.316574024211585314e+00 5.205071329495919663e+00
1.545039177936660302e+01 1.799159739661972957e+00 1.263320597665134715e+00 1.799159739661972957e+00 2.289166525350597681e+01 5.117861594815968473e+00 1.263320597665134715e+00 5.117861594815968473e+00 1.760239145488262480e+01
1.683792997909481670e+01 -3.032559422691540746e-02 1.349304005308964216e+00 -3.032559422691540746e-02 1.312646813695572767e+01 4.115746356221859692e+00 1.349304005308964216e+00 4.115746356221859692e+00 2.134001137605973497e+01
5.080536252104919548e+00 2.484437285945965801e+00 -2.391804551371532472e+00 2.484437285945965801e+00 4.740816654276428288e+00 2.057052782710882877e+00 -2.391804551371532472e+00 2.057052782710882877e+00 -4.391731618503694534e+00
-1.014288890821395839e+01 7.357717607845372321e+00 1.251806130403056549e+00 7.357717607845372321e+00 -7.949461651956621466e+00 -1.428490264798685239e+00 1.251806130403056549e+00 -1.428490264798685239e+00 -7.475511452798651035e+00
1.146584405545068819e+01 1.344347953726248601e+00 -6.322004485456045320e-01 1.344347953726248601e+00 1.104906795120593799e+01 -2.961376646194239015e+00 -6.322004485456045320e-01 -2.961376646194239015e+00 -3.398299816365845327e+00
1.918131059779444536e+00 1.493906096589235677e+00 -1.411209247612005724e+00 1.493906096589235677e+00 2.102553266902725593e+00 -2.188946750817033771e-01 -1.411209247612005724e+00 -2.188946750817033771e-01 3.033842303429963305e+00
2.562673523789464269e+01 -4.873933423977569568e+00 -1.179292201521219940e+00 -4.873933423977569568e+00 4.889538053080475066e+01 1.391080267832001560e+01 -1.179292201521219940e+00 1.391080267832001560e+01 6.297816701243742443e+01
