8.224105545098451486e+00 -4.175881761162520966e+00 4.905233212570066392e+00 -4.175881761162520966e+00 -1.181746151552024138e+01 -1.097281463994771045e+01 4.905233212570066392e+00 -1.097281463994771045e+01 -1.713818440452426017e+01
-1.332049014840652745e+01 -8.308777792615336111e+00 3.404439869934296148e+00 -8.308777792615336111e+00 -1.081105461764946796e+01 -3.184535012828035860e+00 3.404439869934296148e+00 -3.184535012828035860e+00 -2.930751357851424288e+01
4.513967469945386313e+01 -1.078934208904384295e+00 3.319914131482234465e-01 -1.078934208904384295e+00 6.034660218926664754e+01 -4.268359601764803557e+00 3.319914131482234465e-01 -4.268359601764803557e+00 2.388584293771754119e+01
1.893436922649009091e+01 -2.121013750703228951e+00 -1.589428363899163310e+00 -2.121013750703228951e+00 -2.242158265348460411e+00 3.487671378043103454e-01 -1.589428363899163310e+00 3.487671378043103454e-01 -8.335580089313467056e+00
1.651042144132793865e+01 -3.057558649267341888e+00 -7.621250661478417010e-01 -3.057558649267341888e+00 3.013473946652561253e+01 2.218754483705502323e-01 -7.621250661478417010e-01 2.218754483705502323e-01 1.014243339995408455e+01
6.937072137645344805e-01 1.787700574095420381e+00 -1.938482235114618035e+00 1.787700574095420381e+00 -2.335498581123355510e+00 -2.696911507056536372e+00 -1.938482235114618035e+00 -2.696911507056536372e+00 -2.884206908365703370e+01
-1.634578572836591448e+01 5.004392968938203623e+00 1.705570486938162711e+00 5.004392968938203623e+00 -1.244925611045147740e+01 -5.825703540495212884e+00 1.705570486938162711e+00 -5.825703540495212884e+00 -1.862049357588816534e+01
-1.697853827945145611e+01 -5.259661433022980503e+00 -5.703464984626799961e+00 -5.259661433022980503e+00 -1.955458792325091011e+01 1.448325473234110428e+00 -5.703464984626799961e+00 1.448325473234110428e+00 1.603291577692077974e+00
1.380670497132262931e+01 1.537278405997224873e+00 4.542562638258057284e+00 1.537278405997224873e+00 5.771290741010119518e+00 -7.970744173784148900e-01 4.542562638258057284e+00 -7.970744173784148900e-01 8.158737487661902321e+00
-1.483224817021755904e+01 -3.783087233315868492e+00 -1.538724804354536291e+00 -3.783087233315868492e+00 -1.542855111023635217e+01 -1.319764977606858736e+00 -1.538724804354536291e+00 -1.319764977606858736e+00 -1.292471647789255762e+01
4.285710906030698197e+01 -2.463696816285628977e+00 1.188611925428446625e+00 -2.463696816285628977e+00 2.785814005659416281e+01 -5.921404048580632962e-01 1.188611925428446625e+00 -5.921404048580632962e-01 2.298278342410419839e+01
-2.526329916722180879e-02 6.409327430561035932e+00 3.649337643817573973e+00 6.409327430561035932e+00 3.879204648178989245e+00 -4.734651203690496857e+00 3.649337643817573973e+00 -4.734651203690496857e+00 -1.175679023886810448e+01
8.711479492464377472e+00 -6.851533836703590730e+00 -8.371618126043830488e-01 -6.851533836703590730e+00 1.280444065555443522e+01 5.567717284115167864e+00 -8.371618126043830488e-01 5.567717284115167864e+00 2.301858258491379772e+01
2.628573956011639723e+01 -4.014223632316612722e+00 1.402201223719061529e+00 -4.014223632316612722e+00 2.494537417364660215e+01 -9.293972831675337831e-01 1.402201223719061529e+00 -9.293972831675337831e-01 1.248265070133746946e+01
3.919179942980102282e+01 -1.297175108012233791e+00 -3.949323328600463090e-01 -1.297175108012233791e+00 4.451397370479135418e+01 -9.826737088773589146e-02 -3.949323328600463090e-01 -9.826737088773589146e-02 2.123755015737526719e+01
2.019179376833255546e-01 -4.577932186132837700e+00 -2.038247278931321294e+00 -4.577932186132837700e+00 -8.095755286363003123e+00 8.692041419113735401e+00 -2.038247278931321294e+00 8.692041419113735401e+00 -5.926171430579284527e-01
-1.607794309487414353e+01 -2.910241396778832534e+00 3.523508566816289100e+00 -2.910241396778832534e+00 -6.117112385349606107e+00 7.461635833059583334e+00 3.523508566816289100e+00 7.461635833059583334e+00 1.726380251638026309e+01
1.336541030723620516e+01 -3.831134950895422442e+00 -3.569215152702701843e+00 -3.831134950895422442e+00 3.911132951122140877e+00 -2.912734868264296395e+00 -3.569215152702701843e+00 -2.912734868264296395e+00 -5.714134779650268392e+00
-6.487036651795764719e+00 -4.641314865593925809e+00 1.542788710304294542e+00 -4.641314865593925809e+00 -1.965664283465620166e+00 -2.972252177654589822e+00 1.542788710304294542e+00 -2.972252177654589822e+00 1.068070569429045102e+00
3.062103236136207940e+01 -2.431833523659744145e+00 -5.912797090532414535e-01 -2.431833523659744145e+00 3.432200204187655146e+01 -8.522651063020915407e-02 -5.912797090532414535e-01 -8.522651063020915407e-02 1.348250299410245567e+01
6.361544056877949060e+01 -8.681814981722901337e+00 4.561804219094072188e+00 -8.681814981722901337e+00 5.519972284801674789e+01 -7.472521407524788550e+00 4.561804219094072188e+00 -7.472521407524788550e+00 2.334266663388645213e+01
3.261928928512550385e+01 -1.744307309407059803e+00 1.713242469005730184e-01 -1.744307309407059803e+00 3.291752463365844505e+01 5.718265957163100044e-01 1.713242469005730184e-01 5.718265957163100044e-01 1.311099233541788678e+01
-4.248332377823786921e+00 1.334481804689757034e+01 9.261043076230162097e-01 1.334481804689757034e+01 -9.979225233807293094e+00 -3.623120655237157095e+00 9.261043076230162097e-01 -3.623120655237157095e+00 -3.655260229792274629e+01
-5.186470107424880460e+00 2.374556359210781287e-01 -1.104817525983277982e+01 2.374556359210781287e-01 -2.286876527451105812e+00 1.463766539284013035e+01 -1.104817525983277982e+01 1.463766539284013035e+01 9.784862641134280281e+00
3.998689249460218775e+01 2.344869407390345106e+00 -2.015621468967458085e+00 2.344869407390345106e+00 5.028590016914110095e+01 -5.663062295152828662e-01 -2.015621468967458085e+00 -5.663062295152828662e-01 1.472827655854704432e+01
-5.454805666061093739e+00 6.703141324849246629e+00 -1.314365852692591208e+00 6.703141324849246629e+00 4.315796652457311922e+00 1.404487424905202786e-01 -1.314365852692591208e+00 1.404487424905202786e-01 -8.103274850568491061e+00
3.489796636829331611e+00 -3.504779537296816017e+00 1.331783271872770902e+00 -3.504779537296816017e+00 1.061695383832596917e+01 -9.775145435147204465e-01 1.331783271872770902e+00 -9.775145435147204465e-01 -1.103404615817320611e+01
-1.742383396392579797e+01 1.175010768993753096e+01 -1.026700863240102812e+01 1.175010768993753096e+01 -7.370921377713991696e+00 1.570041629430768104e+01 -1.026700863240102812e+01 1.570041629430768104e+01 -9.981765882532517509e+00
4.398604452955923705e+01 -2.951256095324258588e+00 5.886974115637991112e+00 -2.951256095324258588e+00 5.501073317957960995e+01 -4.054178341567106436e+00 5.886974115637991112e+00 -4.054178341567106436e+00 1.423849829973288905e+01
3.357741692430519720e+01 -4.679957288047297936e+00 2.231608571104907845e+00 -4.679957288047297936e+00 2.740146625934220737e+01 -1.219541319493474996e+00 2.231608571104907845e+00 -1.219541319493474996e+00 1.053175556653816436e+01
3.490592748126269740e+00 -4.657952523357525187e+00 -2.224990511620546396e+00 -4.657952523357525187e+00 1.775777505063611983e+01 5.490470348771959941e+00 -2.224990511620546396e+00 5.490470348771959941e+00 -2.147967891248406502e+01
-1.913938059571421491e+01 -2.036863486069859341e+00 -6.517582907700820272e+00 -2.036863486069859341e+00 -1.872713983594611520e+01 3.338906209602663822e+00 -6.517582907700820272e+00 3.338906209602663822e+00 2.348666300241784199e+01
4.196090524480741379e+01 -1.034817162739810170e+00 -8.571432816485817785e-01 -1.034817162739810170e+00 4.013185853145677839e+01 4.481639609831936100e-01 -8.571432816485817785e-01 4.481639609831936100e-01 2.149117798426665615e+01
-3.142935145530276486e+01 8.200917020132630242e+00 2.666076441879969394e+00 8.200917020132630242e+00 -1.905010576171655856e+01 -7.347979962200420267e+00 2.666076441879969394e+00 -7.347979962200420267e+00 -8.012820069085179853e+00
-1.633287253003151696e+00 1.627314576384029321e+00 1.565538299639885444e+00 1.627314576384029321e+00 1.046727564322960724e+01 9.528465520688560453e-01 1.565538299639885444e+00 9.528465520688560453e-01 -5.298240568450652610e+00
2.591247745644323430e+01 -8.263982409847253408e+00 -6.444725392299769595e+00 -8.263982409847253408e+00 1.059620092939222147e+01 3.676959443094381719e+00 -6.444725392299769595e+00 3.676959443094381719e+00 1.981791582493057868e+00
8.850243903528173250e-01 4.146634378247327501e-01 1.378798435265581768e+00 4.146634378247327501e-01 3.448933723395790185e+00 -8.780432045910567807e-01 1.378798435265581768e+00 -8.780432045910567807e-01 -8.885627909003654068e+00
3.145983424760098401e+01 -9.776578310700489993e-01 -8.074045092288862913e-01 -9.776578310700489993e-01 3.482547395217294195e+01 1.522381317716782867e+00 -8.074045092288862913e-01 1.522381317716782867e+00 1.421297667278996535e+01
-1.929959145060902870e+01 9.077623131504660714e-01 -3.359768978591308297e+00 9.077623131504660714e-01 -1.955006491962929260e+01 3.104202076103397268e+00 -3.359768978591308297e+00 3.104202076103397268e+00 -4.536523398940722984e+00
-1.742383396392579797e+01 1.175010768993753096e+01 -1.026700863240102812e+01 1.175010768993753096e+01 -7.370921377713991696e+00 1.570041629430768104e+01 -1.026700863240102812e+01 1.570041629430768104e+01 -9.981765882532517509e+00
7.315210733898594242e+01 -3.988895292214081678e+00 -2.894985772035297611e+00 -3.988895292214081678e+00 4.894741995711183336e+01 2.047616902698771391e+00 -2.894985772035297611e+00 2.047616902698771391e+00 4.701019173787175021e+01
-1.742383396392579797e+01 1.175010768993753096e+01 -1.026700863240102812e+01 1.175010768993753096e+01 -7.370921377713991696e+00 1.570041629430768104e+01 -1.026700863240102812e+01 1.570041629430768104e+01 -9.981765882532517509e+00
1.068146743853992042e+01 1.395920318610855415e-01 -4.526113609448223052e+00 1.395920318610855415e-01 1.186113858819677702e+01 -3.116963473476436430e+00 -4.526113609448223052e+00 -3.116963473476436430e+00 -7.869517956432589001e-01
4.800547146913157803e+01 9.538149109570212003e-01 5.083800476065627905e+00 9.538149109570212003e-01 5.625505381623042211e+01 -5.579980828682107763e+00 5.083800476065627905e+00 -5.579980828682107763e+00 3.134573329471241010e+01
-3.734371211014218428e+00 -6.309818401586669623e+00 1.892352041031799770e+00 -6.309818401586669623e+00 -3.379477307210799086e+00 1.565344558011929343e-01 1.892352041031799770e+00 1.565344558011929343e-01 -7.636407323476740672e+00
4.004435789300267778e+00 1.007543157443360471e+01 1.527692292337087476e+00 1.007543157443360471e+01 6.261296864288197206e+00 5.745172126335560847e+00 1.527692292337087476e+00 5.745172126335560847e+00 9.648038951392880591e+00
4.058729088752412650e+01 -4.953598068860405768e+00 1.790784099367081605e+00 -4.953598068860405768e+00 4.213731369773793034e+01 5.403779535442189141e-01 1.790784099367081605e+00 5.403779535442189141e-01 1.541000864834462192e+01
3.173137264829962589e+01 -6.710728525254822330e+00 3.341020908210418305e+00 -6.710728525254822330e+00 5.065495489931199558e+01 -3.429025707982158888e+00 3.341020908210418305e+00 -3.429025707982158888e+00 3.099814470434624170e+01
2.587541266981969912e+01 6.064510748539018309e-02 1.085213805215371030e+00 6.064510748539018309e-02 2.555860771741594917e+01 -2.856144243954126805e-01 1.085213805215371030e+00 -2.856144243954126805e-01 7.747235776399954865e+00
5.004105918217578619e+01 1.058301948139217963e+00 1.031058656681040020e+00 1.058301948139217963e+00 3.734183111224096763e+01 -6.793528151103658819e-02 1.031058656681040020e+00 -6.793528151103658819e-02 2.820744702576907770e+01
