-1.802081539148932166e+01 5.410610637117955202e-01 -1.872589734687111651e+00 5.410610637117955202e-01 1.360559962081515906e+01 -4.050572066698553186e+00 -1.872589734687111651e+00 -4.050572066698553186e+00 1.672432955015565215e+00
-1.673740732641378770e+01 -1.974714945817282352e+00 2.524892806129151790e+00 -1.974714945817282352e+00 6.785304050781210350e+00 9.971230346068234995e-01 2.524892806129151790e+00 9.971230346068234995e-01 -1.165318900375055833e+01
-2.751836394798220553e+01 -1.268525524980927965e+00 1.920632928523938521e+00 -1.268525524980927965e+00 9.615288615573017950e+00 -4.774565107391262941e+00 1.920632928523938521e+00 -4.774565107391262941e+00 -1.060182205991066162e+01
-2.074076777445682396e+01 -6.700123187049904505e-01 1.872559089560053902e+00 -6.700123187049904505e-01 8.836709575437872388e+00 -1.657351012257809009e+00 1.872559089560053902e+00 -1.657351012257809009e+00 -1.314858531038765044e+01
1.161459018139284893e+01 2.038275089095892056e+00 -2.985789644272195620e+00 2.038275089095892056e+00 -1.861420279593346905e+01 5.638211610979839250e+00 -2.985789644272195620e+00 5.638211610979839250e+00 -5.903210025625220680e+00
7.214416551799259558e+00 1.476235873801438947e+00 -4.879686293526963148e+00 1.476235873801438947e+00 -1.325188043231271173e+01 1.071272322261028309e+00 -4.879686293526963148e+00 1.071272322261028309e+00 3.200807722311464154e+00
-1.928290387652565840e+01 -1.915857999737426764e+00 3.282210898206558980e+00 -1.915857999737426764e+00 1.605277254073644144e+01 -5.299565393318852458e+00 3.282210898206558980e+00 -5.299565393318852458e+00 7.022555178023175415e+00
-1.526949162815366279e+01 -2.110977214395727941e+00 5.310792350749658830e+00 -2.110977214395727941e+00 1.209623019866508287e+01 -6.030758615488226226e+00 5.310792350749658830e+00 -6.030758615488226226e+00 -4.541590143833817983e+00
