2.558191245149365045e+01 1.257416591795948557e+00 4.558712556583260245e+00 1.257416591795948557e+00 2.795847740889222877e+01 -2.922801194941628822e+00 4.558712556583260245e+00 -2.922801194941628822e+00 1.590161052386254426e+01
-1.250859901839057997e+01 6.292107875057332933e+00 -3.170376732839566003e+00 6.292107875057332933e+00 -1.998558971927453953e+01 7.658047121695140014e+00 -3.170376732839566003e+00 7.658047121695140014e+00 1.630424696288669395e+01
3.382236358249629404e+01 -6.275748579204435629e+00 1.356066623091083612e+00 -6.275748579204435629e+00 2.203535875742569772e+01 4.469988896449315519e+00 1.356066623091083612e+00 4.469988896449315519e+00 4.537903712667021416e+00
1.643106743874150766e+01 -2.702148401602416428e+00 4.849155601249088399e+00 -2.702148401602416428e+00 1.533620173789221219e+01 5.238563271089756945e+00 4.849155601249088399e+00 5.238563271089756945e+00 -7.679276309503665132e+00
2.138434977608611831e+01 1.110431363603263444e+00 3.919545840365243894e-01 1.110431363603263444e+00 2.307255447603120402e+01 -3.128704619168150458e+00 3.919545840365243894e-01 -3.128704619168150458e+00 1.317489424230933892e+01
2.472161799271943394e+01 -1.931958496100285805e+00 2.667097992538203233e+00 -1.931958496100285805e+00 1.856229362442104858e+01 1.699741960360378723e+00 2.667097992538203233e+00 1.699741960360378723e+00 2.173975332175011044e+00
-1.681239233485012718e+01 -1.797696388373381193e+00 7.995627966574970769e-01 -1.797696388373381193e+00 -6.467136748902308163e+00 1.031422483547577862e+01 7.995627966574970769e-01 1.031422483547577862e+01 1.086030752586768244e+01
3.735172427634948633e+01 -5.135360345043032959e-01 7.232448026568268074e-02 -5.135360345043032959e-01 3.860970269333991212e+01 -4.999338536617149720e-02 7.232448026568268074e-02 -4.999338536617149720e-02 2.428005675383082718e+01
1.080821623131238240e+01 8.636646223926614852e+00 -2.209462516680295696e+00 8.636646223926614852e+00 -1.534622251130056902e+01 -7.377516444109715188e+00 -2.209462516680295696e+00 -7.377516444109715188e+00 7.814413594090154902e+00
-1.146295312858551796e+01 1.181154833843005347e+00 -7.993517412564178359e-01 1.181154833843005347e+00 -4.095393092019303238e-01 -4.116560851487592321e-01 -7.993517412564178359e-01 -4.116560851487592321e-01 -1.511507060273507008e+01
5.037556542187358133e+01 3.545775431041660042e-01 2.424185540961231400e+00 3.545775431041660042e-01 3.698680172345383710e+01 -3.599471406190215106e+00 2.424185540961231400e+00 -3.599471406190215106e+00 4.086405709409895337e+01
2.397171587663609671e+01 3.257579586938924798e+00 1.534767849892015645e+00 3.257579586938924798e+00 3.948337328960148795e+01 -2.053172941180765321e+00 1.534767849892015645e+00 -2.053172941180765321e+00 1.714580642288482792e+01
4.860286107108851894e+00 8.048420641435757972e+00 1.905802621465983560e+00 8.048420641435757972e+00 2.767406355122086481e+01 5.675532724577432298e+00 1.905802621465983560e+00 5.675532724577432298e+00 9.317650596091496595e+00
3.281917119028875618e+01 1.527682389507274419e+00 -1.262756779890670256e+00 1.527682389507274419e+00 3.023449355884174494e+01 1.519111060698412397e+00 -1.262756779890670256e+00 1.519111060698412397e+00 1.822855006530743083e+01
2.875255104752286783e+01 2.329126838099436103e+00 3.083141741009352010e+00 2.329126838099436103e+00 8.215877910155189312e+00 5.294309950569773271e+00 3.083141741009352010e+00 5.294309950569773271e+00 1.111959555049122095e+01
2.960225096389586952e+01 4.145737864065467626e+00 8.957485238489127921e-01 4.145737864065467626e+00 2.990691871255832979e+01 1.539607468648793942e+00 8.957485238489127921e-01 1.539607468648793942e+00 3.544304319046839424e+01
2.103140132916019311e+00 -3.387479529882446161e-01 -1.195267729796344769e+00 -3.387479529882446161e-01 -1.345606405899909674e+01 -2.061905492831438647e+00 -1.195267729796344769e+00 -2.061905492831438647e+00 -3.234888120643515830e+00
1.645079938742124526e+01 -7.721661715388843383e+00 -9.974676820003487432e-01 -7.721661715388843383e+00 1.336842847810879853e+01 -1.110094692615642531e+00 -9.974676820003487432e-01 -1.110094692615642531e+00 -5.559667636620683417e+00
2.203697201093887870e+01 2.337884236087904632e+00 -6.020136694015016943e-01 2.337884236087904632e+00 1.165765367619336779e+01 -5.733721913808321746e-01 -6.020136694015016943e-01 -5.733721913808321746e-01 7.522330902183731460e+00
9.281367325735809359e+00 1.258514992953816147e+01 9.359724830811920748e-01 1.258514992953816147e+01 6.825194222245891673e+00 -5.811502299778067426e-01 9.359724830811920748e-01 -5.811502299778067426e-01 4.221892285986167614e+00
6.809933280461929250e+00 1.424912403208320244e+00 -1.941313193336860810e+00 1.424912403208320244e+00 2.516723269001155838e+00 -5.284852393787650010e-02 -1.941313193336860810e+00 -5.284852393787650010e-02 7.862054806786855643e+00
1.996896372997670710e+01 3.808388913578922175e+00 -7.471384624913512962e-01 3.808388913578922175e+00 1.287142333185783727e+01 3.315392170923488369e+00 -7.471384624913512962e-01 3.315392170923488369e+00 2.740885830902753639e+01
-2.925134016895677203e+00 -1.120163896702379169e+01 -1.123975345362900446e+00 -1.120163896702379169e+01 -1.666647292606294073e+01 -1.579123181659490172e+00 -1.123975345362900446e+00 -1.579123181659490172e+00 1.111044593805413871e+00
2.798226242798371644e+01 -2.504052314496909085e-03 -3.786463008976149180e-01 -2.504052314496909085e-03 3.119952380865136732e+01 -2.253555471377175490e-01 -3.786463008976149180e-01 -2.253555471377175490e-01 3.112474425611795326e+01
6.524311887306428304e+00 2.272927975523327593e+00 -5.134397056210083576e+00 2.272927975523327593e+00 3.254046328583207526e+01 5.010078281020287960e+00 -5.134397056210083576e+00 5.010078281020287960e+00 -2.982310344997371132e+00
-1.041943683958955447e+01 -1.187831213927361462e+00 1.121475278796287389e+00 -1.187831213927361462e+00 -7.708798126084794866e+00 -3.263887196508241217e+00 1.121475278796287389e+00 -3.263887196508241217e+00 -1.559945368247547037e+01
-2.073714407122582770e+01 2.883176421148139212e+00 -2.196576287412782325e+00 2.883176421148139212e+00 -2.115022358563212990e+01 -1.482305291847784368e+00 -2.196576287412782325e+00 -1.482305291847784368e+00 -2.067793936510446073e+01
2.054278001087408967e+01 -5.068356273879833118e+00 3.606119965647797132e-01 -5.068356273879833118e+00 4.147213556526126155e+01 -4.802510342759773287e+00 3.606119965647797132e-01 -4.802510342759773287e+00 1.258097993760806510e+01
-6.503222722818363666e-01 -7.635735200454475402e-01 5.612405963329575087e+00 -7.635735200454475402e-01 -1.113191785240175413e+01 1.537646066941225076e+00 5.612405963329575087e+00 1.537646066941225076e+00 -2.402315585575465917e+01
-5.523048318508878562e-01 -5.892410714860065735e-01 8.662329474031577048e-01 -5.892410714860065735e-01 -1.371225149202620130e+01 4.618845182728341214e+00 8.662329474031577048e-01 4.618845182728341214e+00 -2.059148815341495720e+01
8.866140404496714922e+00 -9.761574083212727349e-01 -1.003554652271747472e+01 -9.761574083212727349e-01 2.521954831385441764e+01 3.503991700479418547e+00 -1.003554652271747472e+01 3.503991700479418547e+00 -9.640914731081384748e-01
1.772170674428404524e+01 -5.649058799514953266e-01 5.029819505246749145e+00 -5.649058799514953266e-01 8.632331364963333087e+00 6.139507189167237478e+00 5.029819505246749145e+00 6.139507189167237478e+00 -1.351996194441434973e+01
1.175096749864693635e+01 -9.741035464782095588e+00 1.835305283772441953e+01 -9.741035464782095588e+00 1.935786823181845362e-01 1.730818668177145625e+01 1.835305283772441953e+01 1.730818668177145625e+01 -4.495933646472010992e+00
5.658352950282221627e+01 2.108712822348578264e+00 -4.339832258219957217e-01 2.108712822348578264e+00 4.378733283725570402e+01 1.775470296046977259e+00 -4.339832258219957217e-01 1.775470296046977259e+00 2.602299240739946384e+01
2.992346987440824790e+01 1.082710978024953752e+00 -2.632739790860710638e+00 1.082710978024953752e+00 3.109201436728021761e+01 -7.445609411036905323e-01 -2.632739790860710638e+00 -7.445609411036905323e-01 3.104461149517645069e+01
2.122666883108150770e+01 -4.226843322691375526e+00 -7.447458387006919978e+00 -4.226843322691375526e+00 2.804948847739797557e+01 -1.863143933190807289e+00 -7.447458387006919978e+00 -1.863143933190807289e+00 1.156461731698285966e+01
-2.076238841348235553e+01 -2.304158540307091219e+00 6.646546931066700026e+00 -2.304158540307091219e+00 -2.232641782157600474e+01 5.159031077650312325e-01 6.646546931066700026e+00 5.159031077650312325e-01 -1.348966650542494428e+01
5.047355400844788420e+01 1.644057747820265369e+00 5.820313934782598508e+00 1.644057747820265369e+00 4.542941247970991014e+01 1.455238026263287798e+00 5.820313934782598508e+00 1.455238026263287798e+00 1.660527786035615350e+01
2.673329198541438601e+01 -3.094420834111270224e+00 -1.687722471132908852e+00 -3.094420834111270224e+00 3.403041984197700742e+01 -1.917691513157923966e+00 -1.687722471132908852e+00 -1.917691513157923966e+00 2.742261980038441394e+01
4.493972739382815718e+00 -3.731545286412269125e+00 -6.970266225429309903e-02 -3.731545286412269125e+00 2.344478865546037483e+01 -3.115759975415715588e-01 -6.970266225429309903e-02 -3.115759975415715588e-01 -1.055628297614422628e+01
5.589908166549553137e+00 4.516854309101477227e+00 1.265590439533299527e+00 4.516854309101477227e+00 -1.202812725736787414e+01 -1.277707680538994417e+00 1.265590439533299527e+00 -1.277707680538994417e+00 -4.932308182431661692e+01
-3.121020450373178079e+01 2.297196949134909350e+00 -2.445832949424572966e+00 2.297196949134909350e+00 -2.222951292088234609e+01 -1.231909303141692780e+00 -2.445832949424572966e+00 -1.231909303141692780e+00 2.695474770913619533e+00
-3.678025234097383134e+00 -2.196296125351905992e+00 -5.928026612682720575e+00 -2.196296125351905992e+00 1.279960334581038595e+01 -7.276514863412229417e+00 -5.928026612682720575e+00 -7.276514863412229417e+00 -7.754565194949410767e+00
2.016191103597355649e+01 -2.654274691582555246e+00 3.742554156065235560e+00 -2.654274691582555246e+00 1.453180197953047781e+01 9.357090184924563570e-01 3.742554156065235560e+00 9.357090184924563570e-01 1.166332547671158126e+00
-1.859245005230169667e+01 -2.254499885575966811e-01 -6.032103686524522557e-01 -2.254499885575966811e-01 -1.089242994156480471e+01 -2.334895714642833742e+00 -6.032103686524522557e-01 -2.334895714642833742e+00 -2.042387670447097126e+00
9.747858960726887290e+00 -1.625048504835524765e+00 2.325129432023313569e+00 -1.625048504835524765e+00 1.234706956167292446e+01 3.183315841672262003e+00 2.325129432023313569e+00 3.183315841672262003e+00 6.747645693975941050e+00
1.258099786682112864e+01 5.036515099234504689e+00 -2.376520192190785252e-01 5.036515099234504689e+00 1.445893755771193945e+01 -2.222187123215688676e+00 -2.376520192190785252e-01 -2.222187123215688676e+00 2.791621153227033858e+00
3.896263325234226915e+00 9.550756673254848783e-01 6.694493953273064069e-01 9.550756673254848783e-01 4.736768855672925937e+00 3.449442240633135981e+00 6.694493953273064069e-01 3.449442240633135981e+00 1.765951918977295421e+01
-7.940089227378131831e+00 -2.624302785216518163e+00 -2.239450153158688284e-01 -2.624302785216518163e+00 8.815109138792792010e+00 5.665306010050629837e+00 -2.239450153158688284e-01 5.665306010050629837e+00 -2.334121438915034119e+01
-9.388796869988799143e-01 -6.005234215320863100e+00 1.215098544098830224e+01 -6.005234215320863100e+00 -3.125888740564228385e+00 -5.037690436178413833e+00 1.215098544098830224e+01 -5.037690436178413833e+00 1.205352693374881490e+01
