2.068279759218381741e+01 5.470803293569919568e+00 6.652910983374747289e+00 5.470803293569919568e+00 3.283150797063595405e+01 -3.522298778956277854e+00 6.652910983374747289e+00 -3.522298778956277854e+00 1.383473246639480969e+01
-3.569540481013407174e+01 2.563648766232538456e+00 -1.750743621446635645e+00 2.563648766232538456e+00 -3.675751639221331857e+01 1.212030523966714846e+00 -1.750743621446635645e+00 1.212030523966714846e+00 -2.989558212292977402e+01
-6.695399551320784681e+00 -4.943152797248039576e+00 -6.832412736363525640e-01 -4.943152797248039576e+00 -1.048474716707057475e+01 4.068865107988073326e+00 -6.832412736363525640e-01 4.068865107988073326e+00 -6.297058982573635610e+00
-5.684043292295669403e+00 -5.629123355405451612e+00 4.155851901259166148e+00 -5.629123355405451612e+00 -3.024034574229816918e+00 -5.208712570321775148e-01 4.155851901259166148e+00 -5.208712570321775148e-01 -1.318124112221349975e+01
-2.466473071306655385e+01 2.537966804908769802e+00 -1.758600899058571088e+00 2.537966804908769802e+00 -2.107368853398889996e+01 6.111037237437079161e-01 -1.758600899058571088e+00 6.111037237437079161e-01 -1.917540060704657634e+01
-2.393390962492452978e+00 2.853327266185047950e+00 1.860114735627730775e+00 2.853327266185047950e+00 -4.497127097191233602e+00 1.961848974907937748e+00 1.860114735627730775e+00 1.961848974907937748e+00 -3.338136334718495579e+00
8.353264814634059343e-01 -8.951990051597961795e+00 -8.334993985984672449e+00 -8.951990051597961795e+00 7.110769444543266538e+00 -1.877764658957483235e+00 -8.334993985984672449e+00 -1.877764658957483235e+00 6.084753461397482965e+00
1.041050504519373554e+01 -6.285629618966096288e+00 1.115334360922633827e+00 -6.285629618966096288e+00 4.924902790468622449e+00 -2.256062444766214758e-01 1.115334360922633827e+00 -2.256062444766214758e-01 6.815914831717325706e-01
2.330905757462060635e+00 2.590629647238138489e-01 -7.382041439696892526e-01 2.590629647238138489e-01 -4.172397742207929028e+00 -2.051521190108972714e+00 -7.382041439696892526e-01 -2.051521190108972714e+00 -1.500323455555422925e+01
3.952339978868998571e+00 4.443031676664923602e+00 4.978686088407370258e-01 4.443031676664923602e+00 -7.085340260438174331e-01 -2.909779455174071217e+00 4.978686088407370258e-01 -2.909779455174071217e+00 9.313667109318993553e+00
1.227540275699809058e+01 6.149091355708365958e-01 6.372613275256273191e+00 6.149091355708365958e-01 -7.809028228203465094e-01 5.105051676446302977e+00 6.372613275256273191e+00 5.105051676446302977e+00 6.284393501825805473e+00
2.282849828122993685e+01 2.037263057630856355e+00 1.242239358040729602e+00 2.037263057630856355e+00 3.876968020859838759e+01 -1.737210077051983825e+00 1.242239358040729602e+00 -1.737210077051983825e+00 2.905878489480020832e+01
-8.242324035181892938e+00 5.305799376376521437e+00 1.454729491256813390e+00 5.305799376376521437e+00 -1.880887674166727530e+00 -8.562017062120740318e-01 1.454729491256813390e+00 -8.562017062120740318e-01 -6.816457769412733292e+00
-1.388028252457880107e+01 -6.860859693373868584e-01 1.092005546894643864e+01 -6.860859693373868584e-01 -1.574284170862437904e+01 -3.591243778008124110e-01 1.092005546894643864e+01 -3.591243778008124110e-01 -1.551724603059297181e+01
-1.215765755135272741e+00 5.264189741938011480e+00 -9.234670434531325967e+00 5.264189741938011480e+00 -9.441156211473886728e+00 3.320486558892667084e+00 -9.234670434531325967e+00 3.320486558892667084e+00 -1.049061528373540053e+00
-1.184619947274115681e+01 -5.241951674661442517e-01 -2.256038151918222656e+00 -5.241951674661442517e-01 5.678239106663758307e+00 -3.845076999815947527e+00 -2.256038151918222656e+00 -3.845076999815947527e+00 -2.733321451141523806e+00
1.190779969985501907e+01 -8.932868078729837569e-01 1.374463149302808329e+00 -8.932868078729837569e-01 7.282717919647024196e+00 -9.778237965158680378e-01 1.374463149302808329e+00 -9.778237965158680378e-01 1.321976896207105767e+01
4.736275466082142671e+00 -2.045618222772475292e+00 -1.813365787757741376e+00 -2.045618222772475292e+00 -1.069045194244526087e+01 1.466360738098627436e+00 -1.813365787757741376e+00 1.466360738098627436e+00 6.350904728682023048e+00
-2.411052655016609148e+00 -4.692371163386059862e+00 2.867656161412600380e+00 -4.692371163386059862e+00 -3.209201110265036405e+00 6.737585982748348634e-01 2.867656161412600380e+00 6.737585982748348634e-01 -3.554342850897776795e+00
2.332830431846307562e+01 -2.213323715273588732e+00 9.797382407951313876e-01 -2.213323715273588732e+00 3.490250428590377396e+01 9.391348051845044287e-01 9.797382407951313876e-01 9.391348051845044287e-01 3.270854149367032448e+01
-4.207994934737503634e+00 2.625038463734715943e+00 3.705528697904533431e+00 2.625038463734715943e+00 -1.254276770991934775e+01 3.774047938582726136e+00 3.705528697904533431e+00 3.774047938582726136e+00 -4.533972069311969832e+00
2.474629452075406988e+01 3.940637530638647856e+00 2.295743363717780205e+00 3.940637530638647856e+00 1.981848681576918736e+01 3.014948000736653033e-01 2.295743363717780205e+00 3.014948000736653033e-01 1.630654272735000276e+01
9.611382939501574185e+00 -1.207211941553241452e+01 -1.754905535076804357e+00 -1.207211941553241452e+01 1.956183658714758877e+01 -3.789710647973442814e+00 -1.754905535076804357e+00 -3.789710647973442814e+00 1.846771831603642111e+00
2.605881579269208004e+01 6.335480692859283280e+00 5.314246080973814124e+00 6.335480692859283280e+00 3.069486020098498358e+01 1.736782201630469258e+00 5.314246080973814124e+00 1.736782201630469258e+00 4.138944158952746477e+01
3.958569984595173175e+00 1.233033033658840649e+00 7.717697657740977490e+00 1.233033033658840649e+00 1.068868010291075876e+01 -3.486886912030377594e+00 7.717697657740977490e+00 -3.486886912030377594e+00 2.114752129075757026e+01
-9.834706952408069469e+00 8.548639084529105148e+00 1.070830731674599967e+01 8.548639084529105148e+00 -2.047797556636377081e+00 -1.565448770803139267e+00 1.070830731674599967e+01 -1.565448770803139267e+00 2.005377929126790360e+00
-5.205055265833554046e+00 -1.344498439963057068e+00 -5.085004503165470702e+00 -1.344498439963057068e+00 -5.431883997673709885e+00 1.889795779993395541e+00 -5.085004503165470702e+00 1.889795779993395541e+00 -1.051849643297830816e+01
5.510164658939983084e+00 7.553520658120227438e+00 -2.952423364804611872e+00 7.553520658120227438e+00 -4.822328533079775603e+00 1.759940277494914218e+00 -2.952423364804611872e+00 1.759940277494914218e+00 3.385880324587308809e+00
5.437155235062238745e+00 3.565483277114883442e+00 -1.930802043121149003e+00 3.565483277114883442e+00 5.761200807011918279e+00 7.784229489316058626e+00 -1.930802043121149003e+00 7.784229489316058626e+00 -8.736699820581318221e+00
9.022911053031673845e+00 -2.108900084889776316e+00 -9.393978453403539319e+00 -2.108900084889776316e+00 6.939466722345295935e+00 1.004099265138873598e+00 -9.393978453403539319e+00 1.004099265138873598e+00 7.815609067315383296e-01
-5.447457381872607307e+00 -1.801163326055762237e+00 -1.279738010575338336e+01 -1.801163326055762237e+00 -6.019310632529435878e+00 3.413629125627109406e+00 -1.279738010575338336e+01 3.413629125627109406e+00 -4.806385376843168022e-01
1.444483534529549829e+01 9.589497898474133919e+00 -1.331655957075515317e+00 9.589497898474133919e+00 2.660568912958700949e+01 1.035643737013305365e+00 -1.331655957075515317e+00 1.035643737013305365e+00 5.880416192933869191e+00
4.083682804331774996e+00 8.399432700296073362e-01 -4.742599324849871678e+00 8.399432700296073362e-01 -2.282618985929717237e+00 4.939999802475118607e+00 -4.742599324849871678e+00 4.939999802475118607e+00 1.742113039137892949e+00
3.618754093052158893e+00 4.590263718716874886e-01 -9.402969128651567088e-02 4.590263718716874886e-01 6.856071240595583483e+00 -1.340501136978977437e+00 -9.402969128651567088e-02 -1.340501136978977437e+00 -1.914984808015019979e+01
-3.089295765834164875e+00 8.202895641267074822e+00 -7.937469033360065040e-01 8.202895641267074822e+00 -6.193530144083753797e+00 3.813930825106336187e+00 -7.937469033360065040e-01 3.813930825106336187e+00 -8.080729251703660410e+00
1.492497495106029426e+01 -3.369287144484524266e+00 -6.807639014696319713e+00 -3.369287144484524266e+00 3.849758167428886768e+00 3.402771789320730988e+00 -6.807639014696319713e+00 3.402771789320730988e+00 1.825767074921762756e+01
1.556091468850753046e+01 3.650475513584450216e+00 9.051745276361921055e-01 3.650475513584450216e+00 2.033797798105648269e+01 3.762098637148766134e+00 9.051745276361921055e-01 3.762098637148766134e+00 2.375555534242326239e+00
2.195717034690666480e+01 4.629763979991586176e+00 4.135618011931185833e+00 4.629763979991586176e+00 2.065156394670934148e+01 -1.037034131109819013e+00 4.135618011931185833e+00 -1.037034131109819013e+00 1.953051658444530148e+01
-1.340733578335847298e+01 5.111192260566156387e-01 1.553301233840948870e+00 5.111192260566156387e-01 -2.405694574590823365e+01 1.224504963839055716e+00 1.553301233840948870e+00 1.224504963839055716e+00 1.246829208393436028e+00
1.638072637587690039e+01 1.843457134240183315e+00 -8.053055080733056981e-01 1.843457134240183315e+00 2.120370345078903185e+01 -4.825729951389107208e-01 -8.053055080733056981e-01 -4.825729951389107208e-01 1.824550498991229119e+01
3.169460639352747933e+01 4.734967094340402305e+00 4.531538488371474216e+00 4.734967094340402305e+00 1.464284325435660961e+01 2.275386373105521720e+00 4.531538488371474216e+00 2.275386373105521720e+00 1.711101102778259531e+01
1.025679806667265304e+01 -1.728565761617795404e+00 2.115600093346734933e+00 -1.728565761617795404e+00 -4.679181843954264508e+00 3.138994585023452633e+00 2.115600093346734933e+00 3.138994585023452633e+00 -6.009455670790577742e-01
-2.662469686723283857e+01 2.087169987312452957e+00 -3.414937789005876745e+00 2.087169987312452957e+00 -2.178539536517768838e+01 7.388157144856251080e-01 -3.414937789005876745e+00 7.388157144856251080e-01 -9.752447048797835194e+00
-1.388028252457880107e+01 -6.860859693373868584e-01 1.092005546894643864e+01 -6.860859693373868584e-01 -1.574284170862437904e+01 -3.591243778008124110e-01 1.092005546894643864e+01 -3.591243778008124110e-01 -1.551724603059297181e+01
-8.970164175999798317e+00 5.755712057359755995e+00 4.124523321395073161e+00 5.755712057359755995e+00 -1.687180643678985348e+01 -2.093457809938030767e+00 4.124523321395073161e+00 -2.093457809938030767e+00 -1.091899007150221657e+01
1.582526741357247246e+01 -7.498074419865550233e+00 -3.946419986406804803e+00 -7.498074419865550233e+00 1.702537329923722709e+01 1.483901542927756667e+00 -3.946419986406804803e+00 1.483901542927756667e+00 -2.366563496924276588e+00
-7.990705841077535787e+00 5.111644841032242370e-01 2.230677993893021238e+00 5.111644841032242370e-01 -8.492375651705044021e-03 -1.198701291952019243e+00 2.230677993893021238e+00 -1.198701291952019243e+00 -1.849718168913245009e+01
-1.603804652056399860e+01 -1.041928356921180843e+01 1.350005830378512739e+00 -1.041928356921180843e+01 8.082118832450564838e+00 -1.072382569551079534e+01 1.350005830378512739e+00 -1.072382569551079534e+01 -2.018237318787054235e+01
9.024035687471803513e+00 3.380787752032484494e+00 -4.703029009456347609e+00 3.380787752032484494e+00 1.150274446105441051e+01 -9.350527458709523287e-01 -4.703029009456347609e+00 -9.350527458709523287e-01 1.116608955842252726e+01
3.005835712209472099e+00 -2.926104559486691237e+00 9.498894207225765385e-01 -2.926104559486691237e+00 1.931089630114001698e+00 -1.096336564206423114e+00 9.498894207225765385e-01 -1.096336564206423114e+00 -5.076471164774539524e+00
