1.235844347613790362e+01 -1.376168480156358731e+00 -1.047676002296640707e+00 -1.376168480156358731e+00 9.974797283152213367e+00 -7.442043514979355123e-01 -1.047676002296640707e+00 -7.442043514979355123e-01 1.067152644027605390e+01
6.586849752007386094e+00 -2.920368117703297628e+00 -3.763223888908205250e+00 -2.920368117703297628e+00 9.344906728611034552e+00 -1.194977191168568709e+00 -3.763223888908205250e+00 -1.194977191168568709e+00 9.919117520039600677e+00
3.982814499329296609e+01 3.240898381763263725e+00 -3.338147208600309224e+00 3.240898381763263725e+00 3.640928854087614042e+01 -2.354301106335149107e+00 -3.338147208600309224e+00 -2.354301106335149107e+00 3.226932307443711068e+01
8.916726132097750224e+00 -3.817389961450513791e+00 6.134299509947274132e-01 -3.817389961450513791e+00 6.176526962383460884e+00 9.127220307350232195e-03 6.134299509947274132e-01 9.127220307350232195e-03 9.144442348321954128e+00
1.518824797413518546e+01 5.310289689388295820e+00 -4.704378964781025241e-01 5.310289689388295820e+00 7.155574669361982387e+00 4.662089493559146369e+00 -4.704378964781025241e-01 4.662089493559146369e+00 1.156183752529274145e+01
5.800887260989770766e+01 1.007313889336731449e+01 2.516093813796264200e+01 1.007313889336731449e+01 5.436503323877984428e+01 1.310360937308700180e+01 2.516093813796264200e+01 1.310360937308700180e+01 8.269495730738401562e+01
2.529355176258381377e+01 -5.579125960914220528e+00 -2.426336115232227364e+00 -5.579125960914220528e+00 2.379603721673479555e+01 2.527702286011153543e+00 -2.426336115232227364e+00 2.527702286011153543e+00 1.620254920915414942e+01
1.146058534546345697e+01 1.229495368583360504e+00 -8.256621029282008584e-01 1.229495368583360504e+00 9.439103864637935715e+00 3.518428672060527895e-01 -8.256621029282008584e-01 3.518428672060527895e-01 1.146047619435069187e+01
2.709382351603080608e+00 -3.885610341998709805e-01 5.910055220433887979e-02 -3.885610341998709805e-01 1.044392881266768747e+01 -1.122022349069440983e+00 5.910055220433887979e-02 -1.122022349069440983e+00 4.857493161071539056e+00
7.753339187820843748e+00 2.544008351310009242e-01 -2.331267613347624224e+00 2.544008351310009242e-01 1.264409704256393319e+01 -1.864370642606890005e+00 -2.331267613347624224e+00 -1.864370642606890005e+00 8.567784447256919123e+00
1.167111921309550127e+01 1.282627484549411778e-01 -1.603771501961057389e-01 1.282627484549411778e-01 1.457927071353629955e+01 -6.772164226900758699e-01 -1.603771501961057389e-01 -6.772164226900758699e-01 1.196498303914675887e+01
3.117048422431865617e+01 3.234532257313614600e+00 3.227926490196348919e+00 3.234532257313614600e+00 3.089063046525167167e+01 5.309711678524928757e-01 3.227926490196348919e+00 5.309711678524928757e-01 2.512809387194531041e+01
2.075771780243439224e+01 6.545774249490772245e-01 2.449005067874088670e+00 6.545774249490772245e-01 2.355032607895869035e+01 1.123708317059841200e+00 2.449005067874088670e+00 1.123708317059841200e+00 2.301329451407239546e+01
3.964879153125312250e+00 -1.055363609883647413e+00 -4.208692989337777135e+00 -1.055363609883647413e+00 1.903875227080158439e-01 -2.961580714643146539e+00 -4.208692989337777135e+00 -2.961580714643146539e+00 8.150685340421714997e+00
1.772347148536908890e+01 4.753026403809341716e+00 -6.187280727107677750e-03 4.753026403809341716e+00 2.636546674177724014e+01 6.529591010885309466e+00 -6.187280727107677750e-03 6.529591010885309466e+00 1.437379221406828300e+01
9.679098270615963173e+00 -2.956530697319662782e+00 -1.816274910043975260e-02 -2.956530697319662782e+00 1.996814694852244898e+01 -1.139426568566756615e+00 -1.816274910043975260e-02 -1.139426568566756615e+00 1.439785883378132958e+01
5.391493915896726108e+00 4.144467927275635510e+00 -1.360915191849231265e+00 4.144467927275635510e+00 1.017209421977218931e+01 -3.219585602421841219e+00 -1.360915191849231265e+00 -3.219585602421841219e+00 5.273036323016036420e+00
1.641613690155062599e+01 -4.681901096267203854e+00 1.556319638544031159e-01 -4.681901096267203854e+00 2.933272011519245659e-01 1.597925909777457854e+00 1.556319638544031159e-01 1.597925909777457854e+00 4.045952827211798386e+00
3.645945015090353536e+01 1.522461200893540978e+00 1.066846791666827166e+01 1.522461200893540978e+00 3.567623298976347712e+01 2.589363947450920911e+00 1.066846791666827166e+01 2.589363947450920911e+00 4.550244562607634435e+01
3.911581499336440615e+00 9.519012020811121744e-01 6.679045599554718216e-01 9.519012020811121744e-01 3.306648860599167516e+00 -4.017314171586157667e-01 6.679045599554718216e-01 -4.017314171586157667e-01 6.762176533101050602e+00
1.456072330722812502e+01 -5.356248898482396825e+00 -5.344883066320875731e-01 -5.356248898482396825e+00 4.242330351743051509e+00 -2.610913990170222743e+00 -5.344883066320875731e-01 -2.610913990170222743e+00 1.120745036809500306e+01
3.360641780730129113e+01 4.889890743122528027e-01 -5.891994665555581046e-01 4.889890743122528027e-01 4.127253548851359000e+01 8.684428273598042702e-01 -5.891994665555581046e-01 8.684428273598042702e-01 4.140933701560985014e+01
1.330964075629755827e+00 -2.081143364474622359e+01 -1.099898284481194644e+01 -2.081143364474622359e+01 3.894796118764361381e+01 -2.441874383137152549e+00 -1.099898284481194644e+01 -2.441874383137152549e+00 2.188736175632116954e+01
1.586155630737906641e+01 -7.784782536677251841e+00 -9.661034831215507879e+00 -7.784782536677251841e+00 -6.374251611337759194e+00 1.123169810106087496e+01 -9.661034831215507879e+00 1.123169810106087496e+01 6.275756464732836548e+00
2.845764651240000376e+01 4.046502575740555940e+00 -9.160143088426730529e+00 4.046502575740555940e+00 8.803610787181316510e+00 -8.765844037843162351e-02 -9.160143088426730529e+00 -8.765844037843162351e-02 -6.149336460935700188e+00
-5.985402997522624169e+00 -1.133493413327674837e+01 -5.333315499938174220e+00 -1.133493413327674837e+01 5.148624569942233720e+00 -5.452862056190524775e+00 -5.333315499938174220e+00 -5.452862056190524775e+00 4.556644097104758373e+00
2.347848399832380295e+01 7.363080980750920101e-01 1.702547548582593162e+00 7.363080980750920101e-01 2.906060870024369436e+01 9.325940944318567016e-01 1.702547548582593162e+00 9.325940944318567016e-01 2.104297261038478339e+01
8.132762089865032351e+00 -5.541247999485292119e+00 -3.691795972516006774e+00 -5.541247999485292119e+00 -2.593633941894078809e+00 7.044512192530841155e+00 -3.691795972516006774e+00 7.044512192530841155e+00 2.246737638974585138e+01
2.338013634630727822e+01 4.460216097240462751e+00 9.844775543943985241e+00 4.460216097240462751e+00 -6.812159234275681818e+00 8.139024234103791500e+00 9.844775543943985241e+00 8.139024234103791500e+00 -4.598093421368401046e+00
-5.676025465851856078e-01 -4.316881961158311576e+00 -7.262207638274297494e+00 -4.316881961158311576e+00 1.289427411589736172e+00 5.608478082776314544e+00 -7.262207638274297494e+00 5.608478082776314544e+00 -1.406399637436858141e+00
1.053560714623055716e+01 -2.549505139495351624e-01 6.826070258412603176e-01 -2.549505139495351624e-01 8.910067291395053601e+00 4.912098776533347366e-01 6.826070258412603176e-01 4.912098776533347366e-01 9.074544806989383261e+00
6.217831705550028509e+00 -1.085901761242082042e+00 -1.104258467963220025e-01 -1.085901761242082042e+00 7.374635994072545664e+00 -9.369940488236857545e-01 -1.104258467963220025e-01 -9.369940488236857545e-01 8.937073592122894539e+00
-1.715073608782329728e+01 4.292430940532772077e+00 9.500727938337343303e+00 4.292430940532772077e+00 -1.464355801134576529e+00 5.818940961351065644e-01 9.500727938337343303e+00 5.818940961351065644e-01 1.112660420386467131e+01
1.087259647125772055e+01 -1.474551550606792993e+01 -6.670194304082817105e+00 -1.474551550606792993e+01 3.016632436071761347e+01 3.180326718016835974e-01 -6.670194304082817105e+00 3.180326718016835974e-01 1.683951346442639618e+01
6.628779114429360853e+00 4.506172004760596733e-02 -1.410845253040841907e-01 4.506172004760596733e-02 1.499873055678471623e+01 -1.598336967639838235e+00 -1.410845253040841907e-01 -1.598336967639838235e+00 8.934798406940865689e+00
-3.281054558302859192e+01 -1.756498105465757797e+00 1.037779800599505087e-01 -1.756498105465757797e+00 -2.513180036152535735e+01 -2.293655947093749869e+00 1.037779800599505087e-01 -2.293655947093749869e+00 -4.125489991649611454e+01
3.649339868277197496e+01 1.243787821693476481e+01 1.026210347107430110e+01 1.243787821693476481e+01 2.245052942405046892e+01 -2.230826575620839858e+00 1.026210347107430110e+01 -2.230826575620839858e+00 2.456667397586274504e+01
1.270141481604342104e+01 -7.994852925016610712e+00 -4.843559042601909503e+00 -7.994852925016610712e+00 1.466992415795252569e+01 -8.779604726985867913e+00 -4.843559042601909503e+00 -8.779604726985867913e+00 9.176921595067572213e+00
-8.600074349516061645e+00 -9.874958390846948930e+00 4.488501933720267512e-01 -9.874958390846948930e+00 1.562049500267124857e+00 -7.644323169403074658e+00 4.488501933720267512e-01 -7.644323169403074658e+00 1.961564292867582537e+01
4.153475929931729205e+00 -5.464755939222288639e+00 1.381998428873551843e+00 -5.464755939222288639e+00 -1.907350311657698860e+00 -4.352030566354981644e+00 1.381998428873551843e+00 -4.352030566354981644e+00 3.362415209121341064e+00
-3.073311938001093147e+00 -2.199023433007893491e+00 9.096103950265067795e+00 -2.199023433007893491e+00 4.583473914673162675e+00 -1.200067356627091408e+00 9.096103950265067795e+00 -1.200067356627091408e+00 7.891475513157147681e+00
2.472371519443911936e+01 2.460345873944499662e+00 3.996028205236930031e+00 2.460345873944499662e+00 1.604394011213053162e+01 -4.670995240712692897e+00 3.996028205236930031e+00 -4.670995240712692897e+00 2.016571937989836982e+01
-6.012381394354266106e+00 4.435288032558191595e+00 1.598292055053606164e-01 4.435288032558191595e+00 1.183492677773756618e+01 -7.355572055922174890e+00 1.598292055053606164e-01 -7.355572055922174890e+00 4.451963641168334540e+00
3.429991968272754210e+00 -3.796774920558667610e+00 7.736951807874176801e+00 -3.796774920558667610e+00 7.867213893087436460e+00 4.591367341854359907e+00 7.736951807874176801e+00 4.591367341854359907e+00 2.007603540290285038e-01
1.694956165402208370e+01 -8.743086483739787029e-02 -7.637344031124866650e-02 -8.743086483739787029e-02 1.696967642267825838e+01 -1.234921434324689066e-01 -7.637344031124866650e-02 -1.234921434324689066e-01 1.645128236570626257e+01
1.959402308376137114e+01 8.391010288216244062e-01 -1.733015295856549010e+00 8.391010288216244062e-01 1.403858871742381709e+01 6.406619294808455045e+00 -1.733015295856549010e+00 6.406619294808455045e+00 1.514765583669073301e+01
1.265935748645091330e+01 4.626459469948519754e+00 6.583702180761405565e+00 4.626459469948519754e+00 1.298015707110356409e+01 -3.046759882528205399e+00 6.583702180761405565e+00 -3.046759882528205399e+00 1.609009727222158759e+01
1.633232695302953985e+01 1.118541666873011264e+00 -1.314705579952861747e-01 1.118541666873011264e+00 1.231473105918048283e+01 1.030868972080300594e+00 -1.314705579952861747e-01 1.030868972080300594e+00 2.082501164443227992e+01
-1.725086578910059032e+01 -2.722397634895813656e+00 -4.679799334497925400e+00 -2.722397634895813656e+00 3.437146678292140933e+00 5.996350700190737903e+00 -4.679799334497925400e+00 5.996350700190737903e+00 2.906100368370987841e+00
1.058624815199980418e+00 2.301183377886447001e+00 -1.112218260173783335e+00 2.301183377886447001e+00 5.678430802015611567e-01 -1.168182230088577578e+00 -1.112218260173783335e+00 -1.168182230088577578e+00 5.793841841070136667e+00
