2.820602040880160288e+01 4.780651443699299730e-01 1.303690557611000722e+00 4.780651443699299730e-01 2.528606887300027850e+01 4.944228831971330784e+00 1.303690557611000722e+00 4.944228831971330784e+00 2.439947300356031334e+01
4.837486455081152492e+00 -4.523001308159890765e-02 -3.083279144089752163e-02 -4.523001308159890765e-02 -2.937752631700552008e-01 5.630392787010447542e-01 -3.083279144089752163e-02 5.630392787010447542e-01 -7.008720259784257944e-01
3.360088792252471279e+01 2.013665074587850601e+00 3.358960408703399292e+00 2.013665074587850601e+00 3.279856359554096912e+01 -2.842286186188397235e+00 3.358960408703399292e+00 -2.842286186188397235e+00 2.277656969535330234e+01
3.168619328143908831e+01 2.059326829707657680e+00 3.012464883433609408e+00 2.059326829707657680e+00 2.481703704470172411e+01 -1.352794678125590178e+00 3.012464883433609408e+00 -1.352794678125590178e+00 1.311169768453873097e+01
9.521886459658864155e+00 4.163392907853974201e+00 1.258095826670002193e+00 4.163392907853974201e+00 6.901803687107755714e+00 -8.565950913837767633e-01 1.258095826670002193e+00 -8.565950913837767633e-01 -4.130463851491367855e+00
-1.194370147307158092e+01 -1.953966870293535996e+00 1.067178520055639845e+00 -1.953966870293535996e+00 -1.898700611641654268e+00 -4.148256074241251312e+00 1.067178520055639845e+00 -4.148256074241251312e+00 -2.497641663835661419e+01
-6.367028670306513760e+00 1.657365762255245567e+00 -2.010026386833120515e+00 1.657365762255245567e+00 -2.282984914980619173e+00 8.848878920322994501e-01 -2.010026386833120515e+00 8.848878920322994501e-01 -9.576280117753961818e+00
2.040665409080935078e+01 3.377673128403540836e+00 2.661707814987437359e+00 3.377673128403540836e+00 1.777769925727525546e+01 1.489964267944157372e+00 2.661707814987437359e+00 1.489964267944157372e+00 1.065089929212235553e+01
-1.605392023706840865e+00 6.911157041854736782e+00 5.174335055943195094e+00 6.911157041854736782e+00 -4.938578309694201529e+00 -1.528710837070919037e+00 5.174335055943195094e+00 -1.528710837070919037e+00 -1.257222222862498739e+01
1.490120050808516261e+01 1.158577110213943273e+00 -4.801686414254680013e-01 1.158577110213943273e+00 1.086980922927762627e+01 -6.691082762874545065e-01 -4.801686414254680013e-01 -6.691082762874545065e-01 2.626186998885167601e+00
-3.353019141460000352e+00 -5.066975118110537579e+00 2.277386434650133573e+00 -5.066975118110537579e+00 -1.148420766268887894e+00 -2.991483008108144492e+00 2.277386434650133573e+00 -2.991483008108144492e+00 -1.278917631819616751e+01
-1.056032507346367666e+01 -6.947110455877194557e-01 2.031680293367903900e+00 -6.947110455877194557e-01 -1.942737109121134509e+01 -4.640400039013060862e+00 2.031680293367903900e+00 -4.640400039013060862e+00 -1.763176466157834810e+01
8.735802420465246243e+00 5.392183489128251850e+00 -5.072184521144077252e+00 5.392183489128251850e+00 2.867592848294095020e+01 -9.067782286349050480e+00 -5.072184521144077252e+00 -9.067782286349050480e+00 1.709812062687500500e+01
-6.028616636897328185e+00 -6.485603624865456496e+00 -8.598931379847392975e+00 -6.485603624865456496e+00 -1.501126097832177742e+01 -6.190704687605310674e-01 -8.598931379847392975e+00 -6.190704687605310674e-01 -1.998730038473451032e+01
-2.425936550556769600e+00 2.234893508947846552e+00 -1.094483900702442614e-01 2.234893508947846552e+00 1.384645322091873076e+00 4.406983485203793016e+00 -1.094483900702442614e-01 4.406983485203793016e+00 -1.308022126730021206e+01
-5.961670288248943628e+00 -1.023312915966931191e+00 -1.696669542276791898e-01 -1.023312915966931191e+00 -4.087569925085412947e+00 4.497197705820373814e-01 -1.696669542276791898e-01 4.497197705820373814e-01 -1.316397558960034431e+01
-1.508713177276200845e+01 -5.167204539887118919e+00 2.710790201909622166e+00 -5.167204539887118919e+00 -5.023328127461619275e+00 -7.837039943505649253e-01 2.710790201909622166e+00 -7.837039943505649253e-01 -2.499020047226378693e+01
-9.354185503827546100e+00 5.917051803029437451e+00 -6.101852764027483333e-01 5.917051803029437451e+00 -2.267710899157632909e+01 -8.841536870421159988e-02 -6.101852764027483333e-01 -8.841536870421159988e-02 -7.646241796665177226e+00
-2.025329275396333983e+01 9.038990444157642301e+00 -6.451113351923718930e+00 9.038990444157642301e+00 -3.005092060983007585e+01 3.566678354930638228e+00 -6.451113351923718930e+00 3.566678354930638228e+00 -1.276871514820183506e+01
1.856166680540326652e+01 -8.439140808672688232e-01 1.932583232078339819e+00 -8.439140808672688232e-01 2.902685119846531991e-01 9.172233628402857164e+00 1.932583232078339819e+00 9.172233628402857164e+00 1.499375993936703466e+01
2.689445594918872473e+01 5.677414728558797918e+00 1.711821555670221651e+00 5.677414728558797918e+00 6.186719588852758633e+00 1.333435999571612385e+01 1.711821555670221651e+00 1.333435999571612385e+01 1.676970544487745585e+01
1.524097377902957895e+01 3.895812348165232919e+00 7.509760231963474197e+00 3.895812348165232919e+00 5.961258364046057245e+00 -6.928390343304752896e+00 7.509760231963474197e+00 -6.928390343304752896e+00 7.336505256403684783e+00
1.904093716406536174e+01 -3.265268395025890058e+00 -8.679896376954876480e-01 -3.265268395025890058e+00 1.353957745226595044e+01 2.767964482426960693e+00 -8.679896376954876480e-01 2.767964482426960693e+00 1.119046743572461189e+01
-2.149866186721861183e+01 5.531603383967715892e-01 -7.631635860395263871e-01 5.531603383967715892e-01 -2.349744837704033174e+01 -6.822496478112062279e-01 -7.631635860395263871e-01 -6.822496478112062279e-01 -9.319184855835114689e+00
1.008893138393706579e+01 1.540095398234219370e+00 -3.515735439229513148e-01 1.540095398234219370e+00 2.355759811840360207e+00 -3.590635673040653564e-01 -3.515735439229513148e-01 -3.590635673040653564e-01 -2.351847825106275547e+00
1.689955254075599100e+00 2.445810972142110629e+00 1.793750079964533617e+00 2.445810972142110629e+00 1.128174625006813869e+01 1.191457669574183642e+00 1.793750079964533617e+00 1.191457669574183642e+00 8.849577684369586805e+00
2.832673394282770829e+01 1.750619337348556792e+00 -2.172384553360309223e+00 1.750619337348556792e+00 1.784197509147766070e+01 -4.134609751749088957e+00 -2.172384553360309223e+00 -4.134609751749088957e+00 1.569367946287979976e+01
1.054337730464619938e+01 -4.417732904118484960e+00 -2.204338710045125715e+00 -4.417732904118484960e+00 1.386423359103018527e+01 -1.193845401561941966e+00 -2.204338710045125715e+00 -1.193845401561941966e+00 -8.793141076726811889e+00
-1.517945318476424532e+01 -8.489936112001938540e+00 -7.389391052152308959e+00 -8.489936112001938540e+00 -5.628392637157506151e+00 -5.716861215944545549e+00 -7.389391052152308959e+00 -5.716861215944545549e+00 -3.549597582922755290e+00
3.049653420647657320e+00 2.678362586652402566e+00 2.157432414073991112e+00 2.678362586652402566e+00 5.956702418997840809e+00 -2.820803506308373620e+00 2.157432414073991112e+00 -2.820803506308373620e+00 1.401721699105916841e+01
7.979541860542530785e+00 -3.735130795368409640e+00 -4.354035360497019447e+00 -3.735130795368409640e+00 1.736841605398454291e+01 2.726433863756626774e+00 -4.354035360497019447e+00 2.726433863756626774e+00 9.650474325905248341e-01
7.010420521873713673e-01 -8.869551947492835708e+00 -4.698900695976317543e+00 -8.869551947492835708e+00 5.671799082016120153e-01 -2.604233687058632452e+00 -4.698900695976317543e+00 -2.604233687058632452e+00 -3.335637196283071315e+00
1.709475246741427412e+01 1.895250879994043958e+00 4.759083832536298964e+00 1.895250879994043958e+00 1.181802065336961860e+01 1.431552067418141005e+00 4.759083832536298964e+00 1.431552067418141005e+00 1.851143873596686262e+01
5.235474937284867458e+00 -3.096191150235542811e+00 2.893627104954377582e+00 -3.096191150235542811e+00 -4.284908905524539513e+00 3.205170944861288174e+00 2.893627104954377582e+00 3.205170944861288174e+00 7.049413693699524863e+00
-1.506484884160119364e+01 -1.334093927561091908e+00 1.431647511921080085e+00 -1.334093927561091908e+00 -1.093475042773479977e+01 4.361048175678202021e+00 1.431647511921080085e+00 4.361048175678202021e+00 -1.281159018282255424e+01
-1.057819644218593780e+01 9.712126700427385906e-01 -1.470451790713414697e+00 9.712126700427385906e-01 -7.421962156275830225e+00 1.934961789933157400e-02 -1.470451790713414697e+00 1.934961789933157400e-02 -4.743957825616504920e+00
2.692473640804600876e+01 5.806586360554296666e-01 -6.304668581442809949e-02 5.806586360554296666e-01 2.328637849401278359e+01 2.633664319372714502e+00 -6.304668581442809949e-02 2.633664319372714502e+00 3.379380137404641005e+01
-1.417210124434689611e+01 1.648059007631041073e+00 6.856080589547127069e+00 1.648059007631041073e+00 -4.873778792522148073e+00 4.739283992486285513e+00 6.856080589547127069e+00 4.739283992486285513e+00 -1.433385439069281198e+01
3.084471252385286189e+00 -6.731462841487315663e-01 1.297844740379912487e+00 -6.731462841487315663e-01 1.092691655001039308e+01 -1.920443620383653904e+00 1.297844740379912487e+00 -1.920443620383653904e+00 7.455705911795925012e+00
-1.739587199833544062e+01 -1.326462578391091274e+00 -5.728662534730989186e+00 -1.326462578391091274e+00 1.245606065037748600e+01 7.930725163953730394e+00 -5.728662534730989186e+00 7.930725163953730394e+00 1.920231922834581884e+00
6.387191417949959593e+00 2.654784225248377982e+00 -2.616308575683861104e+00 2.654784225248377982e+00 -4.404315058291214058e+00 2.557201346237221173e+00 -2.616308575683861104e+00 2.557201346237221173e+00 -1.106133434903855139e+01
2.030653244687220038e+01 1.893777787461034201e+00 -1.152347706386176451e+00 1.893777787461034201e+00 1.948390135298980042e+01 1.134370398824695592e+00 -1.152347706386176451e+00 1.134370398824695592e+00 1.342179865799698746e+01
-6.647739302642568404e+00 6.245744301029173551e-01 2.325459055125465024e+00 6.245744301029173551e-01 -4.740458107287635947e+00 -4.884847617019558719e+00 2.325459055125465024e+00 -4.884847617019558719e+00 -9.020854998447431328e+00
-3.928158588128202400e+00 1.370121487795476600e+00 2.151674168914892160e+00 1.370121487795476600e+00 -1.463425988878680073e+01 4.466863905536778923e+00 2.151674168914892160e+00 4.466863905536778923e+00 -1.892793476129050845e+01
-7.655044977685667718e+00 2.677524647505775679e+00 -5.679496264562509111e+00 2.677524647505775679e+00 -1.018396317732681133e+00 2.840149789028865168e+00 -5.679496264562509111e+00 2.840149789028865168e+00 -4.963599867791232967e+00
-2.023775158130633400e+01 -5.166820943583512182e+00 1.921442705024311914e+00 -5.166820943583512182e+00 -1.179389854119849623e+01 5.279645284992236398e+00 1.921442705024311914e+00 5.279645284992236398e+00 -4.414910288017920514e+00
-8.929372004896634962e+00 -5.421926756824368532e+00 -4.268294788337880785e-01 -5.421926756824368532e+00 -1.060521894763888584e+00 3.136059528003503072e+00 -4.268294788337880785e-01 3.136059528003503072e+00 -7.815258120978923806e+00
1.032610384320406194e+00 3.438783239584737750e+00 2.894856030442537698e+00 3.438783239584737750e+00 -9.640564701856155772e-01 -5.714730942257162383e+00 2.894856030442537698e+00 -5.714730942257162383e+00 -3.376003027808712531e+00
8.614386517789624165e+00 6.164154404845896273e-01 -1.495856205556509888e+00 6.164154404845896273e-01 6.178571677092786096e+00 9.392758694267370201e-01 -1.495856205556509888e+00 9.392758694267370201e-01 7.434954764683814332e+00
9.123621101726779870e+00 4.171032476735833661e-01 -1.094665264125612270e+00 4.171032476735833661e-01 8.817270141853651211e+00 -1.720978833751793724e+00 -1.094665264125612270e+00 -1.720978833751793724e+00 -2.176765428338189867e+00
