2.249566421703403485e+00 -8.223634385137684744e-01 -1.752285048216500662e+00 -8.223634385137684744e-01 -1.413851544895819501e+01 2.781425848176878102e+00 -1.752285048216500662e+00 2.781425848176878102e+00 -2.087265064716480012e+01
-1.314596210078765814e+00 1.326241199062456300e+00 6.600560731093219058e-01 1.326241199062456300e+00 -1.057279797639206897e+01 -7.729456576723463535e-01 6.600560731093219058e-01 -7.729456576723463535e-01 -7.107246717811136705e+00
-1.273287341924753058e+01 -2.766256294281460359e+00 1.423691861257467162e+00 -2.766256294281460359e+00 -1.159562724233616393e+01 3.557518040514819013e+00 1.423691861257467162e+00 3.557518040514819013e+00 -1.321483429189856373e+01
-7.156098464372544043e+00 9.372995048685165642e+00 1.598830441465791452e+00 9.372995048685165642e+00 -9.045514373115226547e-01 -3.855943839497233849e+00 1.598830441465791452e+00 -3.855943839497233849e+00 2.817597289366611246e+00
-9.893545023690810680e+00 5.012553689153814496e+00 1.362801337359983656e+00 5.012553689153814496e+00 -1.926703243153553302e+01 -5.573967467380354535e+00 1.362801337359983656e+00 -5.573967467380354535e+00 -8.661529106381692378e-01
2.114451477608324836e+01 -8.028950895245987596e+00 3.655774464212266928e+00 -8.028950895245987596e+00 1.692305706830217815e+01 4.937231705046636776e+00 3.655774464212266928e+00 4.937231705046636776e+00 1.496839622916915413e+00
7.261635848327110954e-02 -7.906053383112598976e-01 -3.638407565240018737e+00 -7.906053383112598976e-01 -7.992640807344247200e+00 3.142143312779253073e+00 -3.638407565240018737e+00 3.142143312779253073e+00 -9.079180460532423780e+00
-6.934591543665537650e+00 9.451058371489079235e+00 -5.012939586530792191e+00 9.451058371489079235e+00 -5.372070676164908853e+00 2.037432122137984525e+00 -5.012939586530792191e+00 2.037432122137984525e+00 -2.382004107360205225e+01
-1.777271224241434666e+01 -4.292369203968922520e+00 2.100417610010775205e-01 -4.292369203968922520e+00 -4.486161692014376534e+00 1.232448167590473181e-01 2.100417610010775205e-01 1.232448167590473181e-01 -6.732353574320552703e+00
9.903499568540436115e+00 5.801266927398829765e+00 -1.573330660256508473e+00 5.801266927398829765e+00 -4.803182696603977675e+00 -1.234979914043242255e+00 -1.573330660256508473e+00 -1.234979914043242255e+00 1.532797351005490138e-01
-4.772343081384444297e+00 -7.083932616046531017e+00 -3.799739921795722175e+00 -7.083932616046531017e+00 -1.922251029167931335e+01 2.867483168058625242e+00 -3.799739921795722175e+00 2.867483168058625242e+00 -1.329905523849287086e+01
-2.087671217287971004e+01 3.018718042873903329e+00 4.513136722220142616e+00 3.018718042873903329e+00 -1.826849174665173692e+01 -4.202342183629335537e+00 4.513136722220142616e+00 -4.202342183629335537e+00 -1.549047153543356892e+01
-7.307931185187674927e+00 -9.929727923444628956e+00 1.687785426004348110e+00 -9.929727923444628956e+00 -1.114655692149860933e+01 -4.893144858190190405e+00 1.687785426004348110e+00 -4.893144858190190405e+00 -1.225426697576379098e+01
1.735285781140228023e+00 5.344678947576994688e+00 4.010252528835042796e+00 5.344678947576994688e+00 -1.081707049930703946e+01 -5.372714649303183876e+00 4.010252528835042796e+00 -5.372714649303183876e+00 4.059717674026085632e+00
-3.416209071407602327e+00 1.474872954924451918e+01 -2.251133471702236211e+00 1.474872954924451918e+01 1.254188485374907902e+00 -8.356211458784207124e+00 -2.251133471702236211e+00 -8.356211458784207124e+00 -1.033268088323234934e+01
5.756328350982821362e+00 -6.167688430986345338e+00 2.206861431828078146e+00 -6.167688430986345338e+00 7.341847720098305885e+00 4.355219339767889331e+00 2.206861431828078146e+00 4.355219339767889331e+00 4.665017153316354026e+00
2.355116488870097891e-01 -3.615551642377610619e+00 3.243581717470129799e+00 -3.615551642377610619e+00 -8.251012846248329424e+00 -1.011472276328204778e+01 3.243581717470129799e+00 -1.011472276328204778e+01 1.574280102827648165e+01
3.036427079735903334e+01 4.280053395473533695e-01 -6.344033224509434410e-01 4.280053395473533695e-01 3.511202696659169220e+01 -1.593237118028579813e+00 -6.344033224509434410e-01 -1.593237118028579813e+00 2.582362948597058860e+01
-1.298997515990756857e-01 -4.871182634635147224e-01 2.197202886815027068e+00 -4.871182634635147224e-01 -2.162915195422469683e+00 -3.039236647225214139e+00 2.197202886815027068e+00 -3.039236647225214139e+00 -1.116893630181028385e+01
-4.287077886272707694e+00 1.221009636328585657e+01 -4.720066884265868623e+00 1.221009636328585657e+01 3.483325502410243413e+00 -1.652944901426673274e+00 -4.720066884265868623e+00 -1.652944901426673274e+00 -4.399490044402350364e+00
-8.633888669121203563e+00 9.950219523035195301e-01 -5.226425143661640460e-01 9.950219523035195301e-01 -1.056877042699485258e+01 9.971815248141080446e-01 -5.226425143661640460e-01 9.971815248141080446e-01 -1.655191150948697043e+01
9.526622963653128551e-01 9.379406662544025330e-01 -3.460765803914399363e+00 9.379406662544025330e-01 3.403380598224643006e+00 -2.708415543622558985e+00 -3.460765803914399363e+00 -2.708415543622558985e+00 2.538169365706290481e+00
-6.217338619460273108e+00 -2.706259514577113112e+00 1.571416161012155532e+00 -2.706259514577113112e+00 -1.085527840416330747e+01 -2.551898945374595495e-01 1.571416161012155532e+00 -2.551898945374595495e-01 -7.078362318188564650e+00
3.576428937222095072e+01 -9.097559740132664885e+00 -8.148197285101176357e-01 -9.097559740132664885e+00 3.512373660314121793e+01 9.504185240553214342e+00 -8.148197285101176357e-01 9.504185240553214342e+00 6.882864661370641457e+00
-2.072533225751762131e+01 4.441209299356938978e+00 8.638592335143859824e-01 4.441209299356938978e+00 1.892579700953419763e+00 -6.269122638786988944e+00 8.638592335143859824e-01 -6.269122638786988944e+00 -9.937122830752933567e+00
-1.347893590937125374e+01 7.138557219710143009e+00 -5.527373163347689022e+00 7.138557219710143009e+00 -9.290925582916115033e+00 -3.219072989820251252e+00 -5.527373163347689022e+00 -3.219072989820251252e+00 8.193970924864074634e-01
-1.141138839510962555e+01 3.533176907411946122e+00 1.331471246378369999e+00 3.533176907411946122e+00 -1.897107333202652413e+01 -1.273268186747366748e+00 1.331471246378369999e+00 -1.273268186747366748e+00 -1.748077627217412200e+01
-8.381366048643810629e+00 6.541242916064548218e+00 2.374640761851713133e+00 6.541242916064548218e+00 -1.310959049209501437e+01 -2.225869871684073242e+00 2.374640761851713133e+00 -2.225869871684073242e+00 -1.502473752077471414e-01
-7.080514264714130590e-01 7.483750847662391514e-01 -4.183548725993583517e+00 7.483750847662391514e-01 -4.343002392029926106e+00 -9.336608005429885004e-01 -4.183548725993583517e+00 -9.336608005429885004e-01 3.486595343218279908e+00
2.626589598139747395e+01 -2.982269510794998801e+00 -6.343656430621475550e+00 -2.982269510794998801e+00 8.207402547844974805e+00 4.019842604260031926e+00 -6.343656430621475550e+00 4.019842604260031926e+00 -7.979148639952999389e+00
-5.688542063176495134e+00 -1.232834819068135079e+00 -2.056207279824056933e+00 -1.232834819068135079e+00 -3.026214102233521075e+01 -5.983799557129336755e+00 -2.056207279824056933e+00 -5.983799557129336755e+00 -1.841920365532881121e+01
-7.768446329288000385e+00 -2.577684824227531202e+00 -5.436425308397839551e+00 -2.577684824227531202e+00 -2.560956219803471257e+01 -9.778457232999595572e-01 -5.436425308397839551e+00 -9.778457232999595572e-01 -1.580136252295990396e+01
2.670050316306477711e+01 -1.552381601208330686e+00 4.804405345590105014e+00 -1.552381601208330686e+00 3.642836919126924755e+01 -3.088625474036625462e+00 4.804405345590105014e+00 -3.088625474036625462e+00 4.147358488696396961e+01
1.152955213612361085e+01 5.464257355443990605e+00 -2.926425221836470580e+00 5.464257355443990605e+00 1.633054530987399389e+01 -4.229114222494980702e+00 -2.926425221836470580e+00 -4.229114222494980702e+00 7.038017687675516276e-01
-4.145611411128080626e+00 1.034423244808935882e+00 -1.584845487500269101e+00 1.034423244808935882e+00 -4.161343096500523586e+00 -5.349268867716815201e+00 -1.584845487500269101e+00 -5.349268867716815201e+00 -1.174673720574677382e+01
-1.217718965990955304e+01 -6.654846078775259244e+00 -1.540548470291132510e+00 -6.654846078775259244e+00 -1.368560896626542522e+01 1.628089798234671481e-01 -1.540548470291132510e+00 1.628089798234671481e-01 8.236006483161243397e-01
-1.610706019838593406e+01 -1.338495272979097983e+00 1.702972108466562329e+00 -1.338495272979097983e+00 -1.077121721230422402e+01 1.784397555312768224e+00 1.702972108466562329e+00 1.784397555312768224e+00 -6.335306471806034345e+00
-3.336990740705509495e+00 -8.975279594005588502e-01 2.964328348679403646e+00 -8.975279594005588502e-01 -1.217930495596291962e+00 1.835756147070859878e+00 2.964328348679403646e+00 1.835756147070859878e+00 -1.408718800938395255e+01
1.250432777869843015e+01 2.288414664435359513e-01 -1.098342609047728624e+00 2.288414664435359513e-01 3.534923247073026964e+00 1.255882318496238881e+00 -1.098342609047728624e+00 1.255882318496238881e+00 -4.257767481111940810e+00
7.244702406375089332e+00 2.633742307004309779e+00 6.233457440786571019e-02 2.633742307004309779e+00 -1.257094517126891020e+00 -1.914563093390155624e+00 6.233457440786571019e-02 -1.914563093390155624e+00 9.410799811156064010e+00
-2.535075326711095478e+00 3.204588352441327004e+00 1.396082626647223712e+00 3.204588352441327004e+00 7.566234730411514064e+00 7.250196839161479057e-01 1.396082626647223712e+00 7.250196839161479057e-01 6.397266063022602367e+00
-2.785520299211659534e+01 1.342038662799504323e+01 1.009540725651774373e+01 1.342038662799504323e+01 -1.894000722918731228e+01 -3.924883839159501786e+00 1.009540725651774373e+01 -3.924883839159501786e+00 -2.338969300915882954e+01
8.336236676764556819e-01 6.181762677305820963e-01 -9.074030744436615281e-01 6.181762677305820963e-01 -1.289257459405811046e+00 2.077461900229733427e+00 -9.074030744436615281e-01 2.077461900229733427e+00 7.192697788505038048e+00
-1.377797481407188585e+01 -3.872918276390354131e-01 -3.093793173053618339e+00 -3.872918276390354131e-01 -1.309883747570584767e+01 4.439254633390949389e-01 -3.093793173053618339e+00 4.439254633390949389e-01 -1.136138224914725114e+01
-1.512834952342467609e+01 6.260401186581338706e+00 4.964688836536235605e+00 6.260401186581338706e+00 -1.243593070716552873e+01 -3.011419515178774819e+00 4.964688836536235605e+00 -3.011419515178774819e+00 -7.347608225627515921e+00
-1.086700533260699331e+01 2.890463532429602189e+00 1.123840073513259902e-01 2.890463532429602189e+00 -1.138342127076533483e+00 -4.545244977788937213e+00 1.123840073513259902e-01 -4.545244977788937213e+00 7.696594566281400596e+00
-1.255554383441621091e+01 -1.996392862016866387e-01 -1.242367946703072157e+00 -1.996392862016866387e-01 -1.129426400112330953e+01 2.937637093119142673e+00 -1.242367946703072157e+00 2.937637093119142673e+00 -1.872746300016118326e+01
-1.664160630332094470e+01 7.662594733449809681e+00 -9.217239919994874020e-01 7.662594733449809681e+00 -5.967672670398987300e+00 -4.130050331481911030e+00 -9.217239919994874020e-01 -4.130050331481911030e+00 -5.796609566608089459e+00
-3.240264349316183345e+00 -8.253511642499033130e+00 -1.380316223481316440e+00 -8.253511642499033130e+00 -2.219713145481884808e+00 5.201579131713868209e-01 -1.380316223481316440e+00 5.201579131713868209e-01 -6.850297200851912294e+00
-1.590333756188178072e+01 -5.678520683631486321e+00 2.069375492354639245e+00 -5.678520683631486321e+00 -7.483649767047640289e+00 -2.056228735122906937e+00 2.069375492354639245e+00 -2.056228735122906937e+00 -8.946093250510356754e+00
