4.074581073732743164e+01 -1.125900602871606004e+01 3.768655181418012479e+00 -1.125900602871606004e+01 -1.222948814067836842e+00 8.460273982330541287e+00 3.768655181418012479e+00 8.460273982330541287e+00 3.069686978612614681e+01
-1.195504949421531826e+01 -2.685279004410909831e-01 1.077228784455559385e+01 -2.685279004410909831e-01 -1.874176726639533896e+01 6.894855715623607217e+00 1.077228784455559385e+01 6.894855715623607217e+00 -8.338428980001925339e+00
1.864933576856377684e+01 6.651130583084514214e+00 -6.474044236123812190e+00 6.651130583084514214e+00 2.211556113941336221e+01 -4.343825540632014537e+00 -6.474044236123812190e+00 -4.343825540632014537e+00 1.600700644248553317e+01
2.243994225116452412e+01 -1.076118044369810844e+00 -3.221281460330367885e+00 -1.076118044369810844e+00 2.324976328436748574e+01 -7.885088939126301710e+00 -3.221281460330367885e+00 -7.885088939126301710e+00 3.403761586521895310e+01
3.404912311177457696e+01 -1.871741274286040202e+00 -4.920477189585725775e+00 -1.871741274286040202e+00 1.883473589673352322e+01 8.274812143485579696e+00 -4.920477189585725775e+00 8.274812143485579696e+00 1.386765772206315717e+01
5.445671808040008166e+00 -1.470617901317302945e+01 9.931111913559359294e+00 -1.470617901317302945e+01 8.832648319080334431e+00 -8.635133021455027702e+00 9.931111913559359294e+00 -8.635133021455027702e+00 1.885718964897982985e+01
6.728236207317158879e+00 2.196541264558261730e+01 -2.873960041710605928e+00 2.196541264558261730e+01 1.647328373570559634e+01 7.411422919289588407e+00 -2.873960041710605928e+00 7.411422919289588407e+00 -2.663911484199858393e+01
-2.321101712092111313e+01 3.025311856602833416e+00 3.946731676382310372e+00 3.025311856602833416e+00 -2.183734056716503602e+01 2.895062011798561930e+00 3.946731676382310372e+00 2.895062011798561930e+00 -2.526274774217975860e+01
-1.459930368657678734e+01 1.637452559121612339e+01 7.702934473352935463e+00 1.637452559121612339e+01 -9.125946866506720045e-01 3.963064450711036635e+00 7.702934473352935463e+00 3.963064450711036635e+00 2.657487046670734543e+01
4.886934578964147846e+00 9.595400964694352552e+00 -1.942766044854757457e+00 9.595400964694352552e+00 -6.378463305751680856e+00 2.867649217831705677e+00 -1.942766044854757457e+00 2.867649217831705677e+00 -1.614410081437734945e+01
3.330934213407334532e+00 9.753969041781154203e+00 -7.289071843923032645e+00 9.753969041781154203e+00 3.379268125102113629e+01 -2.838067934881527976e-01 -7.289071843923032645e+00 -2.838067934881527976e-01 1.363671312552097525e+01
1.281572496300605479e+01 -1.302345624627388965e+01 -5.670296785873618184e+00 -1.302345624627388965e+01 -3.774540928165799780e+00 -3.531434688062873750e+00 -5.670296785873618184e+00 -3.531434688062873750e+00 -1.096887932779365826e+01
