-8.743911208779373112e+00 -1.158386111025213161e+00 1.693706478425824224e+00 -1.158386111025213161e+00 -7.771145544597666266e+00 -2.768280425768696151e+00 1.693706478425824224e+00 -2.768280425768696151e+00 -1.879645595314532969e+01
-4.719484702339325821e+00 -1.594451967610972798e-02 1.574935709977567155e+00 -1.594451967610972798e-02 -1.263950321667927978e+00 -3.590089157878407988e+00 1.574935709977567155e+00 -3.590089157878407988e+00 3.600086299287270197e+00
3.159940226492502902e+01 2.380075449648517694e+00 4.903880355879383757e+00 2.380075449648517694e+00 2.754240526661142852e+01 1.567595008579407700e+00 4.903880355879383757e+00 1.567595008579407700e+00 3.243956725333605817e+01
-1.979015099522541377e+01 1.410731291256334341e+00 3.854525389983938788e-01 1.410731291256334341e+00 -1.646640523336003170e+01 1.082786514428166313e+00 3.854525389983938788e-01 1.082786514428166313e+00 -1.581841972455736389e+01
-2.337231166149614126e+01 -2.575528374691061551e+00 -8.151498242765915503e-01 -2.575528374691061551e+00 -2.034491624786637942e+01 -8.941942690302483454e-01 -8.151498242765915503e-01 -8.941942690302483454e-01 -1.885890180784562986e+01
-5.094948621403838196e+00 -1.135298655367974918e+00 -1.660233492080994688e-01 -1.135298655367974918e+00 -5.245556923212022937e+00 -7.689718576584484433e-01 -1.660233492080994688e-01 -7.689718576584484433e-01 -7.264528041005005043e+00
7.011223225481066912e+00 2.911138138291379462e+00 5.613267880518358233e+00 2.911138138291379462e+00 3.307811499064193583e+00 4.667974763129548066e+00 5.613267880518358233e+00 4.667974763129548066e+00 8.308825438409606079e+00
-1.064941308710650780e+01 3.100877381982869441e-01 -5.994466505936531936e-02 3.100877381982869441e-01 -1.055999038902981368e+01 9.108786294358183211e-01 -5.994466505936531936e-02 9.108786294358183211e-01 -1.122474384885754617e+01
-1.333742249376029854e+01 1.287431683683349926e+00 -7.498459870760713075e-01 1.287431683683349926e+00 -1.878340708034329865e+01 -4.159865364796227816e+00 -7.498459870760713075e-01 -4.159865364796227816e+00 -2.567633744889721115e+01
-1.821555922873459465e+01 -2.186556961424546586e+00 -7.433264140574117329e-01 -2.186556961424546586e+00 -1.951896521712352595e+01 1.699485473846123806e+00 -7.433264140574117329e-01 1.699485473846123806e+00 -1.844393547516499510e+01
-2.414611999443334511e+01 3.242323542281895232e+00 1.223639652193414307e+00 3.242323542281895232e+00 -2.680192091626557271e+01 6.643425644325482438e-01 1.223639652193414307e+00 6.643425644325482438e-01 -1.956314346992282083e+01
9.961472300438478200e+00 6.010387172140342349e-01 -6.343985731705102937e-01 6.010387172140342349e-01 1.294948980058622467e+01 3.758423490382561294e+00 -6.343985731705102937e-01 3.758423490382561294e+00 2.049568527550451336e+01
-6.293269835311343208e+00 -1.043911800199005313e+00 -8.064879440268802879e-01 -1.043911800199005313e+00 1.490470130258747306e+00 -3.059261744134528005e+00 -8.064879440268802879e-01 -3.059261744134528005e+00 -8.842576167198622272e+00
-8.252241270086386749e+00 4.742129912914980761e-01 -3.014119376731659861e-01 4.742129912914980761e-01 -7.475457323798884168e+00 -1.106145059874864001e-01 -3.014119376731659861e-01 -1.106145059874864001e-01 -8.216299089253052301e+00
-1.763382201362179913e+01 -8.868336228559824397e-01 3.591547115204390739e+00 -8.868336228559824397e-01 -1.337173109884753686e+01 1.053385318971606477e+00 3.591547115204390739e+00 1.053385318971606477e+00 -1.267751209688773528e+01
-2.491213994574881241e+01 2.475332451422981028e-01 4.065490121792988965e-02 2.475332451422981028e-01 -2.057275154404957718e+01 -1.410049435224002723e+00 4.065490121792988965e-02 -1.410049435224002723e+00 -1.443516694324294747e+01
-3.579940573891296829e+00 3.622577339407019870e-01 2.882126618934060525e-01 3.622577339407019870e-01 -4.636115376910671770e+00 3.145418716835830075e+00 2.882126618934060525e-01 3.145418716835830075e+00 -2.570655612052714201e+00
4.199500071558751380e+00 1.973328644490236483e+00 3.128830943081182259e-01 1.973328644490236483e+00 5.810598357655414326e+00 -1.745915285280335905e+00 3.128830943081182259e-01 -1.745915285280335905e+00 -7.855062620826256392e+00
-5.188147695007178761e+00 4.603245155835713476e-01 -1.436653970424365490e+00 4.603245155835713476e-01 -3.020035593329414958e+00 -7.921788754616629014e+00 -1.436653970424365490e+00 -7.921788754616629014e+00 9.298156538254451320e+00
-5.569356910049181320e-01 2.489486977576595095e+00 -5.225389644392556265e-01 2.489486977576595095e+00 -3.226386358593849590e-01 -1.387254304326171805e+00 -5.225389644392556265e-01 -1.387254304326171805e+00 -3.159319390107128811e+00
-1.856725376241355363e+01 2.679215589897170791e+00 5.335954704407023241e-01 2.679215589897170791e+00 -1.772939404741743985e+01 1.301875444050379249e+00 5.335954704407023241e-01 1.301875444050379249e+00 -1.876140385885341377e+00
-1.385362856022181965e+01 1.931669755197599647e+00 3.537830014010273083e-01 1.931669755197599647e+00 -1.466013786464188939e+01 -4.976712709214502262e+00 3.537830014010273083e-01 -4.976712709214502262e+00 -6.480612218902143340e+00
1.332452719910361738e+00 1.729748928761628335e+00 -2.572702945645152089e-02 1.729748928761628335e+00 -8.511488281811415701e-01 -4.100365633692856782e-01 -2.572702945645152089e-02 -4.100365633692856782e-01 -4.542399012681888060e+00
-1.520494505651483941e+01 1.365784410509602864e+00 -2.466324829262399043e-01 1.365784410509602864e+00 -1.431152193976187625e+01 -1.346731606695254158e+00 -2.466324829262399043e-01 -1.346731606695254158e+00 -1.506363640452364372e+01
1.054019372179554104e+01 -3.501638354755984284e-01 -2.050946431067560027e+00 -3.501638354755984284e-01 1.090564283670349077e+01 -1.417717186673465690e+00 -2.050946431067560027e+00 -1.417717186673465690e+00 9.830931090179177545e+00
1.471211653542928310e+01 -9.423172511523595363e-01 7.317447967317859403e-01 -9.423172511523595363e-01 1.331588573012279930e+01 9.175341072075960946e-01 7.317447967317859403e-01 9.175341072075960946e-01 9.740590171687900423e+00
-3.964024598932866184e+01 -4.550228745970625432e+00 -3.031043677485114607e+00 -4.550228745970625432e+00 -2.791584817737787105e+01 -5.889391912563075593e-01 -3.031043677485114607e+00 -5.889391912563075593e-01 -2.692624679810369770e+01
-1.206329728735607887e+01 -1.454488072755180383e-01 1.570360691722412660e+00 -1.454488072755180383e-01 -1.097897709415380518e+01 2.839024839405825507e+00 1.570360691722412660e+00 2.839024839405825507e+00 -4.439934995388420624e+00
-3.317553397388787317e+01 -4.739739806961441593e-01 -3.547356702329961919e+00 -4.739739806961441593e-01 -3.047725542802168164e+01 -1.638075072351629358e-01 -3.547356702329961919e+00 -1.638075072351629358e-01 -1.376878823192090806e+01
-1.388147238392447491e+01 -7.707104374388304979e-01 4.584103762457435449e-01 -7.707104374388304979e-01 -1.503989646366550659e+01 6.424449175278655888e-01 4.584103762457435449e-01 6.424449175278655888e-01 -1.756007281312794888e+01
9.704560805106234866e+00 1.166356427728534317e+00 -3.207234976381300839e+00 1.166356427728534317e+00 3.901804136805290035e+00 3.583665820135207181e+00 -3.207234976381300839e+00 3.583665820135207181e+00 -6.846827015781336012e-01
-1.259380605636312289e+01 -1.480531543514597370e+00 -4.763961062365120597e-02 -1.480531543514597370e+00 -1.518071205591973438e+01 2.971154900469175630e-01 -4.763961062365120597e-02 2.971154900469175630e-01 -1.211137284492916777e+01
-2.122859837711957098e+01 -1.395593002174492447e+00 -3.830478013638974666e+00 -1.395593002174492447e+00 -2.477225436876355857e+01 2.468537570923163837e+00 -3.830478013638974666e+00 2.468537570923163837e+00 -1.673512878521890457e+01
-8.986012936325606049e+00 7.240194902822189027e-01 -8.743763932849323017e-02 7.240194902822189027e-01 -6.855932737942945998e+00 1.339247977447910465e-01 -8.743763932849323017e-02 1.339247977447910465e-01 6.405820742846669580e-01
1.126429243968958183e+01 -6.461381996985097187e-01 -1.262830659007041278e+00 -6.461381996985097187e-01 2.260288632410747667e+01 7.871286463974505487e+00 -1.262830659007041278e+00 7.871286463974505487e+00 1.664651426420725500e+01
-5.118254216886574781e+00 1.004012530172613715e+00 -1.375236596161381053e+00 1.004012530172613715e+00 -4.338385620691606270e+00 2.439676959534426148e-01 -1.375236596161381053e+00 2.439676959534426148e-01 2.051775062754489731e+00
-1.436724007427631733e+01 -2.919293129898249628e+00 -6.194430413677474156e+00 -2.919293129898249628e+00 -1.074307188094582521e+01 1.167889424769361417e+00 -6.194430413677474156e+00 1.167889424769361417e+00 6.416880631000120516e+00
-1.653315029240642531e+01 -3.475672823391472432e-01 4.683824021394132342e-01 -3.475672823391472432e-01 -1.613747473184449177e+01 -6.310144378852075020e-01 4.683824021394132342e-01 -6.310144378852075020e-01 -8.309396412570084323e+00
-2.421858302124169882e+01 -1.462465365994682909e+00 -1.387515145028583308e-01 -1.462465365994682909e+00 -3.456536945726360699e+01 -1.434908839375928613e+00 -1.387515145028583308e-01 -1.434908839375928613e+00 -1.718646439149797089e+01
-3.507333820449306749e+00 -1.978336806887759647e-01 -7.952924841257043020e-01 -1.978336806887759647e-01 -5.071249919930216343e+00 -2.790056510909513232e+00 -7.952924841257043020e-01 -2.790056510909513232e+00 -3.029641227114046931e+00
1.064213455207087655e+01 2.595969358804793847e-01 -1.354413057542806165e+00 2.595969358804793847e-01 1.218588403567903278e+01 -7.010853034320674304e-01 -1.354413057542806165e+00 -7.010853034320674304e-01 1.349595108309916291e+01
1.825816212707520947e+01 1.922882165998021087e-01 -1.797487660624349060e+00 1.922882165998021087e-01 1.818639187550435565e+01 -4.208035654420982929e+00 -1.797487660624349060e+00 -4.208035654420982929e+00 1.752406688807967683e+01
-8.565971357968031441e+00 8.496965646275106421e-02 3.382155826980442342e-02 8.496965646275106421e-02 -4.281083546929930428e+00 -4.249083719136841353e+00 3.382155826980442342e-02 -4.249083719136841353e+00 -1.160692404890185436e+01
-1.016679839426705101e+01 2.197305501199789401e-01 -3.452989766149333062e-01 2.197305501199789401e-01 -8.768804648054947748e+00 -2.603255047838363700e-01 -3.452989766149333062e-01 -2.603255047838363700e-01 -1.808248435954858513e+00
-4.852571516302599086e+00 -5.127116589459765894e-01 1.266116071348099004e-01 -5.127116589459765894e-01 -1.114703687667315180e+01 -1.367227605191937201e+00 1.266116071348099004e-01 -1.367227605191937201e+00 -4.532045172723758730e-01
-7.507927508656400128e+00 7.391622580210489568e-01 -5.127920127656193650e-01 7.391622580210489568e-01 -6.933280763791066725e+00 3.512124033025560088e+00 -5.127920127656193650e-01 3.512124033025560088e+00 4.019573825970150338e+00
7.765870828521881819e+00 -3.048585490035922441e-02 -1.793816830100060544e+00 -3.048585490035922441e-02 6.675264796072760909e+00 -2.780598034871153867e+00 -1.793816830100060544e+00 -2.780598034871153867e+00 1.101235258663179550e+01
-2.626912555673861505e+01 1.848682004711202920e+00 -6.691835534577993405e-01 1.848682004711202920e+00 -2.337998393258976293e+01 -4.976268190747609843e+00 -6.691835534577993405e-01 -4.976268190747609843e+00 -2.318544637022297294e+01
-3.718954947980577685e+01 -2.271710799469853992e+00 7.928240722588157929e-01 -2.271710799469853992e+00 -2.835757078137616105e+01 1.195990683695107304e+00 7.928240722588157929e-01 1.195990683695107304e+00 -3.347610494444120377e+01
1.436818768281258940e+01 4.609825291656308721e+00 2.506164390262354491e+00 4.609825291656308721e+00 5.957864266819764332e+00 3.640747753702193723e+00 2.506164390262354491e+00 3.640747753702193723e+00 -4.068292303371015883e+00
