4.886991215024383273e+00 1.716166607941213895e+00 4.972946502885640108e+00 1.716166607941213895e+00 3.554857084152283520e+00 5.510890589985915966e+00 4.972946502885640108e+00 5.510890589985915966e+00 5.421767075095579536e+00
4.409105107409973634e+00 -6.465490510758907794e-01 -6.567154820430826101e-01 -6.465490510758907794e-01 3.888100037457876912e+00 -8.934425433122961113e-01 -6.567154820430826101e-01 -8.934425433122961113e-01 4.802954195829692630e+00
-1.238130199444133694e+01 3.570416776463250397e+00 -1.973886912523995785e-01 3.570416776463250397e+00 -1.389339345867781361e+01 -4.845397300124342443e+00 -1.973886912523995785e-01 -4.845397300124342443e+00 -1.036565380032894623e+01
-7.832833296423026503e+00 4.544075308413059844e+00 3.938192893295419328e+00 4.544075308413059844e+00 -1.812571202415057259e-01 -2.999360899133355574e+00 3.938192893295419328e+00 -2.999360899133355574e+00 1.755018564039066575e+01
-4.993910912393753065e+00 -2.503606413253768537e+00 1.405951783190309223e+00 -2.503606413253768537e+00 -1.595562110059096206e+00 -4.259201994391871970e+00 1.405951783190309223e+00 -4.259201994391871970e+00 1.993141727303585853e+01
-1.435523669365766963e+01 1.570872219395315739e+00 1.677772375078859790e-01 1.570872219395315739e+00 -1.626850938972654603e+01 -5.546528013319450778e+00 1.677772375078859790e-01 -5.546528013319450778e+00 -6.940106946100654817e+00
5.756722265822252105e+00 -3.538203379570896256e+00 -3.887555782020160611e-01 -3.538203379570896256e+00 9.442708188722226836e+00 -4.798867709711971408e+00 -3.887555782020160611e-01 -4.798867709711971408e+00 -6.578609453737525925e+00
7.337521999283569407e+00 1.111832926338626848e+00 9.928804512081454980e-01 1.111832926338626848e+00 8.949527387650723753e+00 6.610920427357116491e-01 9.928804512081454980e-01 6.610920427357116491e-01 7.526892650694446907e+00
2.770980888816418353e-01 2.249875561876235053e-01 -1.378788211639195405e+00 2.249875561876235053e-01 -2.388990890117589139e+00 -9.295460589180202238e-01 -1.378788211639195405e+00 -9.295460589180202238e-01 6.530732633005866816e-01
-4.479504298059968193e+00 2.608443858837552920e+00 -1.061414187013073551e+00 2.608443858837552920e+00 -1.084922625976621902e+01 -7.678291923401516783e-01 -1.061414187013073551e+00 -7.678291923401516783e-01 -4.047499340512245247e+00
-7.807544983213990264e+00 2.203318836297522232e+00 2.318633794171636175e+00 2.203318836297522232e+00 -6.825823339549519808e+00 1.780862873983923178e+00 2.318633794171636175e+00 1.780862873983923178e+00 -8.689933253733910234e+00
-1.656437657218135584e+01 -7.608631503745482583e+00 -1.317170546610922643e-01 -7.608631503745482583e+00 -1.683864521160559491e+01 -2.290797652807471246e-02 -1.317170546610922643e-01 -2.290797652807471246e-02 -1.193177449362214482e+01
-9.717448839427193619e+00 -5.863346465787857120e+00 -1.621407420715091363e-01 -5.863346465787857120e+00 -1.299715706893393019e+01 4.850034974043230918e+00 -1.621407420715091363e-01 4.850034974043230918e+00 -4.833866616815893913e+00
5.602722789938149539e+00 1.128851919016418126e+00 5.473772102875071877e-01 1.128851919016418126e+00 4.835340455725393838e+00 7.214545533297200830e-01 5.473772102875071877e-01 7.214545533297200830e-01 9.132667735799490316e+00
-1.376648949717721315e+01 -3.577417244106413374e+00 1.134777498558845910e+00 -3.577417244106413374e+00 -9.101621998086107723e+00 -2.860854031088971183e+00 1.134777498558845910e+00 -2.860854031088971183e+00 -9.912325016346646978e-01
1.228341285694450136e+01 -1.591973895431001651e+00 -2.528504454615275954e+00 -1.591973895431001651e+00 1.248111989525199306e+01 1.607533616387172293e+00 -2.528504454615275954e+00 1.607533616387172293e+00 -1.064591839315119470e+00
-1.224000572644104423e+01 1.614741804143084769e+00 -2.649157209984238648e-01 1.614741804143084769e+00 8.650182890962438975e-01 -8.213452449217555795e+00 -2.649157209984238648e-01 -8.213452449217555795e+00 -1.244265123807788864e+00
-1.163761968670879554e+01 -3.797199232756685472e+00 -5.388177018491767667e-01 -3.797199232756685472e+00 -1.007523489732915323e+01 8.691113020435625725e-01 -5.388177018491767667e-01 8.691113020435625725e-01 -6.030868669755491851e+00
-1.976529149165310884e+01 -1.566255536525136050e+00 -1.200414024389389267e+00 -1.566255536525136050e+00 -1.196847421734040218e+01 4.327858912740250474e+00 -1.200414024389389267e+00 4.327858912740250474e+00 -3.764311106347270730e+00
3.115165534116688395e+00 2.136763850644355089e-01 -1.264845580341705134e+00 2.136763850644355089e-01 -1.874515906299832224e+01 -1.533375815294899969e+00 -1.264845580341705134e+00 -1.533375815294899969e+00 -9.879494539157374078e+00
2.923599525927621556e+01 9.919940342118405141e+00 -3.027817167748655613e+00 9.919940342118405141e+00 3.263567933633925833e+01 -7.260979355278137426e+00 -3.027817167748655613e+00 -7.260979355278137426e+00 1.472758580215562318e+01
8.886775253404625374e+00 5.666662971877923560e+00 5.705745764664409414e-01 5.666662971877923560e+00 2.370290728273456438e+00 -6.054157603726298298e+00 5.705745764664409414e-01 -6.054157603726298298e+00 3.867029225411241278e+00
-8.131761656993551357e-01 1.639511041603270547e+00 9.855056217407215380e-02 1.639511041603270547e+00 -2.057754846277295435e+00 3.338194558422546088e+00 9.855056217407215380e-02 3.338194558422546088e+00 -5.198374750355432283e+00
5.316102409357052139e+00 1.477022953020120655e+00 -8.290515601659119715e-01 1.477022953020120655e+00 2.318551898270017730e+00 -1.145541034558743787e+00 -8.290515601659119715e-01 -1.145541034558743787e+00 3.588654645684512978e+00
3.825639189210987556e-01 -2.118012950487006663e+00 1.377949424054360383e+00 -2.118012950487006663e+00 1.119121504436467696e+01 -4.538426238704292182e+00 1.377949424054360383e+00 -4.538426238704292182e+00 -8.774514221030873529e+00
-2.123451694626170294e+01 -9.617053548357650250e-01 3.391855637072097029e-01 -9.617053548357650250e-01 -1.618209748619032951e+01 8.428761799487145545e-01 3.391855637072097029e-01 8.428761799487145545e-01 -1.371889591108290674e+01
1.160122976425064500e+01 4.175907124794916436e-01 -5.927825593794427972e-01 4.175907124794916436e-01 1.566514253981443971e+01 -1.109508328542319511e+00 -5.927825593794427972e-01 -1.109508328542319511e+00 1.392837737788005370e+01
-1.102830867830769890e+00 -5.472962826107522716e+00 3.695440158251147356e+00 -5.472962826107522716e+00 8.826191773218043934e-01 3.230288155523957982e+00 3.695440158251147356e+00 3.230288155523957982e+00 3.057229360775701732e+00
2.923599525927621556e+01 9.919940342118405141e+00 -3.027817167748655613e+00 9.919940342118405141e+00 3.263567933633925833e+01 -7.260979355278137426e+00 -3.027817167748655613e+00 -7.260979355278137426e+00 1.472758580215562318e+01
1.081522380651480875e+00 -1.793197618288649431e-01 -4.442860974108409522e+00 -1.793197618288649431e-01 -1.613422936226031013e+01 2.660748546218250965e+00 -4.442860974108409522e+00 2.660748546218250965e+00 -1.294558218388360515e+01
-2.965862077263482632e+01 4.498690945175018996e+00 4.114368681563908225e+00 4.498690945175018996e+00 -2.102344067799092642e+01 2.211397117363010700e+00 4.114368681563908225e+00 2.211397117363010700e+00 -2.572245652953279915e+01
1.326161363316268904e+01 -6.801775630301605535e-02 -1.230200327659916271e+00 -6.801775630301605535e-02 1.644734521697519014e+01 2.153116530385571714e+00 -1.230200327659916271e+00 2.153116530385571714e+00 1.472065758413513414e+01
-2.001919677226760896e+01 6.172382477413409063e+00 -1.172947898476445650e+00 6.172382477413409063e+00 -2.423698907266961555e+01 -3.680628839023989851e+00 -1.172947898476445650e+00 -3.680628839023989851e+00 -2.304463503163971083e+01
-3.706319662430534123e+00 -5.431638016403961267e+00 2.921727777912208168e+00 -5.431638016403961267e+00 -1.013794595022588929e+01 -5.233052630488331802e-01 2.921727777912208168e+00 -5.233052630488331802e-01 -2.647856775945609087e+00
-1.052289226538963440e+01 4.179158911512157459e+00 -1.988444364514761808e+00 4.179158911512157459e+00 7.907556476893029540e+00 -2.118973202566629244e+00 -1.988444364514761808e+00 -2.118973202566629244e+00 1.031861001718401782e+00
2.341705099355789077e+00 -1.423642481125871884e+00 -8.781571213989503022e+00 -1.423642481125871884e+00 4.515903541148012512e-01 -3.026588711787920882e+00 -8.781571213989503022e+00 -3.026588711787920882e+00 -2.475110495813106049e+00
1.753141037376483746e+00 4.474107883737421076e+00 -3.379957220353015046e+00 4.474107883737421076e+00 7.144409098853627071e+00 -2.204713586719577734e+00 -3.379957220353015046e+00 -2.204713586719577734e+00 -2.136564570955078679e+00
3.980411615016237609e-02 2.760870869988250043e+00 -1.835625130462628540e+00 2.760870869988250043e+00 1.821797752183411845e+01 8.076480239210681589e-01 -1.835625130462628540e+00 8.076480239210681589e-01 4.855238256276984132e-01
5.732429049512695940e+00 4.680011069047920746e-01 7.788652412023788774e-01 4.680011069047920746e-01 8.282100473839633992e+00 -4.507717355223390121e-01 7.788652412023788774e-01 -4.507717355223390121e-01 9.722689870332979822e+00
-6.617180309428480456e+00 -1.259033368828875732e+00 -6.193837605829742188e+00 -1.259033368828875732e+00 -3.788594514023612803e+00 -2.447412346561910201e+00 -6.193837605829742188e+00 -2.447412346561910201e+00 3.058222013924600802e+00
-1.374458591627772108e+01 3.839993285356211317e+00 6.939906025024328295e-01 3.839993285356211317e+00 -9.348445955668191587e+00 1.407598523428034154e+00 6.939906025024328295e-01 1.407598523428034154e+00 -2.073756410111069570e+01
4.909253155441823502e+00 6.821230260779059584e+00 -7.925078972170383373e+00 6.821230260779059584e+00 -9.561894653667984301e+00 -8.601699556041580763e+00 -7.925078972170383373e+00 -8.601699556041580763e+00 3.217684108143491262e+00
4.432558242127573878e-02 -2.982540296467747876e+00 2.665694010796213487e+00 -2.982540296467747876e+00 4.859929296959765388e+00 5.034866857232888071e-01 2.665694010796213487e+00 5.034866857232888071e-01 1.333565870687698407e+01
1.249908725505008888e+01 -2.241975722815145566e+00 -5.816692027256300523e-01 -2.241975722815145566e+00 1.248147939688801245e+01 -1.004086142698073017e-02 -5.816692027256300523e-01 -1.004086142698073017e-02 4.505147922206637290e+00
6.281348216501299930e+00 -9.548726078256111194e+00 1.574052416726684722e+00 -9.548726078256111194e+00 8.485541064521369137e+00 3.138950632062947221e+00 1.574052416726684722e+00 3.138950632062947221e+00 1.723503028725524189e+01
1.515218505501800905e+01 -3.324074397498235633e+00 2.095033131151753825e+00 -3.324074397498235633e+00 1.835636257927234993e+01 4.209408351099128254e+00 2.095033131151753825e+00 4.209408351099128254e+00 2.641902601677489137e+00
5.928615805254614735e+00 1.107160614483350969e+01 -1.883593255794731913e+00 1.107160614483350969e+01 4.379504769808736597e+00 -4.507490849209163208e+00 -1.883593255794731913e+00 -4.507490849209163208e+00 4.480171455555388982e-01
-3.058973765304227044e+00 -3.335330846603783983e-01 -5.758059481999640017e-01 -3.335330846603783983e-01 -1.315187348897661934e+01 8.396900101450455622e+00 -5.758059481999640017e-01 8.396900101450455622e+00 -8.789377277609009553e+00
4.360728716720852383e+00 1.178364464276722007e-01 8.074530324086921507e-01 1.178364464276722007e-01 6.753781592879067652e+00 1.181655928373361863e+00 8.074530324086921507e-01 1.181655928373361863e+00 6.879407837668788162e+00
5.224201387450481349e+00 3.243522593453249114e-01 4.572104865638300097e+00 3.243522593453249114e-01 5.488721616199494946e+00 2.262704663320852516e-01 4.572104865638300097e+00 2.262704663320852516e-01 -2.355560489445322592e+00
