2.200624746464999504e+01 3.885809135769650036e-01 -8.526983712976049290e+00 3.885809135769650036e-01 3.082265533135006663e+01 1.215655468754483826e+00 -8.526983712976049290e+00 1.215655468754483826e+00 -4.976521986357059291e+01
1.329984318353915995e+01 5.193207652597190638e+00 -8.115454261151930027e+00 5.193207652597190638e+00 2.939906834331770913e+00 3.426658626010971709e+00 -8.115454261151930027e+00 3.426658626010971709e+00 1.025784795092331336e+01
-1.425180700079764939e+00 2.812605072977611975e+00 6.261818643151616515e-01 2.812605072977611975e+00 -7.852747057587349033e+00 -7.588801314755956595e-02 6.261818643151616515e-01 -7.588801314755956595e-02 -7.545599306172070087e+00
1.652952598003840734e+01 4.518431220648443158e+00 -5.986217150695281042e+00 4.518431220648443158e+00 1.512968448784699582e+01 2.227927989741203874e+00 -5.986217150695281042e+00 2.227927989741203874e+00 1.079010692560343365e+01
1.719239170890528712e+01 -1.991568434603423698e+00 5.651741069216146274e-01 -1.991568434603423698e+00 1.884934754097968579e+01 8.118091827444499087e-01 5.651741069216146274e-01 8.118091827444499087e-01 7.872364198414380176e+00
4.288273890355011275e+01 3.961677301114294281e+00 4.933314994720820579e+00 3.961677301114294281e+00 3.923519112145725529e+01 -1.607985632683944788e+00 4.933314994720820579e+00 -1.607985632683944788e+00 9.879094313005220229e+00
-8.617710990325057052e-01 4.756910495086075663e+00 -5.256209611496672762e-01 4.756910495086075663e+00 1.053805579962889460e+01 -1.100044045247988933e+00 -5.256209611496672762e-01 -1.100044045247988933e+00 -1.330497385519477049e+00
1.427240219959263712e+01 5.730465651339035071e-01 -4.227418548927062147e-01 5.730465651339035071e-01 1.362792372084294179e+01 -7.214445843086696453e-01 -4.227418548927062147e-01 -7.214445843086696453e-01 6.190119017482324182e+00
1.093068222790394017e+01 -1.168902047682888412e+00 -3.272335081804594203e+00 -1.168902047682888412e+00 5.063493630259211287e+00 2.430879559478321905e+00 -3.272335081804594203e+00 2.430879559478321905e+00 -5.102442444277847322e+00
-1.286364895739101932e+01 7.936350358092833623e+00 1.428550153469676953e+00 7.936350358092833623e+00 -2.152705464972615346e+01 -4.365999799119288372e-01 1.428550153469676953e+00 -4.365999799119288372e-01 7.041917263343395739e+00
2.804518876175748687e+01 -1.836684196821885273e-01 -7.045873898058532259e-01 -1.836684196821885273e-01 2.805789376544833402e+01 -7.694887606286054949e-01 -7.045873898058532259e-01 -7.694887606286054949e-01 1.479995018371008797e+01
1.839915134489589832e+01 1.231991491112851590e-02 1.697475727975118254e+00 1.231991491112851590e-02 1.699112512676834896e+01 -6.374514630383661951e-01 1.697475727975118254e+00 -6.374514630383661951e-01 1.092045700232763217e+01
1.866766921109920574e+01 7.074490658090806239e-01 -6.214343338104809655e-01 7.074490658090806239e-01 1.354010311705265224e+01 3.579385395317878915e-01 -6.214343338104809655e-01 3.579385395317878915e-01 2.977313246317925266e+00
3.555321757794906290e+01 8.763594644321102967e-02 3.632065925150703478e+00 8.763594644321102967e-02 3.413701303201891335e+01 -4.661292320670424871e-01 3.632065925150703478e+00 -4.661292320670424871e-01 2.380383317329522441e+01
2.294653685750289274e+00 -9.769596520892154246e-01 -2.001888414226502988e+00 -9.769596520892154246e-01 2.129728946937467504e-01 9.374484461564245308e-01 -2.001888414226502988e+00 9.374484461564245308e-01 -1.022382608032386209e+01
-6.155209216146187989e-01 4.883001326175441803e-01 5.582308226148025021e+00 4.883001326175441803e-01 -3.531811726616977953e+00 -2.605854140786121320e+00 5.582308226148025021e+00 -2.605854140786121320e+00 4.630740575493717121e-02
1.654212438824175280e+01 -5.967468172997648646e-01 -6.388916102839420352e-01 -5.967468172997648646e-01 1.508838834816849861e+01 7.819815257361721894e-01 -6.388916102839420352e-01 7.819815257361721894e-01 3.171846659678199121e+00
3.386644039562797470e+00 5.792906105270357209e+00 9.948195814996992681e+00 5.792906105270357209e+00 2.013283833583094484e+00 -3.345401285625127397e+00 9.948195814996992681e+00 -3.345401285625127397e+00 -9.449555057292901239e+00
3.420885383651367562e+01 -4.749267551219356953e+00 6.547996925247415057e+00 -4.749267551219356953e+00 4.891395638182109451e+01 2.414150110148193473e+00 6.547996925247415057e+00 2.414150110148193473e+00 1.156652839424330992e+01
-8.367724237036513912e+00 -4.076026551659875707e+00 6.011703147599948061e+00 -4.076026551659875707e+00 -4.373953542024895391e+00 -3.125987165199446860e+00 6.011703147599948061e+00 -3.125987165199446860e+00 -1.235852770350280672e+01
-5.903982432983069906e+00 -5.541086998168151645e+00 -8.969856354955911826e+00 -5.541086998168151645e+00 -6.083179271997160242e+00 3.490396459873389201e+00 -8.969856354955911826e+00 3.490396459873389201e+00 7.889666686889181157e+00
3.799884539518328097e+01 3.062912284633038329e+00 5.039857141778253613e+00 3.062912284633038329e+00 3.252303002183183622e+01 -1.380548270573022318e+00 5.039857141778253613e+00 -1.380548270573022318e+00 4.187148673410263200e+00
-1.685206501546376856e+01 -1.050183824762610563e+01 -7.524723572779035585e+00 -1.050183824762610563e+01 -2.191306929065138931e+01 -1.314211582584247306e+00 -7.524723572779035585e+00 -1.314211582584247306e+00 -1.545070928956098877e+00
3.146651001000568826e+01 -1.305087243853032541e+00 -1.151542718953423028e-01 -1.305087243853032541e+00 3.210161575736595552e+01 5.986472349516613889e-01 -1.151542718953423028e-01 5.986472349516613889e-01 1.899010095296695866e+01
1.523463182934274940e+01 -3.088736850321521565e+00 -1.211785026103031626e+00 -3.088736850321521565e+00 1.171883759280428450e+01 -1.512401507016483571e+00 -1.211785026103031626e+00 -1.512401507016483571e+00 4.412937603034417400e+00
3.480489610127911249e+01 -1.589345877899268622e+00 -1.457769382705787764e-01 -1.589345877899268622e+00 3.097202299040796802e+01 3.874096129502140398e-03 -1.457769382705787764e-01 3.874096129502140398e-03 1.881333565346493586e+01
5.311494274975416374e+00 1.596606059406306732e+00 -5.727964347289560720e+00 1.596606059406306732e+00 -2.490603060656343626e+00 7.606479514448056811e-01 -5.727964347289560720e+00 7.606479514448056811e-01 -2.679280452940556057e+00
1.796140232406458992e+01 1.180300961042659802e+00 4.820805984403315314e+00 1.180300961042659802e+00 2.824822322430594213e+01 8.023204373388945765e-01 4.820805984403315314e+00 8.023204373388945765e-01 1.675164822569376355e+01
2.342663111016947752e+01 -5.824232790520336600e+00 3.788002534987804926e-01 -5.824232790520336600e+00 2.051445665633678317e+01 1.575219063340946191e+00 3.788002534987804926e-01 1.575219063340946191e+00 -1.357837897856878051e+01
1.003194752593994643e+01 -3.732434529648033017e+00 -7.284653750927536642e-01 -3.732434529648033017e+00 1.990487166028449550e+01 1.021595066515221584e+00 -7.284653750927536642e-01 1.021595066515221584e+00 3.276194576509290801e+00
2.958985306856513020e+01 2.538410117973668889e+00 2.976019859621244490e-01 2.538410117973668889e+00 2.742186220901410465e+01 3.205311520971354522e-01 2.976019859621244490e-01 3.205311520971354522e-01 1.718690359974514692e+01
2.291649917328323838e+01 -5.281610933342733460e+00 -8.741849563085693831e+00 -5.281610933342733460e+00 1.804637634982825389e+01 1.336151599353299746e+00 -8.741849563085693831e+00 1.336151599353299746e+00 1.731561494580870431e+01
1.746117009515099738e+01 -1.154983836945913334e+00 1.534474797521127698e+00 -1.154983836945913334e+00 2.014523453347094417e+01 1.217586823031810983e+00 1.534474797521127698e+00 1.217586823031810983e+00 4.929383148502965106e+00
1.394585387135307997e+01 -4.369062074818939934e+00 1.403582858684386592e+00 -4.369062074818939934e+00 2.242077679207096352e+01 -1.914677837724279685e+00 1.403582858684386592e+00 -1.914677837724279685e+00 5.629318234059636161e+00
1.494069310893143054e+01 -9.611758438908841740e+00 7.954402313253762458e+00 -9.611758438908841740e+00 2.067348109841136150e+01 -2.625183099824420552e+00 7.954402313253762458e+00 -2.625183099824420552e+00 -8.534301776216459245e+00
-4.136719219014086235e+00 1.271441864752145268e+00 -3.947495794322724461e+00 1.271441864752145268e+00 -4.964686654940857480e+00 -1.183306927345564724e-01 -3.947495794322724461e+00 -1.183306927345564724e-01 -5.736694288283596066e+00
1.292476022780675393e+01 -2.396986573592663206e+00 1.107701554921074028e+00 -2.396986573592663206e+00 1.199360192273582904e+01 9.476196097286807563e-01 1.107701554921074028e+00 9.476196097286807563e-01 2.074786233147123404e+00
1.479569856592556043e+01 -3.946785734220358055e+00 -6.367934770375436315e-01 -3.946785734220358055e+00 1.524314723338003397e+01 -1.154177597947391165e+00 -6.367934770375436315e-01 -1.154177597947391165e+00 2.274600548835744362e+00
1.210776616716072418e+01 -2.192447049380698842e-01 4.806583017450204998e-01 -2.192447049380698842e-01 1.162593421811185301e+01 1.092759417999321192e+00 4.806583017450204998e-01 1.092759417999321192e+00 -2.480831800088016514e+00
3.714379765507268161e+01 -6.315177505383991807e+00 7.733789542266143791e+00 -6.315177505383991807e+00 4.009062907705008882e+01 -4.922807951536520399e+00 7.733789542266143791e+00 -4.922807951536520399e+00 8.195194337639572169e+00
3.481911980841699972e+01 4.434195651387385695e+00 4.426088064663271204e+00 4.434195651387385695e+00 3.050674398859792547e+01 -1.945497846733956981e+00 4.426088064663271204e+00 -1.945497846733956981e+00 2.387403086179273437e+00
1.728108217028762539e+01 -3.291502565810587644e+00 2.922387081786594898e-01 -3.291502565810587644e+00 1.720808619322294675e+01 -6.106910081210139563e-01 2.922387081786594898e-01 -6.106910081210139563e-01 9.661436164378793379e+00
3.942667286016074968e+01 -3.825815723131561708e+00 3.474651218947672149e+00 -3.825815723131561708e+00 4.186266280066212886e+01 -4.157162599759620214e+00 3.474651218947672149e+00 -4.157162599759620214e+00 2.921719854176734898e+01
-7.444590801745645692e+00 1.288638746468946827e+00 7.735387756093226486e+00 1.288638746468946827e+00 -1.015456246042498911e+01 -2.579071716840632966e+00 7.735387756093226486e+00 -2.579071716840632966e+00 -2.701846086026699822e+01
-2.808550207348242900e+00 -5.772817046286917719e-01 6.205790978111735079e+00 -5.772817046286917719e-01 -1.275666420740163787e+00 -3.365479365352480823e+00 6.205790978111735079e+00 -3.365479365352480823e+00 2.788629363365764835e+00
5.736166223618247351e+00 -1.671033829254670477e+00 3.662292870616878027e+00 -1.671033829254670477e+00 7.115054122358890787e+00 -2.849811829175199929e+00 3.662292870616878027e+00 -2.849811829175199929e+00 -3.383053883359115499e+00
1.135082379223108262e+01 -5.180194554420739728e+00 3.067471105076351012e+00 -5.180194554420739728e+00 2.874205374146813696e+01 -8.202461500188078514e-01 3.067471105076351012e+00 -8.202461500188078514e-01 1.820802203936748498e+01
2.406935244832726184e+01 -9.852234545955838030e-01 -1.393614745114525766e+00 -9.852234545955838030e-01 -6.925247609706352669e+00 1.037276033379295193e+00 -1.393614745114525766e+00 1.037276033379295193e+00 -8.142139646551713739e+00
3.887184610772169435e+01 -5.792698148091019128e+00 -3.136701385251369434e+00 -5.792698148091019128e+00 4.437267046248167901e+01 2.728002886595503274e+00 -3.136701385251369434e+00 2.728002886595503274e+00 2.691703976312617996e+01
2.177283918617552416e+01 3.502634053071783105e-01 -8.913922660327066039e-01 3.502634053071783105e-01 2.079789931097140609e+01 2.180362267619136152e-01 -8.913922660327066039e-01 2.180362267619136152e-01 8.776792905283723911e+00
