1.233465651614387504e+01 3.197256379934329207e+00 5.595933912047748038e-01 3.197256379934329207e+00 2.661645472025554682e+00 2.771720059467711383e+00 5.595933912047748038e-01 2.771720059467711383e+00 1.813981925341325052e+01
1.409502330740955545e+00 -2.175185509524544702e+00 -1.937528005907308559e-01 -2.175185509524544702e+00 4.470088564963786482e+00 8.182665679478516862e-01 -1.937528005907308559e-01 8.182665679478516862e-01 4.623856417117200301e+00
1.839323738669709485e+01 -5.295629971888705656e-01 -2.250815319724838837e+00 -5.295629971888705656e-01 2.229604980702073291e+01 -1.125273715878072900e-01 -2.250815319724838837e+00 -1.125273715878072900e-01 2.416570176082917243e+01
-2.434187133177832152e+01 -6.405712614501974933e+00 -2.440333894379165258e-02 -6.405712614501974933e+00 -1.677349678204652150e+01 -6.480909701016591917e+00 -2.440333894379165258e-02 -6.480909701016591917e+00 -1.238240280643017677e+01
7.921692262003123375e+00 -9.103562773897724836e-02 7.931090615853001680e+00 -9.103562773897724836e-02 3.698956846708089774e+00 -1.719240546049061624e+00 7.931090615853001680e+00 -1.719240546049061624e+00 6.668258303032565060e+00
1.273927895572364077e+00 -2.413909259254320094e+00 7.652339929506964955e-01 -2.413909259254320094e+00 4.086436125996847579e+00 4.534716761871365187e-01 7.652339929506964955e-01 4.534716761871365187e-01 5.735150228013533358e+00
-6.221334001518493473e+00 5.701628549374315735e-01 6.375292397033293312e+00 5.701628549374315735e-01 -1.188287665029972473e+01 -4.258480391231545426e+00 6.375292397033293312e+00 -4.258480391231545426e+00 8.841172781915094703e+00
1.289470189605803263e+01 2.148277781117259533e+00 -1.860407075915802899e+00 2.148277781117259533e+00 1.990256923486452934e+01 -2.121712639475556106e+00 -1.860407075915802899e+00 -2.121712639475556106e+00 1.401186223825378008e+01
-1.599374641277928610e+01 3.039686773531186326e+00 -3.332913178921051767e+00 3.039686773531186326e+00 -2.043164723191177501e+01 1.006684035751313600e+00 -3.332913178921051767e+00 1.006684035751313600e+00 -1.917239798827245068e+01
2.015531006469758069e+01 -8.227646240519393972e-01 -6.388654823203605559e-01 -8.227646240519393972e-01 2.103184739231158318e+01 1.196396787180829868e+00 -6.388654823203605559e-01 1.196396787180829868e+00 2.147330510623974575e+01
-1.062378465306456832e+01 -1.358240909484949910e+00 2.977830794242575241e+00 -1.358240909484949910e+00 -3.063661957914006972e+00 2.713763436059613565e-01 2.977830794242575241e+00 2.713763436059613565e-01 -1.796753161961998657e+01
1.221491208477264223e+01 3.166359402093896769e-01 -1.176500861919331120e+00 3.166359402093896769e-01 1.364200565902935125e+01 1.546873368560571560e+00 -1.176500861919331120e+00 1.546873368560571560e+00 1.300582523704069615e+01
-5.928117516438900836e+00 -3.760809100266319760e+00 -6.316023224921606394e-01 -3.760809100266319760e+00 -7.047658809531526458e+00 1.604126878491567210e+00 -6.316023224921606394e-01 1.604126878491567210e+00 -3.053837923154076428e+00
5.793566885899660690e+01 1.316165667241967796e+01 7.919518189566114863e-01 1.316165667241967796e+01 3.960269315842889171e+01 3.737719377153487343e+00 7.919518189566114863e-01 3.737719377153487343e+00 5.526265062606961465e+01
5.853177128982123278e+00 5.535715165582783676e-02 -3.598072240250040466e+00 5.535715165582783676e-02 4.571839932916419436e+00 -3.119193334517562644e+00 -3.598072240250040466e+00 -3.119193334517562644e+00 -6.500003124299824631e-01
-4.551003211504778712e+00 -2.195298772087216577e+00 6.483694602664205053e-01 -2.195298772087216577e+00 4.257038710880841847e+00 -2.223187115938365821e+00 6.483694602664205053e-01 -2.223187115938365821e+00 -2.529138846362933180e+00
-1.879033889227977649e+00 -1.284044530295791686e+00 5.767130943239044960e-01 -1.284044530295791686e+00 3.762067341595731196e-01 7.196279189510791374e-01 5.767130943239044960e-01 7.196279189510791374e-01 6.156436246681385782e+00
-8.818696412746673374e+00 3.015467241088923611e+00 5.869962154302238666e+00 3.015467241088923611e+00 -1.028732161944563650e+01 5.194685747958192934e+00 5.869962154302238666e+00 5.194685747958192934e+00 -1.818578043862884464e+00
1.650603937426178192e+01 1.957270125320897280e+00 3.906664390761328542e-01 1.957270125320897280e+00 8.556512166872051850e+00 -3.675390657459141064e+00 3.906664390761328542e-01 -3.675390657459141064e+00 2.382718850978621816e+01
1.125134135018298487e+01 7.102683016782571634e+00 1.622055485711724643e+00 7.102683016782571634e+00 1.287538327475370004e+01 3.809846622508264780e+00 1.622055485711724643e+00 3.809846622508264780e+00 1.488957033505325711e+01
1.008404844916761078e+01 7.079071842607005394e-01 -1.427926240057452612e+00 7.079071842607005394e-01 1.291208091473501796e+01 1.341563055177063868e+00 -1.427926240057452612e+00 1.341563055177063868e+00 1.311872853055632149e+01
-6.719666357406357093e+00 -5.276111291603766240e+00 3.186911963712595747e-02 -5.276111291603766240e+00 -7.210386647260219384e+00 2.834340197712434950e+00 3.186911963712595747e-02 2.834340197712434950e+00 -3.046535920488157245e+00
1.573801656576051933e+01 -2.302616053138015761e+00 3.416758636876171096e+00 -2.302616053138015761e+00 2.265524953722614043e+01 -3.907205907542006355e-03 3.416758636876171096e+00 -3.907205907542006355e-03 2.210828247613399355e+01
2.386120405133830857e+01 8.503237052583759947e+00 2.271289668503924997e+00 8.503237052583759947e+00 1.787800799486119274e+01 -5.084660029010662718e+00 2.271289668503924997e+00 -5.084660029010662718e+00 1.543436145945677040e+01
6.063020688828760996e+00 3.112902237050159560e+00 1.889145951844871441e+00 3.112902237050159560e+00 2.802717090172216485e-01 1.124422254609694694e+00 1.889145951844871441e+00 1.124422254609694694e+00 2.275016572993217689e+00
8.612759153680396906e+00 2.056406484335427720e+00 4.857378784963162666e+00 2.056406484335427720e+00 -8.106892683840797309e-01 -3.472943339149263675e+00 4.857378784963162666e+00 -3.472943339149263675e+00 2.139450117171473664e+01
2.050012543756246686e+01 2.022437228606376036e-01 -1.587135953437763147e+00 2.022437228606376036e-01 1.973686092270822812e+01 8.665464168618244312e-01 -1.587135953437763147e+00 8.665464168618244312e-01 2.449760066545871595e+01
2.319816601412957979e+01 -1.614610128933200439e+00 -3.910024410329109301e-01 -1.614610128933200439e+00 2.071649101258309500e+01 -1.306173616270725590e+00 -3.910024410329109301e-01 -1.306173616270725590e+00 2.198313790011825830e+01
-2.174694194767284205e+00 -1.491060490885467660e+00 4.269838823782955428e-01 -1.491060490885467660e+00 -1.110748123781857277e+00 3.372784974348951303e-01 4.269838823782955428e-01 3.372784974348951303e-01 5.072098500550852762e+00
-9.789679274134932552e-02 -7.748368725798933099e+00 -9.527291395389930528e+00 -7.748368725798933099e+00 6.520022068439498497e+00 4.101935688894446486e+00 -9.527291395389930528e+00 4.101935688894446486e+00 -6.137252283602146363e+00
2.042795249825414317e+01 9.936989108436102835e-01 6.303799184078024975e-01 9.936989108436102835e-01 2.341876263075026188e+01 -2.077059658877399073e+00 6.303799184078024975e-01 -2.077059658877399073e+00 2.529374697032437425e+01
1.697746186319126593e+01 -4.257882512312617940e-01 5.013400895583908917e-02 -4.257882512312617940e-01 1.685605998909302983e+01 -1.871394631942251641e+00 5.013400895583908917e-02 -1.871394631942251641e+00 2.622528424214814891e+01
2.380021345960161838e+01 -1.081338575375280975e+01 7.343271864070047172e+00 -1.081338575375280975e+01 1.473115836020055980e+01 -2.909875524563975691e-01 7.343271864070047172e+00 -2.909875524563975691e-01 8.939450974882541701e+00
-9.373249892818076745e+00 1.102165243878422407e+00 -5.763972259651411356e+00 1.102165243878422407e+00 -1.157096106658755552e+01 1.575014499584499905e+00 -5.763972259651411356e+00 1.575014499584499905e+00 -1.188513115607615411e+00
-9.490714438565188260e+00 -1.487480451001386594e+00 -1.531812274047030353e+00 -1.487480451001386594e+00 -8.620446581192805269e+00 4.868664501411030798e+00 -1.531812274047030353e+00 4.868664501411030798e+00 -1.451194979350753655e+01
2.294496846858379158e+01 -1.419670722141339381e+00 6.463638324546971958e-01 -1.419670722141339381e+00 3.238505684678189311e+01 -1.847137574655784098e+00 6.463638324546971958e-01 -1.847137574655784098e+00 -1.785044443543243764e+00
5.129170128303341514e+00 -6.441174889740488574e-01 -1.601987604183216396e+00 -6.441174889740488574e-01 8.931571191676786370e+00 1.086897566900820289e+00 -1.601987604183216396e+00 1.086897566900820289e+00 8.233299472285278142e+00
1.748831045266588191e+01 1.535904215551169072e+00 -2.600631782771392064e+00 1.535904215551169072e+00 8.066699834125552471e+00 6.296067783910613613e+00 -2.600631782771392064e+00 6.296067783910613613e+00 2.176263687363278265e+01
-2.510407103401662621e+00 2.052933634836862087e+00 4.288157248413472011e+00 2.052933634836862087e+00 -2.937707589198657043e+00 -2.075820378245261388e-01 4.288157248413472011e+00 -2.075820378245261388e-01 -2.913421589090847696e+00
2.794784095717661287e+01 2.767418259993247087e+00 -1.124051475030570790e+00 2.767418259993247087e+00 2.539534802753545861e+01 1.418876598392019739e+00 -1.124051475030570790e+00 1.418876598392019739e+00 2.947149244158332948e+01
1.023286726957950776e+01 -1.849770081460710425e-01 -3.908259317611961214e-01 -1.849770081460710425e-01 1.181067399376288840e+01 1.024271800385817333e+00 -3.908259317611961214e-01 1.024271800385817333e+00 1.266279730593779185e+01
2.115914084109289561e+01 -3.199748660968106395e-01 1.049427835363045958e+00 -3.199748660968106395e-01 7.504992973027805547e+00 1.292113974007366162e+00 1.049427835363045958e+00 1.292113974007366162e+00 1.355331044639001625e+01
3.507502212950390219e-01 -1.555623422183736393e+00 5.379387927503442857e-01 -1.555623422183736393e+00 1.621763615521724988e+00 -3.872124843502542935e-01 5.379387927503442857e-01 -3.872124843502542935e-01 2.296697331281438270e+00
5.485083716692499500e+00 7.395167587087204675e-01 1.468845817843041468e+00 7.395167587087204675e-01 1.567168959891462166e+01 2.113497697780255535e+00 1.468845817843041468e+00 2.113497697780255535e+00 7.110499750902539162e+00
1.950434333557205946e+01 1.792048421116385182e+00 -1.165907239789580663e+00 1.792048421116385182e+00 1.705335050900002614e+01 1.209930676273652361e+00 -1.165907239789580663e+00 1.209930676273652361e+00 2.916377492273569416e+01
1.432732426157011929e+01 1.825955750601461869e+00 6.742695268792650021e-01 1.825955750601461869e+00 9.401759976601123725e+00 -5.229422987399896527e-01 6.742695268792650021e-01 -5.229422987399896527e-01 5.955290320320080433e+00
-6.891565182062560524e+00 -7.657259708479069005e+00 -2.542886283014470727e+00 -7.657259708479069005e+00 5.665132821239597938e-01 -3.040769265877262040e+00 -2.542886283014470727e+00 -3.040769265877262040e+00 -2.502144479775505914e+01
1.018851778074188452e+01 -3.856338231603274380e+00 1.487482692998703671e-01 -3.856338231603274380e+00 1.540302692139717777e+01 -9.216327857503489041e-01 1.487482692998703671e-01 -9.216327857503489041e-01 1.750887522809640018e+01
-9.061482089000951756e-01 -1.173374628997327918e+00 5.094035497944376066e-03 -1.173374628997327918e+00 3.775877879613437349e-01 -1.023538825066309776e+00 5.094035497944376066e-03 -1.023538825066309776e+00 5.897563190196997596e+00
3.454055387040133951e+01 -3.321382144224501509e+00 8.027815668628820234e+00 -3.321382144224501509e+00 2.071452362835684013e+01 -5.304296672402309953e-01 8.027815668628820234e+00 -5.304296672402309953e-01 1.695224756554044987e+01
