-2.216973346340458662e+01 -7.902022421399204077e+00 -2.708788237497180784e+00 -7.902022421399204077e+00 -2.430088232172181861e+01 4.231658364609506506e+00 -2.708788237497180784e+00 4.231658364609506506e+00 -6.136605254250479646e+00
3.700110197742966234e-01 -1.986885703512588108e+01 -1.419423141843422620e+01 -1.986885703512588108e+01 -1.837937852982145515e+00 7.585341988917018163e+00 -1.419423141843422620e+01 7.585341988917018163e+00 8.442031507805394241e+00
5.871027830594702834e+01 1.571958201008891187e+01 4.515665682577056472e+00 1.571958201008891187e+01 3.476097575175142396e+01 5.253070298400317917e+00 4.515665682577056472e+00 5.253070298400317917e+00 2.376753065647240248e+01
9.882296364745505102e+00 -7.298554590868003622e+00 -7.702319869657755502e-01 -7.298554590868003622e+00 -4.112393747886500250e+00 5.488404504533050954e+00 -7.702319869657755502e-01 5.488404504533050954e+00 -1.365347184900101318e+01
-5.479188599767534029e+00 -2.925014700396931122e+00 -4.242304971966569305e+00 -2.925014700396931122e+00 7.886937995192937478e+00 7.933656158917842260e-01 -4.242304971966569305e+00 7.933656158917842260e-01 -2.013203168974062152e+01
1.501123781177883387e+01 1.292460764273889140e+01 1.073258314714881578e+01 1.292460764273889140e+01 1.157043561594929137e+01 9.188319032086184279e+00 1.073258314714881578e+01 9.188319032086184279e+00 2.410037717575833227e+01
-2.661714497379508515e+01 -4.486006570678852334e+00 -1.634967407841874110e+00 -4.486006570678852334e+00 -4.542855909994039543e+00 2.141484389513374609e+00 -1.634967407841874110e+00 2.141484389513374609e+00 1.415556910901812460e+00
