-3.103835481247400452e+01 8.243026790065723919e-01 2.471059729875173971e+00 8.243026790065723919e-01 -2.997305826629481018e+01 5.259655454123386420e+00 2.471059729875173971e+00 5.259655454123386420e+00 -3.701104961509167879e+01
-2.679097198516664591e+01 -2.541668665388635340e+00 1.052916683452653546e+00 -2.541668665388635340e+00 -2.925790283948147419e+01 2.417927749721470843e+00 1.052916683452653546e+00 2.417927749721470843e+00 -4.073785650169563155e+01
-2.149976325698641944e+00 3.197480562865528397e-01 -1.584931618785023755e-02 3.197480562865528397e-01 -3.932971517705901920e+00 -4.737368780776983201e-01 -1.584931618785023755e-02 -4.737368780776983201e-01 -2.650883460098369060e+00
4.362939940028713437e+01 -7.020830665761114808e+00 7.968398718677334180e+00 -7.020830665761114808e+00 3.348522017327708511e+01 1.005258363723415016e+01 7.968398718677334180e+00 1.005258363723415016e+01 2.507619853124158382e+01
3.054486654608897922e+01 5.914882687815683049e+00 -8.245469659778938976e-01 5.914882687815683049e+00 3.588461313452097556e+01 -2.252297645697002526e+00 -8.245469659778938976e-01 -2.252297645697002526e+00 2.610046094689294094e+01
-4.580699712355712272e+00 -7.720873700720700672e-01 1.216240314582607507e+00 -7.720873700720700672e-01 -1.530280356831578370e+00 7.042366254873041465e-01 1.216240314582607507e+00 7.042366254873041465e-01 -5.041753314515509565e+00
2.048802525977866940e-01 -4.619450474909995386e+00 -6.196340662335343419e-01 -4.619450474909995386e+00 2.388026208171674103e+00 6.335873074287191598e-01 -6.196340662335343419e-01 6.335873074287191598e-01 8.996434395325410005e-01
-7.477470629102165312e+00 5.178956450724733429e+00 -7.565140623684997179e-01 5.178956450724733429e+00 -1.754235095326247418e+01 -3.135060004958727387e+00 -7.565140623684997179e-01 -3.135060004958727387e+00 -1.829386837134810406e+01
-1.085701787814717889e+01 -5.509618474877997052e+00 -5.959085519467529402e+00 -5.509618474877997052e+00 -1.395574827619152636e+01 -4.222990801641366421e-01 -5.959085519467529402e+00 -4.222990801641366421e-01 -1.638392528600779485e+01
-1.048161156181498965e+00 -2.086878469176877360e+00 7.614478982436881926e-01 -2.086878469176877360e+00 -1.391908900714805108e+00 5.921248940490029256e-01 7.614478982436881926e-01 5.921248940490029256e-01 -2.114301798641977648e+00
-1.920246379627482902e+00 8.557742275433456447e-01 -4.171506642956077093e-02 8.557742275433456447e-01 -4.534445028054618909e+00 1.811603077943902129e-01 -4.171506642956077093e-02 1.811603077943902129e-01 -1.944091801949785259e+00
1.628886211636928749e+01 -3.525997402901518640e+00 2.955842524978374186e+00 -3.525997402901518640e+00 1.035245611898833040e+01 5.917780175753429184e+00 2.955842524978374186e+00 5.917780175753429184e+00 1.580845068733925451e+01
8.163664096811706017e+00 1.663157384526579463e+00 -3.855618750173752218e+00 1.663157384526579463e+00 1.476806803949302171e+01 -5.991533035944628161e+00 -3.855618750173752218e+00 -5.991533035944628161e+00 9.184221131723429465e+00
7.129942213711268906e-01 8.582846637665857426e-01 -9.433101382950863645e-01 8.582846637665857426e-01 7.847865621070642561e+00 -5.888057077368781478e+00 -9.433101382950863645e-01 -5.888057077368781478e+00 7.643105086805361381e+00
1.124947541401151696e+01 4.238245198975250538e+00 -5.260343117942460012e+00 4.238245198975250538e+00 -4.316759547288810062e+00 9.498540064237679173e-03 -5.260343117942460012e+00 9.498540064237679173e-03 -2.383923656965519555e+00
-2.428092797099534650e+01 1.922257234951576299e+00 1.861409169575394706e+00 1.922257234951576299e+00 -1.955092982381466982e+01 1.420180933157398906e+00 1.861409169575394706e+00 1.420180933157398906e+00 -9.793792687843586364e+00
7.075318414117980126e+00 -2.229618358717118110e+00 4.877006348802821467e-01 -2.229618358717118110e+00 3.397186931537966359e+00 3.691194592113893780e+00 4.877006348802821467e-01 3.691194592113893780e+00 -6.622857181027915985e+00
-2.357402203104394545e+01 1.053096533862950546e+00 -5.071792765103399603e+00 1.053096533862950546e+00 -1.625928296796742956e+01 -2.825925906775379470e+00 -5.071792765103399603e+00 -2.825925906775379470e+00 -3.011759063086115518e+01
4.538820884998215455e+00 -6.075561076821174578e-02 -2.556071953657476081e-01 -6.075561076821174578e-02 5.015479929714389939e+00 8.219731789455317905e-01 -2.556071953657476081e-01 8.219731789455317905e-01 1.995464009631777502e+00
1.945100081650459112e+00 -2.845540383104764981e+00 -3.385087996607243355e+00 -2.845540383104764981e+00 1.461090073039900683e-01 2.286101847776954799e+00 -3.385087996607243355e+00 2.286101847776954799e+00 -9.096304354366177236e+00
-8.444234971332324591e+00 2.977063747051655884e+00 -8.418582841703675657e-01 2.977063747051655884e+00 -9.384704716194308460e+00 -2.457498333239330091e+00 -8.418582841703675657e-01 -2.457498333239330091e+00 -1.443292920012819103e+01
-4.931799254933150856e+00 2.763422843927136441e+00 8.575349270549558200e-01 2.763422843927136441e+00 -7.293032236980675265e+00 -1.886353434656727057e-01 8.575349270549558200e-01 -1.886353434656727057e-01 -1.060023816354055626e+01
1.145700886055511347e+01 4.237833318612263866e+00 -9.194218720112764531e-01 4.237833318612263866e+00 -1.589700647202292538e+00 3.576315687467238824e+00 -9.194218720112764531e-01 3.576315687467238824e+00 -4.220582804784563380e-01
-2.337521502335752643e+01 4.351650364990399034e+00 8.100086997011730627e-01 4.351650364990399034e+00 -2.376784121033470498e+01 -7.018001397860340607e-01 8.100086997011730627e-01 -7.018001397860340607e-01 -3.374346579361016296e+01
1.856414796917795229e+01 -1.447533179943664727e+01 4.615050527937146541e+00 -1.447533179943664727e+01 1.582093688350150273e+01 6.519919124419836898e+00 4.615050527937146541e+00 6.519919124419836898e+00 2.498583562271202041e+01
-8.679111265055121649e+00 -8.940715958369288563e-01 -7.822139255418679715e-01 -8.940715958369288563e-01 7.709866046429685760e+00 -8.710906050268141243e-01 -7.822139255418679715e-01 -8.710906050268141243e-01 7.456542966384088089e+00
1.738844511667506643e+00 -9.534485591706300112e-02 -7.166815358858995566e-01 -9.534485591706300112e-02 -5.020101403739856138e+00 2.724444214536909215e+00 -7.166815358858995566e-01 2.724444214536909215e+00 -8.979158404911061098e+00
-1.485962225008872828e+01 -4.770392481472572221e+00 -3.060556638101419313e+00 -4.770392481472572221e+00 -1.201737509360477141e+01 8.853640366302587550e-01 -3.060556638101419313e+00 8.853640366302587550e-01 -7.056006251788353723e+00
-2.265499472248026791e+01 1.677954642428502785e+00 1.394538477273298271e+00 1.677954642428502785e+00 -1.703723986711856497e+01 3.943378763506017126e+00 1.394538477273298271e+00 3.943378763506017126e+00 -1.447810242761786270e+01
-2.737295590276514368e+00 -5.659399605325877713e-01 -5.501918983658210527e-01 -5.659399605325877713e-01 -5.501285302454132164e+00 9.865958555003502273e-01 -5.501918983658210527e-01 9.865958555003502273e-01 -3.023203875593660772e+00
-2.835238281850803954e+00 -1.220024675626837640e-01 -5.720409025224237887e-01 -1.220024675626837640e-01 -4.590644279198991207e+00 9.373513825127044452e-01 -5.720409025224237887e-01 9.373513825127044452e-01 -5.293940564133047921e+00
5.760792316797867407e+00 -5.290905679992859989e-01 -2.695179042076334408e-01 -5.290905679992859989e-01 4.618440257164706075e+00 -1.697750763604634894e-01 -2.695179042076334408e-01 -1.697750763604634894e-01 5.458839045165179371e+00
-1.512759566222654950e+00 -1.174780057921206655e+00 2.082414520400800217e+00 -1.174780057921206655e+00 2.505111349796695475e+00 3.044871762105677337e+00 2.082414520400800217e+00 3.044871762105677337e+00 3.151756113275867133e+00
-2.492461334119646654e+00 2.876256478095632896e-01 2.756435511462746457e-01 2.876256478095632896e-01 -2.918284024934484133e+00 -6.117171866688742021e-01 2.756435511462746457e-01 -6.117171866688742021e-01 -4.088468911876215195e+00
-2.352652808743537882e+00 -5.825950504582863010e-01 1.298531074136485497e+00 -5.825950504582863010e-01 1.299050935995101907e+00 8.911174916480318897e-01 1.298531074136485497e+00 8.911174916480318897e-01 -2.501117689398677513e+00
1.856414796917795229e+01 -1.447533179943664727e+01 4.615050527937146541e+00 -1.447533179943664727e+01 1.582093688350150273e+01 6.519919124419836898e+00 4.615050527937146541e+00 6.519919124419836898e+00 2.498583562271202041e+01
-3.111082565557295787e+00 7.544621891001453307e+00 3.387722160562098850e+00 7.544621891001453307e+00 -1.331065236690275100e+01 2.453079437409789509e+00 3.387722160562098850e+00 2.453079437409789509e+00 9.617501202870890609e+00
1.018903444877495623e+01 1.242611540867167713e-01 -6.942848091474208339e+00 1.242611540867167713e-01 3.405477258681384622e+00 -1.416832527033007327e+00 -6.942848091474208339e+00 -1.416832527033007327e+00 -2.475833196572340356e+00
-4.367673484025658581e+00 -2.006797319981534766e+00 -5.977117685351769349e-01 -2.006797319981534766e+00 -8.138460421943262801e+00 1.964005033708967340e-01 -5.977117685351769349e-01 1.964005033708967340e-01 -3.302676473276362490e+00
7.849053603984382788e-01 -1.614849545035041967e-01 1.046850289744863716e+00 -1.614849545035041967e-01 -9.256145090370722528e+00 1.109481320368815194e+00 1.046850289744863716e+00 1.109481320368815194e+00 -1.160903701491628581e+01
6.150126849048516142e+00 -1.564166279021614203e+00 -5.126058817432280756e-01 -1.564166279021614203e+00 1.769165355377869897e+00 6.990365544101794226e-01 -5.126058817432280756e-01 6.990365544101794226e-01 -2.782597393947331410e-01
7.146309842432507331e+00 -7.794531971619622635e-01 1.462595996810093446e+00 -7.794531971619622635e-01 1.087595332602738196e+01 1.095958278416375276e+00 1.462595996810093446e+00 1.095958278416375276e+00 1.831921436317147567e+01
3.642216278351674941e+00 -3.857323383875445266e+00 2.552725165122148532e+00 -3.857323383875445266e+00 3.766832378345691623e+00 2.766931910283939811e+00 2.552725165122148532e+00 2.766931910283939811e+00 1.825245965520251756e+00
1.079738392714176776e+01 4.032502973592169582e+00 -2.449229696822920133e+00 4.032502973592169582e+00 1.535251790868797706e+01 -3.274831847654952277e+00 -2.449229696822920133e+00 -3.274831847654952277e+00 -2.283653432993879573e+00
-1.234762170082003330e+01 -2.944017106163176578e+00 -1.511568413358503449e+00 -2.944017106163176578e+00 -1.819465637835797267e+01 5.278216034411516988e-01 -1.511568413358503449e+00 5.278216034411516988e-01 -1.696989508067975194e+01
-2.804107038164539745e+01 2.947915892200111188e+00 1.562994529612852679e+00 2.947915892200111188e+00 -3.894415395324179485e+01 1.168637748121282627e+00 1.562994529612852679e+00 1.168637748121282627e+00 -4.358270720821044364e+01
-2.986364893363293405e+01 5.760401298132997727e-01 4.818625696505487443e-01 5.760401298132997727e-01 -3.943960286183745723e+01 3.699787023436209132e+00 4.818625696505487443e-01 3.699787023436209132e+00 -2.456388885119118726e+01
-2.999827342069090630e+00 -5.093826094553809414e-01 1.843869983350435504e+00 -5.093826094553809414e-01 -5.324348748282472954e+00 -1.397552183699643180e+00 1.843869983350435504e+00 -1.397552183699643180e+00 -4.378943600613141918e+00
-1.172440282026088276e+01 4.397215556510523982e+00 2.330783674238113168e+00 4.397215556510523982e+00 -9.323563383524447801e+00 2.396323445434888733e+00 2.330783674238113168e+00 2.396323445434888733e+00 -1.528697793967475071e+01
-4.227108904481992058e-01 2.621092932739609971e+00 5.968576038345905221e-01 2.621092932739609971e+00 1.256618187131425257e+00 -5.220457266455401646e-01 5.968576038345905221e-01 -5.220457266455401646e-01 -1.216593581844865435e+00
