4.744782116524175031e+00 2.061008490133440674e+00 -1.704523357278344697e+00 2.061008490133440674e+00 4.076476206477972042e+00 2.077850004571544673e+00 -1.704523357278344697e+00 2.077850004571544673e+00 3.393739893424478282e+01
1.318855457623388006e+01 -8.349657572620543533e+00 -4.435568586832027371e+00 -8.349657572620543533e+00 2.422145224151683607e+01 -5.137420551276790981e+00 -4.435568586832027371e+00 -5.137420551276790981e+00 2.089915501856917501e+01
1.075306752702490165e+01 -4.355760044602174474e+00 3.422022875578289103e+00 -4.355760044602174474e+00 8.772899044571422777e-01 -4.611642992611787228e+00 3.422022875578289103e+00 -4.611642992611787228e+00 4.116592522634760165e+00
1.704831979038804590e+01 -8.461088851932244026e+00 4.315754845631927239e+00 -8.461088851932244026e+00 2.187917588661506940e+01 1.136587058780575310e+00 4.315754845631927239e+00 1.136587058780575310e+00 -9.023102081460603330e+00
4.720334838713574399e+00 3.531884036199085752e+00 -2.396133471637031942e+00 3.531884036199085752e+00 4.574916148212799349e+00 2.017459594733653994e+00 -2.396133471637031942e+00 2.017459594733653994e+00 9.674076992790405782e+00
2.245242842827665797e+01 6.868131897691799992e+00 -5.293223970284926416e+00 6.868131897691799992e+00 -7.098508686297744674e+00 -1.174774281778825369e+00 -5.293223970284926416e+00 -1.174774281778825369e+00 1.836066613289655791e+01
3.436507703709145289e+01 1.099095813626534124e+01 -5.109989707213159704e+00 1.099095813626534124e+01 1.089530926253887344e+01 6.729946742922320979e+00 -5.109989707213159704e+00 6.729946742922320979e+00 2.436393386124215610e+01
1.298711812651049513e+01 5.280981742426047454e+00 -7.842951914738173436e+00 5.280981742426047454e+00 3.852754179447200755e+01 8.865304563536529514e+00 -7.842951914738173436e+00 8.865304563536529514e+00 3.121021402353086671e+01
1.656662666373069248e+00 4.475113422257579465e+00 4.520651763692219660e+00 4.475113422257579465e+00 -3.043212500229725226e+00 -1.066784595558782245e+00 4.520651763692219660e+00 -1.066784595558782245e+00 2.647289432082492411e+01
-1.015627026790635945e+01 -2.266995176935644007e+00 -5.763901604763036701e+00 -2.266995176935644007e+00 1.954523518593498466e+01 -5.460790980740961587e+00 -5.763901604763036701e+00 -5.460790980740961587e+00 4.058141473025325574e+00
3.238179404991445409e+01 6.336318551939461585e+00 -2.771187110777614038e+00 6.336318551939461585e+00 3.531927662842339544e+01 -2.456619720032965137e+00 -2.771187110777614038e+00 -2.456619720032965137e+00 1.807486585999865625e+01
1.430524983697633701e+01 4.395097510704099042e-01 3.352674298403070186e+00 4.395097510704099042e-01 2.125842675440402374e+01 1.419959431521905957e+00 3.352674298403070186e+00 1.419959431521905957e+00 2.069680156158284845e+01
7.899389882073658775e+00 -4.485937642318167384e+00 8.338132410115113302e+00 -4.485937642318167384e+00 1.686663880439365659e+00 1.901792478661669339e+00 8.338132410115113302e+00 1.901792478661669339e+00 2.005321225578689948e+01
1.724776892597032685e+01 -7.270251865577356254e-01 -6.387145977864745028e+00 -7.270251865577356254e-01 2.989122937069248920e+01 -1.131741341175255933e+01 -6.387145977864745028e+00 -1.131741341175255933e+01 1.992028957856499360e+01
1.544903553014366260e+01 -1.408119472295469743e+00 -7.597309377328043567e+00 -1.408119472295469743e+00 2.676710233267659333e+01 3.211398428945023031e+00 -7.597309377328043567e+00 3.211398428945023031e+00 -1.447742972812593187e+01
-1.171572707393943036e+00 -3.364753372446750213e+00 -1.027994517260224283e+00 -3.364753372446750213e+00 2.074387602025950983e+01 2.294054985573775518e+00 -1.027994517260224283e+00 2.294054985573775518e+00 7.696551269436391784e+00
1.775231316527847625e+01 6.301416099894094458e+00 -1.823244668843173377e+00 6.301416099894094458e+00 1.762967761559036006e+01 6.427751955998488143e+00 -1.823244668843173377e+00 6.427751955998488143e+00 1.574687775211944718e+01
2.278888535882040500e+01 1.895829959279034804e-01 -3.015225885794525773e+00 1.895829959279034804e-01 4.433163360605206549e+01 1.261831190859461316e+01 -3.015225885794525773e+00 1.261831190859461316e+01 4.030673265066608479e+01
2.690978818122616856e-01 6.326089472301587691e+00 -4.005432761270209419e+00 6.326089472301587691e+00 7.328920520351184464e+00 4.958344477557598218e+00 -4.005432761270209419e+00 4.958344477557598218e+00 -1.279245031142508093e+00
1.214054337799525030e+01 -1.277009779262222811e+00 -3.146297325944500400e+00 -1.277009779262222811e+00 1.728870664477009100e+01 -3.974584261490152315e+00 -3.146297325944500400e+00 -3.974584261490152315e+00 1.461894286236251439e+01
-1.096443326924180361e+01 7.761086466800052978e-03 -8.283791199087840340e+00 7.761086466800052978e-03 1.744320282948901024e+01 -1.042245350675893079e+01 -8.283791199087840340e+00 -1.042245350675893079e+01 3.645789798253312064e+00
8.013853702413186397e+00 -2.104339243788715841e+00 2.787035489154494616e+00 -2.104339243788715841e+00 -4.810844047940753043e+00 -3.776119834484932825e-01 2.787035489154494616e+00 -3.776119834484932825e-01 2.942612434659498177e+01
1.263030343558439128e+01 -1.296371493291330612e+00 9.965524282136090761e+00 -1.296371493291330612e+00 7.840927822464385244e+00 -2.789770066874602161e+00 9.965524282136090761e+00 -2.789770066874602161e+00 1.678486966827252758e+01
-7.379942960872490909e-01 2.470569144390017069e+00 5.769432423980513924e+00 2.470569144390017069e+00 -5.886519775175180769e+00 1.745134956583300978e+00 5.769432423980513924e+00 1.745134956583300978e+00 2.989601563394064954e+01
4.145080144716353665e+00 -5.320355146581047023e+00 -7.538453858223457260e-01 -5.320355146581047023e+00 1.493385332077788163e+01 2.633414250927066935e-01 -7.538453858223457260e-01 2.633414250927066935e-01 -2.521305250569562340e+00
2.344778920479569351e+01 -3.765066848580757686e+00 -5.990408929772593760e-01 -3.765066848580757686e+00 2.219272995929495451e+01 -3.667323202689058981e+00 -5.990408929772593760e-01 -3.667323202689058981e+00 4.455659514098734775e+01
3.202145924389049014e+01 7.231197264017878545e+00 -2.018325538961864840e+00 7.231197264017878545e+00 2.648251674123243138e+00 1.172827681894404783e+01 -2.018325538961864840e+00 1.172827681894404783e+01 2.057289189640488303e+01
4.383778685327535563e+00 3.075975048827089164e+00 2.177813404668173192e+00 3.075975048827089164e+00 1.931556827717546909e+01 3.495476748603101314e+00 2.177813404668173192e+00 3.495476748603101314e+00 -7.920832345546497066e+00
2.231627818282609965e+01 8.307382511071643716e-01 -3.707582139712268798e+00 8.307382511071643716e-01 1.968651495128749573e+01 2.243372117367778529e+00 -3.707582139712268798e+00 2.243372117367778529e+00 -2.049299746144183842e+01
9.947064934860462060e+00 6.066700929390230534e+00 -1.023919075894931652e+01 6.066700929390230534e+00 4.193794698588899195e+00 1.816738597736861971e+00 -1.023919075894931652e+01 1.816738597736861971e+00 1.573484165721687233e+01
1.279165708448434735e+01 -1.366780746716701778e+01 1.290215694298831872e+00 -1.366780746716701778e+01 2.369137576843393589e+01 9.122935370973907609e+00 1.290215694298831872e+00 9.122935370973907609e+00 2.344524495950809495e+01
1.329632201329217001e+00 -2.377068825335169333e-01 3.610480701781925816e+00 -2.377068825335169333e-01 6.674124013939796818e+00 -7.549668401288503361e+00 3.610480701781925816e+00 -7.549668401288503361e+00 6.421336838649851497e-01
2.231817630500106020e+01 2.333563048031352505e+00 3.844157136071147729e+00 2.333563048031352505e+00 2.102114741295055111e+01 -4.535568755128315921e+00 3.844157136071147729e+00 -4.535568755128315921e+00 2.116025041634285486e+01
-8.164183401259997197e+00 -4.857195258095790891e+00 4.845246895501257534e+00 -4.857195258095790891e+00 7.593152287031590397e+00 -1.383774110070941310e+00 4.845246895501257534e+00 -1.383774110070941310e+00 5.132359760035993368e+00
2.963833435070792888e+01 5.966571205448248705e+00 9.058411947631345162e-01 5.966571205448248705e+00 1.522875099848572944e+00 2.191251239290899377e+00 9.058411947631345162e-01 2.191251239290899377e+00 5.424018340548117045e+00
1.285744679621751807e+01 -3.804360811977288481e+00 -3.318417469761372640e+00 -3.804360811977288481e+00 1.734129498845354789e+01 -1.747051167789653414e+00 -3.318417469761372640e+00 -1.747051167789653414e+00 6.994644050261867863e-01
1.800450176882634423e+01 -6.391831054209206719e+00 2.937627356324711059e+00 -6.391831054209206719e+00 1.755125131575699271e+01 -4.767652286395973604e-01 2.937627356324711059e+00 -4.767652286395973604e-01 1.176882429248546735e+01
4.794001790106432459e+00 3.745621882009804615e+00 4.046164435252920910e+00 3.745621882009804615e+00 1.476269625866219215e+01 -4.115358287539342186e+00 4.046164435252920910e+00 -4.115358287539342186e+00 2.399258390047802791e+01
1.108342311419636239e+01 -3.041222644125438190e+00 1.811460284614259120e+00 -3.041222644125438190e+00 1.911354913983886572e+00 -6.252797721814438603e+00 1.811460284614259120e+00 -6.252797721814438603e+00 1.511473912143921616e+01
5.528436053147424367e+00 1.667007608335364655e+00 -2.668879774952717110e+00 1.667007608335364655e+00 3.036450431835462993e+01 3.039937558721202748e+00 -2.668879774952717110e+00 3.039937558721202748e+00 1.796181310607018133e+01
-2.988647749918598606e+00 6.901273238632621432e-02 4.735355707895652522e+00 6.901273238632621432e-02 1.004498680759342788e+00 3.317525182510261850e+00 4.735355707895652522e+00 3.317525182510261850e+00 -5.533220776988978074e+00
1.187675522692806140e+01 6.293332466158298999e+00 -1.177534911893757252e+00 6.293332466158298999e+00 7.653103794832500917e+00 -1.466248857888469814e+00 -1.177534911893757252e+00 -1.466248857888469814e+00 8.968797276005666674e+00
2.531913786218824214e+01 -3.440498023156469465e+00 8.525300420366816567e+00 -3.440498023156469465e+00 3.146293536367801380e+01 4.374522617645880906e+00 8.525300420366816567e+00 4.374522617645880906e+00 1.976386732544552416e+01
2.280385196017167360e+01 -1.303355377618538480e+00 9.712853548453269426e+00 -1.303355377618538480e+00 1.348082626042750043e+01 4.017400060898552283e+00 9.712853548453269426e+00 4.017400060898552283e+00 1.328415251728784519e+01
1.390201192241322836e+01 -7.138268996804012501e-01 1.519892694509100972e-01 -7.138268996804012501e-01 2.132641115149759514e+00 5.145369835531603542e-01 1.519892694509100972e-01 5.145369835531603542e-01 8.361580897023078052e+00
-7.844152336015606686e+00 2.916226036732937565e+00 -7.238820677162704165e+00 2.916226036732937565e+00 3.887145616708634321e+01 -6.728590517689556627e+00 -7.238820677162704165e+00 -6.728590517689556627e+00 1.085182732521044358e+01
2.919910053802266958e+01 1.638043687120370073e+00 -3.464018198854467712e-01 1.638043687120370073e+00 3.994629377648866608e+01 -5.783414247908453376e+00 -3.464018198854467712e-01 -5.783414247908453376e+00 2.887367454242572506e+01
-1.236248670940198480e+01 -5.594629728549008085e+00 -8.118110149383805929e-02 -5.594629728549008085e+00 1.344073804486222201e+01 4.336386336835915678e+00 -8.118110149383805929e-02 4.336386336835915678e+00 3.715860220424922478e+00
1.011773522723742680e+01 1.413936214221006571e-01 3.055998535092421253e+00 1.413936214221006571e-01 1.434587518500484116e+01 -2.301649825382997339e+00 3.055998535092421253e+00 -2.301649825382997339e+00 1.976784308760148079e+01
2.078956064768540557e+01 1.420161588110135931e+01 -6.439200296821603331e+00 1.420161588110135931e+01 3.047308273766498043e+00 1.611852907050492778e+00 -6.439200296821603331e+00 1.611852907050492778e+00 7.201782830010692749e+00
