1.934183166747542160e+01 3.548894651562339408e+00 -3.957919718491634153e+00 3.548894651562339408e+00 1.542739997726100931e+01 -1.357325678698257043e+00 -3.957919718491634153e+00 -1.357325678698257043e+00 7.220089506991907990e-01
9.680695316306580978e+00 1.241689536305122799e+00 -5.189073443234753391e+00 1.241689536305122799e+00 1.806504791159612600e+00 2.369793732902528927e+00 -5.189073443234753391e+00 2.369793732902528927e+00 1.008048642098219183e+01
-3.725828082094340488e+01 4.301994301575873259e-01 1.276119910879171648e+00 4.301994301575873259e-01 -3.154028023532612934e+01 -5.375891856936572566e+00 1.276119910879171648e+00 -5.375891856936572566e+00 -4.352186122347736585e+01
2.318053092026071127e+01 -4.490846912027420257e-01 7.718673763480468075e-01 -4.490846912027420257e-01 2.396618262082544959e+01 -2.510024241411506818e+00 7.718673763480468075e-01 -2.510024241411506818e+00 3.027707929585628222e+01
-2.068101946922982659e+00 -2.691622460058557653e+00 7.421934056520954393e+00 -2.691622460058557653e+00 -7.303859411310354766e+00 -2.185765373262406275e+00 7.421934056520954393e+00 -2.185765373262406275e+00 -1.536851333315227919e+01
2.139126900171651613e+01 9.585752730499667251e+00 1.253867382347621273e+01 9.585752730499667251e+00 -4.132656750083013364e+00 9.560351050880190327e-01 1.253867382347621273e+01 9.560351050880190327e-01 1.393814147778913792e+01
-1.368318398314345252e+01 8.691307262226144470e-02 3.579486650853634266e+00 8.691307262226144470e-02 1.810530090442257745e+01 -1.349820117608831360e+01 3.579486650853634266e+00 -1.349820117608831360e+01 1.865691646463189812e+01
-9.300981813553448774e+00 4.094980900320689621e+00 -1.836487871773644587e+00 4.094980900320689621e+00 -1.037589064694296503e+01 1.647062882908958414e+00 -1.836487871773644587e+00 1.647062882908958414e+00 -1.353275608586369927e+01
6.465737555106202628e+00 2.283770909776245556e-02 -2.100959639687191682e+00 2.283770909776245556e-02 3.053958579173742915e+00 1.080543545976895503e+00 -2.100959639687191682e+00 1.080543545976895503e+00 1.427531581883404899e+00
-7.312514451201415966e+00 -5.557173352011521850e+00 -4.514029701765897684e+00 -5.557173352011521850e+00 -2.468573223477635636e+01 4.895320721080795856e+00 -4.514029701765897684e+00 4.895320721080795856e+00 -2.045820847990826863e+01
9.726171252654813415e+00 3.733460372118127868e+00 2.502140632017482158e-01 3.733460372118127868e+00 2.620714509962231542e+00 2.255758726316249518e+00 2.502140632017482158e-01 2.255758726316249518e+00 -2.423150065467799763e+01
2.522430305844156351e+01 -6.792013016380240131e+00 8.365496943894292770e+00 -6.792013016380240131e+00 9.305236955675654897e+00 8.856571441842245207e+00 8.365496943894292770e+00 8.856571441842245207e+00 3.807009613415042537e+01
3.438701918877453068e+01 -8.576608692283310020e+00 -2.616541291826117721e+00 -8.576608692283310020e+00 2.465809229405049408e+01 3.197748839414557231e+00 -2.616541291826117721e+00 3.197748839414557231e+00 2.086950016362717975e+01
2.939775631213058205e+01 2.905331214181356536e+00 -1.687865646852621859e+00 2.905331214181356536e+00 3.443215034055494783e+01 1.895620200312770010e+00 -1.687865646852621859e+00 1.895620200312770010e+00 3.922501336146222428e+01
3.038198343771862753e+01 -3.279514881805750903e+00 -1.094577831269784252e+00 -3.279514881805750903e+00 3.229530437317827563e+01 3.222829236068470493e+00 -1.094577831269784252e+00 3.222829236068470493e+00 2.752985230289591101e+01
2.418703494947092736e+01 -5.038794023510837938e+00 -4.114893801593172640e+00 -5.038794023510837938e+00 -1.113527814353445144e+01 6.533449322137081516e+00 -4.114893801593172640e+00 6.533449322137081516e+00 4.377494372640738263e+00
3.074539114945323703e+01 -6.225572392388237120e+00 -4.141049943821602519e-01 -6.225572392388237120e+00 3.626926721105917295e+00 5.073949753870096835e+00 -4.141049943821602519e-01 5.073949753870096835e+00 1.322948984434164643e+01
1.477808118221084754e+01 -7.357649899377236125e+00 5.955939936684198521e+00 -7.357649899377236125e+00 2.060229129723154529e+01 -1.726876690306745132e+01 5.955939936684198521e+00 -1.726876690306745132e+01 3.686553362448167803e+01
4.708078626575642467e+00 -1.912679063589317163e+00 1.044979274686475668e+00 -1.912679063589317163e+00 2.301235446188211498e+01 -5.338606223294060094e+00 1.044979274686475668e+00 -5.338606223294060094e+00 2.227759161730602955e+01
3.458162514463575832e+01 -5.474383298555228983e+00 -7.918590139809210449e+00 -5.474383298555228983e+00 2.949396511649906927e+01 2.299435050819421011e+00 -7.918590139809210449e+00 2.299435050819421011e+00 4.607383146457464562e+01
2.421991931871216508e+01 4.695855065031013353e+00 -2.843568280562124850e-01 4.695855065031013353e+00 1.690128815088520753e+01 1.056829128963073350e+00 -2.843568280562124850e-01 1.056829128963073350e+00 2.441656796509727201e+01
2.302295458437013664e+01 5.347663216050358770e+00 1.766142856013309892e+00 5.347663216050358770e+00 3.918927693789972011e+01 -3.812943126881265687e+00 1.766142856013309892e+00 -3.812943126881265687e+00 2.041872411685619326e+01
1.683291058979245136e+01 1.151628185936903970e+00 2.588776346658889782e+00 1.151628185936903970e+00 3.417165040582271018e+01 -5.034529254719418923e+00 2.588776346658889782e+00 -5.034529254719418923e+00 2.576095464916643607e+01
2.599856630080883590e+01 -5.319938733590593438e-01 -1.977161920813907958e-01 -5.319938733590593438e-01 1.943584249843993916e+01 -4.452453814439125135e-01 -1.977161920813907958e-01 -4.452453814439125135e-01 2.333399237123965264e+01
2.148134247723814028e+01 7.345109955723483353e-01 -5.095693873955299935e+00 7.345109955723483353e-01 5.238801403147118840e+00 -1.304199083279866667e+00 -5.095693873955299935e+00 -1.304199083279866667e+00 2.965018836576287953e+01
6.367185769421748631e+00 3.391670301178737468e+00 -2.536715308136026081e+00 3.391670301178737468e+00 -1.576676923264127161e+01 4.630790635530217969e+00 -2.536715308136026081e+00 4.630790635530217969e+00 -7.218592383614883534e-01
5.373414033549999580e+00 1.734627313975267038e+00 -2.451389461722588869e+00 1.734627313975267038e+00 -1.342599344596660949e+01 6.284443297647898774e+00 -2.451389461722588869e+00 6.284443297647898774e+00 -5.320518401921804141e+00
1.634310344975134388e+00 1.984144910992396538e+00 -6.999832941019443755e-01 1.984144910992396538e+00 -1.380568590935284057e+01 3.839534727757627941e+00 -6.999832941019443755e-01 3.839534727757627941e+00 -2.813007151675008366e+00
-5.042114228373733908e+00 -2.056726212705366041e+00 -1.010582896961091937e+00 -2.056726212705366041e+00 -6.481898469326962342e+00 -3.502784398814203115e+00 -1.010582896961091937e+00 -3.502784398814203115e+00 -8.871122610163354238e+00
3.658946302565029640e+01 1.566078037098796782e+00 8.332947574871067076e+00 1.566078037098796782e+00 2.886461669398493157e+01 4.458890591354851551e+00 8.332947574871067076e+00 4.458890591354851551e+00 4.037647373890033720e+01
2.925896289912667214e+01 9.609197633591062271e+00 1.465273053131592507e+00 9.609197633591062271e+00 2.402481895455232319e+01 1.364106033889455993e+01 1.465273053131592507e+00 1.364106033889455993e+01 3.087358128440670768e+01
3.645326745389210288e+01 2.070409608629752540e+00 -4.914702302095591335e+00 2.070409608629752540e+00 4.497426771758158992e+01 -4.754615077892739627e+00 -4.914702302095591335e+00 -4.754615077892739627e+00 4.190713848954892740e+01
1.542948319556094994e+01 4.281637593435236866e+00 2.733808504112959503e-01 4.281637593435236866e+00 2.785912489761801325e+01 -5.159411049905901159e+00 2.733808504112959503e-01 -5.159411049905901159e+00 1.618872655917100545e+01
2.269651823658493939e+01 -1.400065975248970584e+00 -2.087863164950791273e+00 -1.400065975248970584e+00 1.005183109301198208e+01 -3.243492009626397721e+00 -2.087863164950791273e+00 -3.243492009626397721e+00 2.429767250583955729e+01
1.513480232492108790e+01 5.268038298661348318e-01 4.110958448851294911e+00 5.268038298661348318e-01 2.327444864177065043e+01 1.699066973010956216e+00 4.110958448851294911e+00 1.699066973010956216e+00 1.094767845549189111e+01
-3.684929982093806178e+00 3.350819427391217520e+00 6.924230813900350556e-01 3.350819427391217520e+00 9.526127814239927716e+00 -3.594764475029769812e+00 6.924230813900350556e-01 -3.594764475029769812e+00 -5.947824891814401660e+00
-1.473877964527778417e+01 1.022456057499549154e+00 -3.010203165524809599e+00 1.022456057499549154e+00 -1.176102953058708067e+01 -2.006350997605445663e+00 -3.010203165524809599e+00 -2.006350997605445663e+00 -1.861348625196833950e+01
-3.246422128209245273e+01 -3.650281262978050556e+00 4.417343625008107288e+00 -3.650281262978050556e+00 -3.327437171122746662e+01 -2.515040688424638127e+00 4.417343625008107288e+00 -2.515040688424638127e+00 -3.558106716185058360e+01
5.679714086078508473e+00 -1.007112853618211679e+00 2.690176586060216923e+00 -1.007112853618211679e+00 2.264486229470257683e+00 -2.391523145162381070e+00 2.690176586060216923e+00 -2.391523145162381070e+00 9.971213378181026599e+00
3.054530584306339236e+01 3.208711002571634108e+00 5.956585083846974854e-02 3.208711002571634108e+00 3.866754813943705926e+01 -3.662746910051658755e+00 5.956585083846974854e-02 -3.662746910051658755e+00 3.280134309852699914e+01
-8.037829626733394406e+00 1.139409204450823498e+00 2.132570469228935117e+00 1.139409204450823498e+00 -2.028113292673708656e+01 1.320265736431406101e+00 2.132570469228935117e+00 1.320265736431406101e+00 -5.385098177334723069e+00
9.285520973382385534e+01 -1.815029221823508676e+00 -6.338815945198798651e+00 -1.815029221823508676e+00 6.748860106153864535e+01 3.165497172397023995e+00 -6.338815945198798651e+00 3.165497172397023995e+00 6.532428725674360237e+01
1.985097262115759875e+00 3.171735858716328682e+00 2.244146616300507269e+00 3.171735858716328682e+00 2.996295881951217055e+01 -6.474298384788124139e+00 2.244146616300507269e+00 -6.474298384788124139e+00 1.619242377077485529e+01
2.802124270314491028e+01 -7.644692785416484782e-01 2.191891151811040217e+00 -7.644692785416484782e-01 1.004422573731031942e+00 8.549729455931077027e+00 2.191891151811040217e+00 8.549729455931077027e+00 1.790678865265434538e+01
3.584446013033533518e+01 -9.279714316549918962e+00 -4.388923472395211078e+00 -9.279714316549918962e+00 4.560308011034869224e+01 3.299793945957010255e+00 -4.388923472395211078e+00 3.299793945957010255e+00 3.830370429784525754e+01
2.601613781617281873e+01 -6.780960185940044127e+00 3.252473720917863798e+00 -6.780960185940044127e+00 2.564354677915612157e+01 -4.031426278842249467e+00 3.252473720917863798e+00 -4.031426278842249467e+00 1.538747325076719363e+01
1.052804501325164743e+01 8.591431481206461829e-01 -2.301850357471216135e+00 8.591431481206461829e-01 1.621003387142604524e+01 -5.562010228438972526e+00 -2.301850357471216135e+00 -5.562010228438972526e+00 2.497611786173737869e+01
3.054357792543465777e+01 5.011722259801318913e+00 -1.555948564887669416e+00 5.011722259801318913e+00 -4.280637138481023563e+00 3.840179183294259335e+00 -1.555948564887669416e+00 3.840179183294259335e+00 8.545504798273968750e-02
1.265712684723350634e+01 -4.383920876352071616e+00 2.998422454403703252e+00 -4.383920876352071616e+00 8.761841315102467220e+00 -1.224729783246523596e+00 2.998422454403703252e+00 -1.224729783246523596e+00 1.386343025028546272e+01
4.553940495799975174e+00 -4.182680559866263081e+00 -1.287693272738051453e+00 -4.182680559866263081e+00 3.891175740830489005e+00 4.491581758385028600e+00 -1.287693272738051453e+00 4.491581758385028600e+00 -3.119505979175875021e-01
