2.550270817210971330e+01 6.825757767883319005e+00 4.734041011431712187e-01 6.825757767883319005e+00 3.274309458346054669e+01 8.255178546850521215e+00 4.734041011431712187e-01 8.255178546850521215e+00 2.507846447363566966e+01
1.822020939028066877e+01 -7.866022159137667558e+00 -2.163192588526428040e+00 -7.866022159137667558e+00 3.433345630921701286e+01 -1.006181767582927300e+01 -2.163192588526428040e+00 -1.006181767582927300e+01 -3.078272717350975185e+00
2.714899493745777548e+01 -2.979376309395586286e+00 -4.468934702869182374e+00 -2.979376309395586286e+00 2.928312616638487142e+01 -1.602255319047295234e+00 -4.468934702869182374e+00 -1.602255319047295234e+00 2.259948549077244806e+01
1.767841801003201851e+01 -5.611330119073681288e+00 -1.217905473669983918e+00 -5.611330119073681288e+00 1.042895300276927451e+01 -2.715966766311943115e+00 -1.217905473669983918e+00 -2.715966766311943115e+00 9.122220651528857971e+00
8.152298054786522030e+00 -5.394030427083317925e+00 9.941839809692234464e-01 -5.394030427083317925e+00 -7.737923590466138535e+00 -7.415989561213699233e+00 9.941839809692234464e-01 -7.415989561213699233e+00 -1.215573631326572546e+01
3.387643303839174536e+01 -1.035474922104862650e+01 9.779884724386642691e-01 -1.035474922104862650e+01 3.222400285119464058e+01 -2.791500505053893022e+00 9.779884724386642691e-01 -2.791500505053893022e+00 3.194417412135351952e+01
4.769996924278032679e+00 -1.833352307947789361e+00 -2.212800049360597932e+00 -1.833352307947789361e+00 -5.272834258377192995e+00 -6.779764418350557875e+00 -2.212800049360597932e+00 -6.779764418350557875e+00 -5.822207802972414470e+00
1.408803330570946777e+01 3.203062536803718441e+00 3.998052333406447278e+00 3.203062536803718441e+00 1.478661504956772355e+01 1.548198395255376392e+00 3.998052333406447278e+00 1.548198395255376392e+00 8.099377812930852016e+00
3.185539130440596978e+01 7.378857394370564649e+00 1.283064889808522935e+01 7.378857394370564649e+00 3.559461161033712528e+01 2.510823586211509362e+00 1.283064889808522935e+01 2.510823586211509362e+00 3.895190656155798337e+01
-2.919678297613947038e+00 -2.542202272014431053e-01 4.234080600373600234e+00 -2.542202272014431053e-01 2.384541236805527209e+00 -6.863708086759653937e-02 4.234080600373600234e+00 -6.863708086759653937e-02 -6.468390240652872158e+00
-8.395108468867897855e+00 1.575677433634479430e+00 1.936959652361368800e+00 1.575677433634479430e+00 -8.819311545628988114e+00 4.365043608642623418e+00 1.936959652361368800e+00 4.365043608642623418e+00 -6.581674372508009796e+00
5.111694805609810288e+01 5.278376313119724550e+00 3.437034471379263767e+00 5.278376313119724550e+00 4.770335489309891130e+01 2.378421195347035333e+00 3.437034471379263767e+00 2.378421195347035333e+00 3.509652721344316006e+01
1.434112777490903312e+01 -1.450855113194652102e+00 -4.919815163774988176e-01 -1.450855113194652102e+00 1.119735924203132171e+01 -1.708950053424547200e+00 -4.919815163774988176e-01 -1.708950053424547200e+00 1.384292808687365017e+01
1.142694536790234139e+01 -1.019982733662465790e+01 -1.486758616197015603e-01 -1.019982733662465790e+01 -1.457303423113912144e+00 -4.407306415373331454e+00 -1.486758616197015603e-01 -4.407306415373331454e+00 1.264850684395973168e+01
3.213625201834533840e+01 -1.070542523605253749e+01 -7.025062488194793175e-01 -1.070542523605253749e+01 4.427418525073657207e+01 -4.543475203511937899e+00 -7.025062488194793175e-01 -4.543475203511937899e+00 2.176766535615903209e+01
-2.644770616738098568e+01 6.515496281740147388e+00 1.979390352438133993e-01 6.515496281740147388e+00 -1.507780274756422223e+01 -1.692116242391197733e+00 1.979390352438133993e-01 -1.692116242391197733e+00 -1.984499858110902437e+01
3.323271563926672911e+01 -4.866472843522133829e+00 -2.053332399330449198e-01 -4.866472843522133829e+00 3.620705903048981611e+01 2.274696084580713762e-01 -2.053332399330449198e-01 2.274696084580713762e-01 2.665362584216872932e+01
1.417775387316848423e+01 -2.405239092409319213e+00 -1.403923503366844017e-01 -2.405239092409319213e+00 1.473703342793710291e+01 2.792268173380359375e+00 -1.403923503366844017e-01 2.792268173380359375e+00 1.145552293597407889e+01
-6.935109872711081813e+00 -2.468841193020220093e+00 2.879230500189824404e+00 -2.468841193020220093e+00 -1.346429006203343448e+01 7.607898455019566519e+00 2.879230500189824404e+00 7.607898455019566519e+00 -7.057342756739748424e+00
9.201355416569034773e+00 1.689233470716639332e-02 8.269148167174126485e+00 1.689233470716639332e-02 3.658139611908916322e+01 -3.600492640430745350e+00 8.269148167174126485e+00 -3.600492640430745350e+00 8.549963729615090102e+00
-1.978063558282153878e+01 -1.236297129105057735e+01 -3.190611755660408999e+00 -1.236297129105057735e+01 -3.127616274359204596e+01 -7.824697793635013277e+00 -3.190611755660408999e+00 -7.824697793635013277e+00 -2.269990064654677298e+01
1.797791874872652684e+01 -2.489888219026120009e+00 1.379452111881534648e+01 -2.489888219026120009e+00 2.111100467619203869e+01 -3.647141740132552545e+00 1.379452111881534648e+01 -3.647141740132552545e+00 1.358468185759762470e+01
-1.586160661696334984e+01 -1.318306719858301834e+00 8.692903743716502873e+00 -1.318306719858301834e+00 6.707008499663277945e+00 -3.305448202919763823e+00 8.692903743716502873e+00 -3.305448202919763823e+00 -7.225087008996577964e+00
-1.391891450052366963e+01 -5.759548109959425233e+00 3.155567384494342709e-01 -5.759548109959425233e+00 1.324476984276841796e+00 -4.556721147261045601e+00 3.155567384494342709e-01 -4.556721147261045601e+00 -9.954560166470017180e+00
3.820061242806039647e+00 -3.697718039819219982e-01 -9.609328298743929908e-01 -3.697718039819219982e-01 -6.042294783169283034e-02 2.900169549298884153e+00 -9.609328298743929908e-01 2.900169549298884153e+00 1.209296244004949550e+01
4.151982435311785125e-01 2.572258168055550076e+00 3.942435562713084263e+00 2.572258168055550076e+00 1.348955570508721280e+01 -5.422453187849248124e+00 3.942435562713084263e+00 -5.422453187849248124e+00 -8.973183875407038101e+00
2.079927662290080193e+01 6.127612812854975388e+00 2.820017050443922813e+00 6.127612812854975388e+00 2.097192945802003550e+01 2.808057481872661132e+00 2.820017050443922813e+00 2.808057481872661132e+00 2.025297495834630368e+01
-2.588900005985082231e+01 7.374480866656318412e+00 2.917762270096681210e+00 7.374480866656318412e+00 -1.947011252176635665e+01 -2.440926376207893100e-01 2.917762270096681210e+00 -2.440926376207893100e-01 -1.213653859064627127e+01
3.821053746479871904e+01 -1.276407508799529245e+00 -1.325490362990436921e+01 -1.276407508799529245e+00 -1.403549488258611921e-01 6.255158370107857024e+00 -1.325490362990436921e+01 6.255158370107857024e+00 1.509482778695382699e+01
3.313850981406028495e+01 9.392678690760249083e+00 -1.561943768755093442e+00 9.392678690760249083e+00 3.120885676309753620e+01 -4.422384507148309218e+00 -1.561943768755093442e+00 -4.422384507148309218e+00 1.152016013405078354e+01
-1.229668183968773754e+00 -5.784576419951221737e+00 4.976418319043689031e+00 -5.784576419951221737e+00 5.617579834252535598e+00 4.285493029070273074e+00 4.976418319043689031e+00 4.285493029070273074e+00 -2.218925232353156751e+00
-1.840454501301625712e+01 7.746562112724080684e+00 -4.371136972164852974e-01 7.746562112724080684e+00 1.857629348200021724e+01 -2.222048990031602500e+00 -4.371136972164852974e-01 -2.222048990031602500e+00 -1.173426148145181003e+01
2.177954476398247508e+01 1.364098104077782869e+00 1.663900851232751055e-01 1.364098104077782869e+00 2.044870482638659936e+01 -8.892410770474789672e+00 1.663900851232751055e-01 -8.892410770474789672e+00 1.365596536476234313e+01
5.235708183940239735e+00 3.548968985031600631e+00 1.223537431627688399e+01 3.548968985031600631e+00 3.058633539676121416e+01 -5.353214599537255980e-01 1.223537431627688399e+01 -5.353214599537255980e-01 1.251895785365214664e+01
-1.298957364345415577e+01 -5.459323941068797481e+00 -9.854277203420508391e-01 -5.459323941068797481e+00 1.511561119279550613e+00 6.877911132664630278e-01 -9.854277203420508391e-01 6.877911132664630278e-01 -4.066848062665364694e+00
4.649059709189735656e+01 8.225299523949480829e+00 -3.926358542051372469e-01 8.225299523949480829e+00 4.493484931749885192e+01 -1.185244001491628296e+01 -3.926358542051372469e-01 -1.185244001491628296e+01 2.035255464001225434e+01
-2.294594122927404278e+00 5.278722618526691335e+00 2.077411356805339171e+00 5.278722618526691335e+00 1.124614031496422939e+01 -5.209421265991779570e+00 2.077411356805339171e+00 -5.209421265991779570e+00 6.571370140690894424e+00
2.957567774192836652e+01 4.164802886932749360e+00 5.909584926027962037e-01 4.164802886932749360e+00 2.784241467140282822e+01 -2.956466651917365240e+00 5.909584926027962037e-01 -2.956466651917365240e+00 2.783688435887771462e+01
2.755792225599195788e+01 -3.061656725853802441e-01 1.283140083997896808e-01 -3.061656725853802441e-01 2.792950940747446964e+01 -1.256783996523894276e+00 1.283140083997896808e-01 -1.256783996523894276e+00 1.114824327329257869e+01
3.498709901698764213e+01 -3.355373332454811397e+00 -6.476974918331417364e-01 -3.355373332454811397e+00 3.592246110579160501e+01 -2.480631848034657860e+00 -6.476974918331417364e-01 -2.480631848034657860e+00 3.177343615291332313e+01
-1.364762951180758410e+00 1.959222291993668152e+00 -5.383743674203968155e+00 1.959222291993668152e+00 2.111546723353689003e+01 -1.219858859905412807e+01 -5.383743674203968155e+00 -1.219858859905412807e+01 1.285406918976676849e+01
2.332044499220071998e+01 -3.307391353988198723e+00 -2.573637899300883269e+00 -3.307391353988198723e+00 1.396224094307608077e+01 -8.909479409370346659e-01 -2.573637899300883269e+00 -8.909479409370346659e-01 2.167581741601940948e+01
3.278583086901801380e+01 2.362517488500950780e+00 6.564677782596084477e-01 2.362517488500950780e+00 2.466387763060601301e+01 4.440715448346893801e+00 6.564677782596084477e-01 4.440715448346893801e+00 3.772212086936031028e+01
8.810725906617355108e+00 -3.471548939025916436e+00 9.245215370363465968e-02 -3.471548939025916436e+00 1.389005028755169668e+01 -2.794529639719193881e+00 9.245215370363465968e-02 -2.794529639719193881e+00 9.234758326530512207e+00
3.432135149187081513e+00 -6.882719275046571994e+00 -2.133674425040893929e-04 -6.882719275046571994e+00 -1.831151542828554746e+00 -3.811470310700893371e+00 -2.133674425040893929e-04 -3.811470310700893371e+00 9.151209772491590400e+00
1.672624011033049740e+01 -1.670909686450073039e-01 -1.215983592131786722e-01 -1.670909686450073039e-01 1.024426073974725604e+01 -8.914346874022578415e-01 -1.215983592131786722e-01 -8.914346874022578415e-01 1.005322955673185348e+01
1.352239691301737601e+01 4.927307721974391264e+00 -3.368524659515756414e-01 4.927307721974391264e+00 1.770214797652108274e+01 -1.284671637285073942e+00 -3.368524659515756414e-01 -1.284671637285073942e+00 1.081657906988667328e+01
3.821053746479871904e+01 -1.276407508799529245e+00 -1.325490362990436921e+01 -1.276407508799529245e+00 -1.403549488258611921e-01 6.255158370107857024e+00 -1.325490362990436921e+01 6.255158370107857024e+00 1.509482778695382699e+01
1.920000119519977178e+00 -2.115312804483708842e+00 2.102378896530735730e+00 -2.115312804483708842e+00 1.032662194930189159e+01 3.456561655797937060e+00 2.102378896530735730e+00 3.456561655797937060e+00 8.940201071037028768e+00
5.445909914544973418e+01 5.657971930027959395e+00 -5.853904186502305151e+00 5.657971930027959395e+00 4.853211678121929396e+01 -8.722507787730537032e+00 -5.853904186502305151e+00 -8.722507787730537032e+00 4.159825441846462724e+01
