-5.012984827128069476e+00 -3.664586802251507125e-01 -3.269520486317416985e+00 -3.664586802251507125e-01 -4.210295819212718449e+00 -3.415500268748807411e+00 -3.269520486317416985e+00 -3.415500268748807411e+00 1.300239327849230442e+01
3.991253673434163574e+01 -1.376695094795046259e+01 -4.249845427802516618e-01 -1.376695094795046259e+01 3.050614621184444886e+01 -4.289106565173579355e+00 -4.249845427802516618e-01 -4.289106565173579355e+00 1.417887288035799287e+01
-3.178426214939214400e+00 -1.309046609782631343e+01 4.035002491435332850e+00 -1.309046609782631343e+01 -3.999169784351211732e+00 -1.528772414550218617e+00 4.035002491435332850e+00 -1.528772414550218617e+00 -8.225704160968636103e+00
-2.007677247374038387e+01 -8.195142412123788134e+00 4.642302686287052893e+00 -8.195142412123788134e+00 -1.968911417438784284e+01 -1.477697315439318704e+00 4.642302686287052893e+00 -1.477697315439318704e+00 -1.165063175139742668e+01
-1.199556241756908825e+01 -1.653481105740177481e+00 5.529622549937492693e+00 -1.653481105740177481e+00 -2.755780219411174414e+01 -4.756810765897093951e+00 5.529622549937492693e+00 -4.756810765897093951e+00 6.542260132265365513e+00
-1.280911040318799898e+01 3.937474669236914693e+00 -5.091285897881487443e+00 3.937474669236914693e+00 2.778791214054808112e+00 -6.736181183808365169e+00 -5.091285897881487443e+00 -6.736181183808365169e+00 -1.529696349746291695e+01
4.956792333682065532e+01 -7.966330037438702938e+00 7.580360349101670003e+00 -7.966330037438702938e+00 5.317366939137988879e+01 -8.838564851461522265e-02 7.580360349101670003e+00 -8.838564851461522265e-02 3.070124148722484136e+01
6.231750030789527273e+01 3.841085208035588394e+00 1.400596257890687202e+00 3.841085208035588394e+00 4.909767534089397145e+01 -5.532617760360621695e+00 1.400596257890687202e+00 -5.532617760360621695e+00 3.652929515654497550e+01
1.816090521978413364e+01 1.627573354821934215e+00 1.719781567715086057e+00 1.627573354821934215e+00 2.491802174306154782e+01 1.284611851815790629e-01 1.719781567715086057e+00 1.284611851815790629e-01 6.317702890867601395e-01
3.837076833215238736e+01 -6.564613911849984440e+00 -4.876296569944607029e+00 -6.564613911849984440e+00 2.484067502135384231e+01 -3.975372634506929348e+00 -4.876296569944607029e+00 -3.975372634506929348e+00 3.324116818548631613e+01
2.624840709600472444e+00 -6.198619684062432356e+00 -3.196639275465915642e+00 -6.198619684062432356e+00 -5.557625483932557842e+00 -2.898383941945888775e+00 -3.196639275465915642e+00 -2.898383941945888775e+00 -2.379117559977962149e+00
-2.143531211213105792e+01 7.148864666276784519e+00 -1.192893888054692297e+01 7.148864666276784519e+00 -1.226420333207206426e+01 -4.295029165233931856e+00 -1.192893888054692297e+01 -4.295029165233931856e+00 -1.161680562521306825e+01
-2.737019609897275529e+01 3.293974148277936997e+00 3.193733141022242261e+00 3.293974148277936997e+00 -3.405853421757130661e+01 4.863330563966065667e-01 3.193733141022242261e+00 4.863330563966065667e-01 -3.700500050807312391e+01
-2.742889026888445514e+01 -1.395107890323507860e+01 3.766111363274721846e+00 -1.395107890323507860e+01 -3.970673068450749810e+01 3.709275237723661967e+00 3.766111363274721846e+00 3.709275237723661967e+00 -2.018921025941113356e+01
1.469747176245994780e+01 3.341937240481144045e+00 -6.410072868464981255e+00 3.341937240481144045e+00 1.428040646317885276e+01 -1.083033224248791448e+00 -6.410072868464981255e+00 -1.083033224248791448e+00 -2.811410265259069341e+00
3.343585426201529032e+01 -3.159801574654601097e+00 -3.801458751209602083e-01 -3.159801574654601097e+00 1.670562759119533780e+01 9.637537141157501708e+00 -3.801458751209602083e-01 9.637537141157501708e+00 8.084767014373352989e-01
3.225411625970249929e+01 2.537284255672101363e+00 4.666758227004528248e-01 2.537284255672101363e+00 4.154084137845612901e+01 -3.828842784551841572e+00 4.666758227004528248e-01 -3.828842784551841572e+00 4.084269222621649931e+01
1.981244348417944323e+01 -7.030692623587462720e+00 -1.515200615504794568e+00 -7.030692623587462720e+00 3.036836295048515666e+01 -5.658018846314854855e+00 -1.515200615504794568e+00 -5.658018846314854855e+00 8.275820603261655251e+00
4.936524341116238723e+00 -6.421204083976182808e+00 -4.135463174165266764e+00 -6.421204083976182808e+00 2.091589787764199215e+01 -5.127845209079028299e-01 -4.135463174165266764e+00 -5.127845209079028299e-01 2.101283910129419841e+00
4.393669177586962604e+01 8.081351728027933445e-01 3.086386619726789959e+00 8.081351728027933445e-01 3.205938539207970450e+01 1.556297425174443250e+00 3.086386619726789959e+00 1.556297425174443250e+00 1.081976326220940088e+01
6.388950243173970200e+00 -3.987368140162536267e+00 3.076976001681845041e+00 -3.987368140162536267e+00 5.677230175468768181e+00 1.060047827594935210e+00 3.076976001681845041e+00 1.060047827594935210e+00 -2.937906132661079472e-01
2.569940930639353383e+01 -1.638076393638650652e+00 -9.378532523876730309e-01 -1.638076393638650652e+00 2.786108829344799176e+01 -4.968296121466266868e+00 -9.378532523876730309e-01 -4.968296121466266868e+00 1.437301819875212416e+01
-4.617650840173627702e-01 -4.217463438327426317e+00 1.016504481688637718e+00 -4.217463438327426317e+00 -2.334569894494440412e+00 8.418865942005022696e-01 1.016504481688637718e+00 8.418865942005022696e-01 5.075581265936387254e+00
-2.280972203427396394e+01 -7.263693491311752126e+00 9.730539943001281777e-01 -7.263693491311752126e+00 -2.614816359679620206e+01 -2.768980828460498866e+00 9.730539943001281777e-01 -2.768980828460498866e+00 -9.028046169959438316e-01
3.381194978915480220e+01 6.267220620719733404e+00 6.699498699021573245e+00 6.267220620719733404e+00 3.178710519195393402e+01 3.612339149494013246e-01 6.699498699021573245e+00 3.612339149494013246e-01 7.935680666598284638e+00
3.125265477336953879e+01 -7.715864219307631000e-01 -4.763911154616268462e+00 -7.715864219307631000e-01 1.199758719175184751e+01 -1.812305100443856620e+00 -4.763911154616268462e+00 -1.812305100443856620e+00 9.170006110270367827e+00
3.031871580462605920e+01 2.726305750964500785e+00 -5.297080364323323742e+00 2.726305750964500785e+00 1.923849650354487650e+01 -1.807660327558179514e+00 -5.297080364323323742e+00 -1.807660327558179514e+00 7.513531747053204590e+00
4.416903158559192377e+01 -7.076998184078250098e+00 2.654774472760040194e+00 -7.076998184078250098e+00 3.190709498296547508e+01 1.149537473933582454e+01 2.654774472760040194e+00 1.149537473933582454e+01 1.710426362705951675e+01
4.098803378999473068e+01 -1.342872558079801948e+01 -1.265377709161791708e+00 -1.342872558079801948e+01 4.608145353335817163e+01 -1.998596233447160753e+00 -1.265377709161791708e+00 -1.998596233447160753e+00 3.253276996379964459e+01
2.801077771858386356e+01 4.341270404168478869e+00 -3.012454570916080598e+00 4.341270404168478869e+00 2.113483618173241751e+01 2.566600512693783642e+00 -3.012454570916080598e+00 2.566600512693783642e+00 -5.629634408378848320e+00
1.946020843566958192e+01 -1.351285212321318152e+00 -6.983570224592707376e+00 -1.351285212321318152e+00 1.023695338227777363e+01 5.552243413009644302e-01 -6.983570224592707376e+00 5.552243413009644302e-01 1.764992673414493041e+01
2.577472437879140799e+01 -1.154726843807094339e+00 -3.488321025944567388e+00 -1.154726843807094339e+00 3.987171933990369155e+01 5.684915944929404219e+00 -3.488321025944567388e+00 5.684915944929404219e+00 1.408727838411333622e+01
5.091105067425458763e+00 -5.784941088396650777e+00 4.885524771124427623e-01 -5.784941088396650777e+00 8.439941973115359986e+00 1.968442501312599235e+00 4.885524771124427623e-01 1.968442501312599235e+00 6.988908963108338313e+00
-7.572845609762969943e+00 -8.741420771032693438e+00 8.806104997711562632e+00 -8.741420771032693438e+00 -5.219952708012180587e+00 8.896930127812035849e+00 8.806104997711562632e+00 8.896930127812035849e+00 1.322016944281675377e+00
-1.604627588281429240e+01 -1.251779780005681797e+00 4.138818609848049057e+00 -1.251779780005681797e+00 -2.476000184381676306e+01 -5.587979910571540643e+00 4.138818609848049057e+00 -5.587979910571540643e+00 -1.742475463056229046e+01
-1.632828376679375282e+01 6.068898119499776200e+00 3.363441977522982906e+00 6.068898119499776200e+00 -2.698992477846471338e+00 -2.345612124963833978e+00 3.363441977522982906e+00 -2.345612124963833978e+00 -1.116125493768788957e+01
3.031804626616846576e+01 -2.543048758595102044e+00 -3.244326366494940661e+00 -2.543048758595102044e+00 1.622371861987084785e+01 1.577051749830807204e+00 -3.244326366494940661e+00 1.577051749830807204e+00 1.623455792458105407e+01
3.055706420391199174e+01 -3.902990569826510381e+00 7.111256974433456612e+00 -3.902990569826510381e+00 4.484673501641112381e+01 2.739439817308135794e+00 7.111256974433456612e+00 2.739439817308135794e+00 2.258974113541860262e+01
3.339364509388076385e+01 -4.712488927195832566e+00 -2.557154438412300834e+00 -4.712488927195832566e+00 5.052017244172042609e+01 2.879856027018281583e+00 -2.557154438412300834e+00 2.879856027018281583e+00 2.592108866984439075e+01
-1.410744891222076625e+01 2.723948152690182756e+00 1.069545164489605327e+01 2.723948152690182756e+00 -2.031182719284160854e+01 3.627171273138167784e+00 1.069545164489605327e+01 3.627171273138167784e+00 -1.908636209758576996e+01
6.722399532059291083e+00 -2.562962939880851554e+00 -1.795119393049528167e+00 -2.562962939880851554e+00 -5.368010746421094659e+00 -4.620429385801417155e+00 -1.795119393049528167e+00 -4.620429385801417155e+00 -3.089846156958058288e+01
-6.251910772164689156e+00 4.168598258314396010e-01 -8.706223330472473876e+00 4.168598258314396010e-01 -3.501592819655571232e-01 -8.124034119146067434e-01 -8.706223330472473876e+00 -8.124034119146067434e-01 -9.351324126278305116e+00
2.758078663630936234e+01 9.264514842521382576e+00 5.809401398377795012e+00 9.264514842521382576e+00 2.379158869410692390e+01 1.399328290585930823e+01 5.809401398377795012e+00 1.399328290585930823e+01 2.624894717829476254e-01
3.528764029303020777e+01 -7.235609383730466249e+00 2.471033104765168797e+00 -7.235609383730466249e+00 3.616682301706785552e+01 1.917526727315314483e+00 2.471033104765168797e+00 1.917526727315314483e+00 5.156923345217479415e+00
-1.401304013159372808e+01 5.218327493849997945e-01 6.192938837316688705e+00 5.218327493849997945e-01 -2.482172164025586625e+01 5.437277433969164298e-01 6.192938837316688705e+00 5.437277433969164298e-01 -2.853550173176373050e+01
2.694316698506493779e+01 -8.211189573298833810e-01 1.996409746576925714e+00 -8.211189573298833810e-01 1.978280165182337846e+00 8.481067567876060309e+00 1.996409746576925714e+00 8.481067567876060309e+00 5.478088354287111272e+00
-1.432290210545316178e+01 -2.831118969625752602e+00 8.936591098232606001e+00 -2.831118969625752602e+00 -2.014305449676470161e+01 1.381067100892971133e+00 8.936591098232606001e+00 1.381067100892971133e+00 -9.586084614562787820e+00
4.627383241686780480e+01 5.501744173550967565e-01 1.186877465634503714e+01 5.501744173550967565e-01 4.071841856164436280e+01 2.162068890442738756e+00 1.186877465634503714e+01 2.162068890442738756e+00 1.884189596608944939e+01
-4.354189651558963980e+00 3.701192243171601781e+00 3.917016866474718473e+00 3.701192243171601781e+00 -1.755345505338432810e+00 4.232793495036042408e+00 3.917016866474718473e+00 4.232793495036042408e+00 -5.807936896584037889e+00
3.395934489664985279e+01 -2.013214407490557800e+00 7.505677538248442637e+00 -2.013214407490557800e+00 2.827292221601189226e+01 -8.338627213090800128e-01 7.505677538248442637e+00 -8.338627213090800128e-01 1.619953846290539090e+01
