4.135203109341141214e+01 -1.391390715628844887e+01 -1.328469092410407271e+01 -1.391390715628844887e+01 3.370366409671910901e+01 4.996814357528593931e+00 -1.328469092410407271e+01 4.996814357528593931e+00 2.050144031629328722e+01
4.361512538249201931e+00 7.200519047869789802e+00 7.722433708142675712e+00 7.200519047869789802e+00 1.851133614676548333e+01 -4.557642131264630692e+00 7.722433708142675712e+00 -4.557642131264630692e+00 1.410489256881137088e+01
4.135203109341141214e+01 -1.391390715628844887e+01 -1.328469092410407271e+01 -1.391390715628844887e+01 3.370366409671910901e+01 4.996814357528593931e+00 -1.328469092410407271e+01 4.996814357528593931e+00 2.050144031629328722e+01
1.903151228869402090e+01 -6.139870473358649328e+00 -2.070502705283169487e+00 -6.139870473358649328e+00 2.052891157157907287e+01 -3.427815315515563288e-01 -2.070502705283169487e+00 -3.427815315515563288e-01 2.223507023946059391e+01
1.832067037642022456e+01 -7.792824915992968560e-01 5.624226796086225777e-01 -7.792824915992968560e-01 2.248931704518772534e+01 3.706695569071964069e+00 5.624226796086225777e-01 3.706695569071964069e+00 3.478923245472302028e+01
3.131721108854393254e+00 -5.705270620946497617e-01 1.207947311974205906e+00 -5.705270620946497617e-01 3.575658924726766053e+00 -4.393623293789721274e-01 1.207947311974205906e+00 -4.393623293789721274e-01 3.638819044109114387e+00
3.544423551188159394e+01 7.639132075343052719e+00 -1.001014021467804493e+00 7.639132075343052719e+00 3.534999123597257409e+01 -2.518827819975746340e+00 -1.001014021467804493e+00 -2.518827819975746340e+00 1.810949096898457356e+01
1.030939941996544285e+01 2.528891594004281984e+00 -3.368314832326219088e-01 2.528891594004281984e+00 9.713316095376022474e+00 -4.339302205705297122e-01 -3.368314832326219088e-01 -4.339302205705297122e-01 1.695337315245471999e+01
2.645542812016437750e+01 -7.954240932240387529e+00 -5.155708604414019014e+00 -7.954240932240387529e+00 2.895978797825367224e+01 4.143308147891247906e+00 -5.155708604414019014e+00 4.143308147891247906e+00 2.553194136166783323e+01
1.781345344929528807e+01 -1.452414111755406623e+01 -9.834917694337681482e+00 -1.452414111755406623e+01 2.298957398015954112e+01 -1.021511302444736202e+00 -9.834917694337681482e+00 -1.021511302444736202e+00 -2.683687985067241044e+00
-2.391932822011674986e+01 -4.629812177206241941e+00 7.977963594782987444e-01 -4.629812177206241941e+00 -1.944868104232326544e+01 3.303810773623527375e+00 7.977963594782987444e-01 3.303810773623527375e+00 -1.246861709900921689e+01
4.135203109341141214e+01 -1.391390715628844887e+01 -1.328469092410407271e+01 -1.391390715628844887e+01 3.370366409671910901e+01 4.996814357528593931e+00 -1.328469092410407271e+01 4.996814357528593931e+00 2.050144031629328722e+01
2.953009800383321704e+01 -5.522902233162162666e+00 -7.110032976926102810e-01 -5.522902233162162666e+00 2.653781729977519532e+01 5.468610234789483826e-01 -7.110032976926102810e-01 5.468610234789483826e-01 2.512529312592423736e+01
2.904955362891238124e+00 8.865822855011807890e-01 9.483941545906914294e-01 8.865822855011807890e-01 7.037417737307047005e+00 2.580356523443350647e-01 9.483941545906914294e-01 2.580356523443350647e-01 4.250447159847738909e+00
1.558024717220289368e+01 -6.240700642422197575e+00 -7.876232242051020904e+00 -6.240700642422197575e+00 2.170679995493182091e+01 -3.560950103126703237e+00 -7.876232242051020904e+00 -3.560950103126703237e+00 2.724352242775490396e+01
2.696261113941805831e+01 -5.314388799764165228e+00 5.709633038048045339e-01 -5.314388799764165228e+00 2.204983986734607271e+01 2.087389047085653093e+00 5.709633038048045339e-01 2.087389047085653093e+00 1.665995858835675847e+01
9.436433910739653541e+00 -1.042725180005066532e+00 -8.056920361781911843e-01 -1.042725180005066532e+00 8.440301145860736654e+00 -9.559772285807138781e-01 -8.056920361781911843e-01 -9.559772285807138781e-01 1.039408360346998705e+01
4.914030689416716058e+00 -1.902572258608023592e+00 1.275152641315065782e+00 -1.902572258608023592e+00 4.545728747213780174e+00 -5.172873127843471419e-01 1.275152641315065782e+00 -5.172873127843471419e-01 1.073313362565983731e+01
3.434700230124512643e+01 -7.425913146506851747e-01 4.735623660542854552e+00 -7.425913146506851747e-01 2.541004287618092405e+01 9.293827207789448153e+00 4.735623660542854552e+00 9.293827207789448153e+00 3.496364344023373150e+01
-1.679687395334602584e+01 1.162907173301964470e+01 7.754529593929824216e+00 1.162907173301964470e+01 2.709177104461856000e+00 -2.147574705509973203e+00 7.754529593929824216e+00 -2.147574705509973203e+00 -5.804251207094046627e+00
1.027562185748686296e+01 -3.651069044006970632e+00 2.913822817540451804e-01 -3.651069044006970632e+00 8.336484861128479196e+00 -2.251785167514454011e-01 2.913822817540451804e-01 -2.251785167514454011e-01 1.399453444592020368e+01
1.054663619384484186e+01 -1.211386689410425044e+00 1.607547336986463682e+00 -1.211386689410425044e+00 1.335763118041515263e+01 -1.150360121174459405e+00 1.607547336986463682e+00 -1.150360121174459405e+00 1.069659816249516560e+01
1.430121067433114490e+01 -4.507461935223153304e+00 -2.872218977970722786e+00 -4.507461935223153304e+00 8.377305734436447437e+00 -3.032122623506909309e-01 -2.872218977970722786e+00 -3.032122623506909309e-01 3.224851877651273924e+01
6.987133011162372398e+00 7.472015116705443827e-01 1.054295461279356472e+00 7.472015116705443827e-01 1.221869921586975494e+01 -8.408818339408509202e-01 1.054295461279356472e+00 -8.408818339408509202e-01 5.512452776540780697e+00
2.044248585035559884e+01 -7.419061934656566493e+00 -2.403600082043904962e+00 -7.419061934656566493e+00 2.172548027619486177e+01 -4.332139398118444729e-01 -2.403600082043904962e+00 -4.332139398118444729e-01 2.954067156511961656e+01
5.713856696237263222e+00 -3.997523324019196966e+00 9.778774906883965778e-01 -3.997523324019196966e+00 1.902320945033263655e+00 -3.051212840311173236e-01 9.778774906883965778e-01 -3.051212840311173236e-01 -2.708253468083594129e+00
1.768185714879820836e+01 1.951477775805207537e+00 3.908483719711101312e+00 1.951477775805207537e+00 2.042538734158075542e+01 -2.633037999045875655e+00 3.908483719711101312e+00 -2.633037999045875655e+00 1.613528784160689966e+01
4.351561044943369261e+00 9.803248581385604066e-01 -2.814186261696657532e+00 9.803248581385604066e-01 -2.870885943621124703e+00 5.629658225057483811e+00 -2.814186261696657532e+00 5.629658225057483811e+00 -1.285966437609646906e+00
2.085270566083763200e+01 1.746640608929995064e+00 5.038751845097431570e+00 1.746640608929995064e+00 1.987909262160766488e+01 -3.438648662770314779e+00 5.038751845097431570e+00 -3.438648662770314779e+00 2.569816820378897759e+01
7.973189079521409539e+00 2.610639754533315315e+00 3.558411801782056516e-01 2.610639754533315315e+00 3.374597643427797777e+00 1.900061559114409437e+00 3.558411801782056516e-01 1.900061559114409437e+00 9.636783519567398315e+00
2.944555373985919999e+01 -6.260358168570077986e+00 -2.904724635935922450e+00 -6.260358168570077986e+00 2.323474038457755242e+01 3.492088639233744907e+00 -2.904724635935922450e+00 3.492088639233744907e+00 2.358511947736640479e+01
2.905344310729819135e+00 1.258882204667700178e+00 1.027419052320665660e+00 1.258882204667700178e+00 5.011850000879643829e+00 5.361059572111588345e-01 1.027419052320665660e+00 5.361059572111588345e-01 7.065110145711936518e+00
1.611969203730033229e+01 3.802847630789325084e+00 8.854102806317685648e+00 3.802847630789325084e+00 1.793294309926703178e+01 1.331606975046132124e+00 8.854102806317685648e+00 1.331606975046132124e+00 1.399109579441441120e+01
1.667695740903645785e+01 -2.576013056822614278e+00 1.522699909417849051e+00 -2.576013056822614278e+00 2.313857907739606645e+00 2.668982461718071519e+00 1.522699909417849051e+00 2.668982461718071519e+00 5.570801032224517613e+00
1.700959497152724964e+01 -5.056089309820489319e+00 -2.100954861838661980e+00 -5.056089309820489319e+00 -7.330983193510333784e+00 8.098186270296192646e+00 -2.100954861838661980e+00 8.098186270296192646e+00 1.576598998539876995e+01
3.551256832084610071e+00 7.166476709889391117e+00 7.064711219282444610e+00 7.166476709889391117e+00 4.900623071507555828e+00 7.824331538136040098e-01 7.064711219282444610e+00 7.824331538136040098e-01 1.191706007191951855e+01
6.976261655953419627e+00 -4.352603755711299982e+00 -5.230329972166190444e+00 -4.352603755711299982e+00 1.015771886454244743e+01 -8.614177443585007143e-01 -5.230329972166190444e+00 -8.614177443585007143e-01 1.412084751305221486e+00
7.369676096057665049e+00 -6.268217719371627084e+00 -7.127431575850492251e+00 -6.268217719371627084e+00 2.113898901183732448e+01 -7.315135744444497545e-01 -7.127431575850492251e+00 -7.315135744444497545e-01 2.093026946497187524e+01
-1.461421488327062868e+00 -5.467846710938182309e-01 -9.598418169448236226e-01 -5.467846710938182309e-01 1.205161753297147520e+01 -2.966292625646215431e+00 -9.598418169448236226e-01 -2.966292625646215431e+00 2.019757499639455833e+00
2.086907306263379169e+01 -4.236838413354539479e-01 -3.672320937423640963e+00 -4.236838413354539479e-01 2.734348704387544160e+01 6.879408782149238455e+00 -3.672320937423640963e+00 6.879408782149238455e+00 2.415841968459031364e+01
-2.179414259372797957e+01 -4.627415330735151322e+00 -2.886745953515378882e-01 -4.627415330735151322e+00 -1.862055763889096482e+01 -3.835044755130239680e-01 -2.886745953515378882e-01 -3.835044755130239680e-01 -6.402140464039533185e+00
6.778630949905530834e+00 -1.709263033515767694e-02 -1.492120905301063394e-01 -1.709263033515767694e-02 9.604655226343103536e+00 1.490913653799343930e+00 -1.492120905301063394e-01 1.490913653799343930e+00 1.103331152615511890e+01
1.430697673189505892e+01 -1.997978625182428081e+00 1.228234095756348898e+00 -1.997978625182428081e+00 1.686098527797706126e+01 -4.041518589780700443e-01 1.228234095756348898e+00 -4.041518589780700443e-01 1.464833794056775318e+01
-8.243796634631801012e+00 3.892472832214759038e+00 3.114846000880684418e+00 3.892472832214759038e+00 -2.059548656059544669e+01 -4.830739995302799628e-01 3.114846000880684418e+00 -4.830739995302799628e-01 -1.172053191055900179e+01
9.080605678881153997e-01 5.403002538939695398e+00 3.311406985701045524e+00 5.403002538939695398e+00 5.973884341784782670e+00 -8.504167705490885965e-01 3.311406985701045524e+00 -8.504167705490885965e-01 6.247571080805577326e-01
1.153003582234625668e+01 -2.038850085158064207e+00 5.813241659271890960e+00 -2.038850085158064207e+00 1.641349389018191118e+01 -2.899382226774604110e+00 5.813241659271890960e+00 -2.899382226774604110e+00 1.099662053994640409e+01
1.983926566380631229e+01 -8.149572561227788725e+00 -3.601802439154606628e+00 -8.149572561227788725e+00 2.219933234598907390e+01 1.527951526479051747e+00 -3.601802439154606628e+00 1.527951526479051747e+00 1.899394142635084037e+01
1.262051050035712763e+01 -3.849040429836165345e+00 2.100560827269306596e+00 -3.849040429836165345e+00 8.820066922149992550e+00 6.638060143830337267e+00 2.100560827269306596e+00 6.638060143830337267e+00 1.259637371518334881e+01
4.760159081606618159e+00 -2.826560483083032427e+00 -4.654902663705407506e-01 -2.826560483083032427e+00 1.283065550230262453e+01 -1.361129553570108452e+00 -4.654902663705407506e-01 -1.361129553570108452e+00 3.661637908110039863e+00
3.005461093951176821e+01 2.456806790887335445e+00 1.334655055846012850e+01 2.456806790887335445e+00 -4.460770290186786724e+00 7.162317075341359640e+00 1.334655055846012850e+01 7.162317075341359640e+00 7.762700232109437160e+00
