-1.082017586386449359e+01 -4.381527774333025427e+00 -3.939963403155158361e-01 -4.381527774333025427e+00 7.457195365915831431e+00 -7.114402693037411574e+00 -3.939963403155158361e-01 -7.114402693037411574e+00 3.863486466405090969e+00
-1.347033571940007590e+01 -1.398346082574982274e+00 2.086120746528063563e+00 -1.398346082574982274e+00 -2.262347976530687177e+01 2.765498279710967289e+00 2.086120746528063563e+00 2.765498279710967289e+00 -1.161296034874311367e+01
2.836006825044776392e+01 8.008939477485588654e+00 6.031152172434613767e+00 8.008939477485588654e+00 3.161305775136136376e+01 -2.316702060199213431e+00 6.031152172434613767e+00 -2.316702060199213431e+00 2.713261931148128880e+01
-1.064347350210849807e+00 -6.744439995560431722e-01 3.153794408558317497e-01 -6.744439995560431722e-01 -2.591466825218448733e+00 2.258083027955442024e+00 3.153794408558317497e-01 2.258083027955442024e+00 -2.867491610918774914e+00
1.603716524893555118e+01 -2.938454507892004131e+00 -1.378342222335120271e+00 -2.938454507892004131e+00 1.577560411240474991e+01 2.816522008626193507e+00 -1.378342222335120271e+00 2.816522008626193507e+00 1.524267387082583092e+01
2.122040110928502443e+01 -5.113269682439970376e-01 -2.416975352272278665e-01 -5.113269682439970376e-01 1.527575847297311462e+01 8.764900393052329486e-01 -2.416975352272278665e-01 8.764900393052329486e-01 3.469367916093469262e+01
2.793508760569041183e+00 -5.066515671933731202e-01 -1.100047155934643861e+00 -5.066515671933731202e-01 2.688609671486414499e+00 7.192150867712007178e-01 -1.100047155934643861e+00 7.192150867712007178e-01 1.489781125502078085e+00
-2.278889925927553151e+01 -1.735980533187839958e+00 8.676714507589600167e-01 -1.735980533187839958e+00 -1.313288344452087664e+01 -2.349744098706687101e+00 8.676714507589600167e-01 -2.349744098706687101e+00 -3.401090398877671284e+00
-1.133673751894813542e+01 4.762272147117301291e-01 1.949366384493893323e+00 4.762272147117301291e-01 -1.596044247010844508e+01 1.936145051913436888e+00 1.949366384493893323e+00 1.936145051913436888e+00 -1.348171408147570460e+01
-8.854140012093434819e+00 2.927288609206805781e+00 7.657865366962328668e-01 2.927288609206805781e+00 -1.119669582188577550e+01 2.111070052738335256e-01 7.657865366962328668e-01 2.111070052738335256e-01 -6.457016345019789050e+00
2.183798924992697721e+01 3.931247601195414720e+00 -5.845204955583866990e-01 3.931247601195414720e+00 1.646172999741567367e+01 3.692870085864867757e+00 -5.845204955583866990e-01 3.692870085864867757e+00 3.492322925472585382e+00
-1.864076841845390931e+01 -6.590777583573718346e+00 -4.051260154798072222e+00 -6.590777583573718346e+00 -5.722288038275679334e+00 -4.572410800467093139e+00 -4.051260154798072222e+00 -4.572410800467093139e+00 -1.827213457934066909e+01
1.768157808986035917e+01 3.004071940113711037e+00 -1.353136852632463638e+00 3.004071940113711037e+00 2.150535673208552367e+01 1.334360945615595595e+00 -1.353136852632463638e+00 1.334360945615595595e+00 2.194428072163637111e+01
-8.677184597095303431e+00 1.618761500061157044e+00 2.687989600695519954e+00 1.618761500061157044e+00 -1.304886904958286742e+01 1.792438336405582033e+00 2.687989600695519954e+00 1.792438336405582033e+00 -7.953722230627399803e+00
1.121972955527868265e+01 -8.712276143535344630e+00 -6.661868149459037269e+00 -8.712276143535344630e+00 7.366819675867592565e+00 -7.587660724870439743e-01 -6.661868149459037269e+00 -7.587660724870439743e-01 1.442667228915889588e+01
-3.561705437385612072e+00 1.186003355159443107e+00 1.143164858240750759e+00 1.186003355159443107e+00 -8.625350542741003323e+00 4.626488124204263919e+00 1.143164858240750759e+00 4.626488124204263919e+00 1.878047474548801832e+00
4.699982277315744916e+00 7.794729831330261538e-01 3.847096285932967596e+00 7.794729831330261538e-01 -5.867583796135878771e+00 2.524046905739601332e+00 3.847096285932967596e+00 2.524046905739601332e+00 -1.406588144992291767e+01
3.618844560729775672e+00 -3.150609284127345422e+00 -1.293537560281069032e+00 -3.150609284127345422e+00 1.527703573651808311e+00 5.835425642723364170e-01 -1.293537560281069032e+00 5.835425642723364170e-01 -5.643577196268644292e-01
1.210261999538981215e+01 -1.266950613438604822e+00 -4.655016723718974903e-01 -1.266950613438604822e+00 1.665504890349345146e+01 -6.153718468027929989e-01 -4.655016723718974903e-01 -6.153718468027929989e-01 1.378766264508763051e+01
-2.791423143441786880e-01 -4.809962564814446395e+00 -6.815731532463370712e+00 -4.809962564814446395e+00 -1.381819536902352574e+01 6.845994758576826378e+00 -6.815731532463370712e+00 6.845994758576826378e+00 -7.105899889153893589e+00
-3.422395466170705003e+00 -5.116697636727958631e+00 -4.564881604198716580e+00 -5.116697636727958631e+00 1.595041932547403007e+01 -9.096057896017732958e+00 -4.564881604198716580e+00 -9.096057896017732958e+00 -7.264167017124645298e+00
1.941845592100941431e+01 -1.394924746829735973e+01 -7.167730166317229923e+00 -1.394924746829735973e+01 5.388044518627930657e+00 6.075646376082414868e+00 -7.167730166317229923e+00 6.075646376082414868e+00 9.392689324128193462e+00
-2.157546491172563030e+00 -1.424841358926216994e+00 -2.284204222778556836e+00 -1.424841358926216994e+00 3.575168905028972000e-01 1.334190577129471755e+00 -2.284204222778556836e+00 1.334190577129471755e+00 -2.875483981927107191e+00
9.241105854874912540e-01 9.596443288571140373e-01 -1.659363216563696897e+00 9.596443288571140373e-01 -5.918435459475198890e+00 4.133029682784341574e+00 -1.659363216563696897e+00 4.133029682784341574e+00 1.737140437548971184e+00
-3.883354661714410461e-01 1.528834705867232913e+00 -1.835306790219052075e+00 1.528834705867232913e+00 5.606574942079083773e-02 2.921343309143342726e+00 -1.835306790219052075e+00 2.921343309143342726e+00 -9.126773763407199924e-01
-1.313055674455036836e+01 -7.546417689610018797e+00 3.351041780351782795e-01 -7.546417689610018797e+00 -4.313066266363996704e+01 1.234033645518782762e+01 3.351041780351782795e-01 1.234033645518782762e+01 -1.649573862210010233e+01
2.263121618253727263e+01 -1.197909237037077412e+00 -7.955164653538731034e-01 -1.197909237037077412e+00 2.634535116793860610e+01 -3.458527569048309713e-01 -7.955164653538731034e-01 -3.458527569048309713e-01 1.854765875825600929e+01
-7.691838379232049050e+00 -3.706958510733492584e+00 1.656412653757469933e+00 -3.706958510733492584e+00 -1.442120198830377653e+01 2.712535207914086310e+00 1.656412653757469933e+00 2.712535207914086310e+00 -5.246252477649311352e+00
-2.594056120767573859e+00 5.785864913008468058e+00 1.309336911415910132e+00 5.785864913008468058e+00 1.055546669339857679e+01 -2.469202909156836601e+00 1.309336911415910132e+00 -2.469202909156836601e+00 -5.253589565764072766e+00
-1.396273707524299645e+01 4.178153069745533243e-01 3.400221682884329688e+00 4.178153069745533243e-01 -1.612216045283436117e+01 1.728278523809752221e+00 3.400221682884329688e+00 1.728278523809752221e+00 -1.439130383669957602e+01
2.586644422454017267e+00 -3.634650857948132696e+00 -2.203829569867237659e+00 -3.634650857948132696e+00 2.073458145942800590e-01 8.779251550796388082e-02 -2.203829569867237659e+00 8.779251550796388082e-02 -2.431862385109294866e+00
9.322121271460369840e+00 -4.133233825518296101e+00 -2.296412851852085879e+00 -4.133233825518296101e+00 8.511490604578510144e+00 -5.895848830946540664e-01 -2.296412851852085879e+00 -5.895848830946540664e-01 7.475435006416904393e+00
-2.524878224602044252e+00 -1.411110277621449249e+00 3.270001112549132394e-01 -1.411110277621449249e+00 -1.584010618771033885e+00 -1.370823683121628944e+00 3.270001112549132394e-01 -1.370823683121628944e+00 -6.600346768987116475e-01
2.400657528597872403e+00 -1.045078897515262728e+00 -1.156874864506802103e+00 -1.045078897515262728e+00 1.852308396515928024e+01 -5.613206301399232601e+00 -1.156874864506802103e+00 -5.613206301399232601e+00 3.301378050976265133e+00
9.365807264660757525e+00 -1.883477103836487254e+00 -4.348250356513661430e+00 -1.883477103836487254e+00 1.180075863742128028e+01 -5.302627350357856928e-01 -4.348250356513661430e+00 -5.302627350357856928e-01 8.109944755728507815e+00
-5.575149098608988218e+00 5.089904062150100827e+00 -2.652398040194830386e+00 5.089904062150100827e+00 1.943474224986853827e+01 -6.963056047886867495e-01 -2.652398040194830386e+00 -6.963056047886867495e-01 1.291831407122391617e+01
1.928581691395659092e+01 -7.388477032074673545e+00 -1.111558448923259279e+00 -7.388477032074673545e+00 -3.298382240129268173e+00 6.968813369126484858e+00 -1.111558448923259279e+00 6.968813369126484858e+00 8.780655282032549636e+00
-2.504905326123989528e+00 2.186701720446978303e+00 3.142257947095937198e-01 2.186701720446978303e+00 2.445845587292241330e+00 -1.167065629895091439e+00 3.142257947095937198e-01 -1.167065629895091439e+00 2.518696488925464827e+00
1.402772513415287570e+01 -1.558988025955127865e+00 -1.714511698616582480e+00 -1.558988025955127865e+00 1.641578481437062109e+01 1.722584697197480086e-01 -1.714511698616582480e+00 1.722584697197480086e-01 1.305449410523114651e+01
-3.468123839706133360e+00 5.853383175092091939e+00 2.419439935901336602e-01 5.853383175092091939e+00 -6.553716109200292905e+00 5.953100333143169998e+00 2.419439935901336602e-01 5.953100333143169998e+00 6.258837813667782690e+00
3.921096516263441245e+00 3.846150628455792808e-01 1.587209945255748211e+00 3.846150628455792808e-01 -4.158155288027833296e-01 3.806830335196293102e+00 1.587209945255748211e+00 3.806830335196293102e+00 4.242615675076162884e-01
1.437619612772907018e+01 2.486450939507477198e+00 1.006100128654542791e+00 2.486450939507477198e+00 1.082239912564664408e+01 -2.267306749605414229e+00 1.006100128654542791e+00 -2.267306749605414229e+00 7.352663801885719330e+00
1.087155268476567072e+00 -6.314160220177749139e-01 -7.194152469776793346e-02 -6.314160220177749139e-01 8.762480546491319133e-01 6.498697232175376648e-01 -7.194152469776793346e-02 6.498697232175376648e-01 -1.405662556000440322e+00
-1.890218430306807917e+01 -3.818135387636746980e+00 -1.774082936803340838e+00 -3.818135387636746980e+00 -7.804404565371734215e+00 -4.729188819948942246e+00 -1.774082936803340838e+00 -4.729188819948942246e+00 -1.307708422627053579e+01
-1.264505896301666432e+01 -2.903217674379015900e+00 4.928085827543575714e-01 -2.903217674379015900e+00 -4.324751256494869978e+01 1.116323198331105537e+01 4.928085827543575714e-01 1.116323198331105537e+01 -1.269765174808310704e+01
1.560751904403452173e+01 8.587789443848738991e-01 4.564038777971239913e-01 8.587789443848738991e-01 1.164158521267647295e+01 3.872388526675226039e+00 4.564038777971239913e-01 3.872388526675226039e+00 1.420788585527505710e+01
1.391976852127901454e+00 -8.901384609596412201e-01 4.428114665114436521e-01 -8.901384609596412201e-01 1.186167474414607881e+01 1.589209082279326113e+00 4.428114665114436521e-01 1.589209082279326113e+00 -4.552582589843709115e+00
4.244068891250820208e+00 1.689473030568054313e+00 2.225672555807703290e+00 1.689473030568054313e+00 -2.327053786854239359e+00 4.889881174264492092e-01 2.225672555807703290e+00 4.889881174264492092e-01 1.686612663604787121e+00
2.438376447977653516e+00 1.165733221921079421e+00 2.085300388003500149e+00 1.165733221921079421e+00 -1.393479562839278429e+01 3.441678629320525928e+00 2.085300388003500149e+00 3.441678629320525928e+00 1.860226312204093402e+00
-5.054342719682027862e+00 1.140726068428280948e+00 7.185355193160350984e-01 1.140726068428280948e+00 2.575431561927270518e+00 -6.824360680366613474e-01 7.185355193160350984e-01 -6.824360680366613474e-01 1.374979034317265647e+00
