-1.697985750296978225e+01 3.934281602830584923e+00 -1.485486729686260610e+00 3.934281602830584923e+00 -1.090999270337662708e+01 3.527556589833899636e+00 -1.485486729686260610e+00 3.527556589833899636e+00 -1.922040630519914695e+00
2.540983002532641066e+01 1.442452614568928260e+00 -2.688083834557288831e+00 1.442452614568928260e+00 1.656886963091293552e+01 7.061373049064562757e+00 -2.688083834557288831e+00 7.061373049064562757e+00 7.543371027836325737e+00
2.286032497031097677e+00 6.046118410366166929e-01 -4.455662502534955216e+00 6.046118410366166929e-01 8.328786501670920828e+00 5.888261225575845970e+00 -4.455662502534955216e+00 5.888261225575845970e+00 9.341355980370570578e+00
7.008377892114192598e+00 4.062204764718426730e+00 -8.595516857743776828e-01 4.062204764718426730e+00 1.529052743634828815e+01 -1.318136326683766235e+00 -8.595516857743776828e-01 -1.318136326683766235e+00 -2.530486548519778722e+01
-4.914910344827696065e+00 2.252565401594480432e-01 2.601948903346315678e+00 2.252565401594480432e-01 -9.989878390043907430e+00 4.490100082285814587e+00 2.601948903346315678e+00 4.490100082285814587e+00 -1.030429788868349306e+01
7.662302645401108947e+00 2.521111219855014962e+00 -3.991195083155069323e+00 2.521111219855014962e+00 7.676645323018512990e+00 8.261637138217411191e+00 -3.991195083155069323e+00 8.261637138217411191e+00 3.450110804624545580e+01
-2.727022196403112275e+01 -9.279328037283427477e+00 -3.322060681780691471e+00 -9.279328037283427477e+00 -2.179882235990587347e+01 -7.417419593310482506e-01 -3.322060681780691471e+00 -7.417419593310482506e-01 -1.056040741230134117e+01
7.662302645401108947e+00 2.521111219855014962e+00 -3.991195083155069323e+00 2.521111219855014962e+00 7.676645323018512990e+00 8.261637138217411191e+00 -3.991195083155069323e+00 8.261637138217411191e+00 3.450110804624545580e+01
-1.282149107054346970e+01 -2.832196095583467521e+00 1.105530357134598962e-01 -2.832196095583467521e+00 -1.169266181656306891e+01 -1.959976454729601691e-01 1.105530357134598962e-01 -1.959976454729601691e-01 -9.435687929909228444e+00
-1.217982297059517549e+00 -6.043932906372064373e+00 -5.702752923424682763e+00 -6.043932906372064373e+00 6.548575055702295700e+00 -7.363722434780990422e-01 -5.702752923424682763e+00 -7.363722434780990422e-01 1.067128780079362471e+01
1.619754499492324840e+01 1.388576747561797831e+01 7.830431683466319903e+00 1.388576747561797831e+01 1.771328259691162899e+01 2.037990444204790919e+00 7.830431683466319903e+00 2.037990444204790919e+00 -1.654602727580378030e+01
6.914816078565627855e+00 -2.352328685257747409e+00 -8.982212973936488654e-01 -2.352328685257747409e+00 1.562639610008480595e+01 2.290803226635621748e+00 -8.982212973936488654e-01 2.290803226635621748e+00 -6.098933891166554710e-01
-2.088493616312623402e+01 -1.388568495830817984e+00 9.605657819628298233e-01 -1.388568495830817984e+00 -2.885602603232387864e+01 1.119971577220618020e+00 9.605657819628298233e-01 1.119971577220618020e+00 -2.172042440325327561e+00
-1.224025646227780051e+01 -1.111872418346121627e+01 -5.306066928792722237e+00 -1.111872418346121627e+01 -2.022691786100817790e+00 3.251708744480997559e+00 -5.306066928792722237e+00 3.251708744480997559e+00 -7.236398787031165902e+00
5.915089764392089222e+00 -4.023379663144114993e+00 -2.020887999252899636e+00 -4.023379663144114993e+00 1.593268523498610811e+01 -4.143041655451992433e+00 -2.020887999252899636e+00 -4.143041655451992433e+00 -1.523378220062242505e+01
4.554769989895209648e+00 7.497554033951693064e+00 4.248514384195423155e+00 7.497554033951693064e+00 7.584772250346385469e+00 -1.184108104348452262e+00 4.248514384195423155e+00 -1.184108104348452262e+00 4.501675037687865810e+00
7.656443844602303983e+00 -5.303215075162033720e+00 -1.956140600980150968e+00 -5.303215075162033720e+00 2.347663081074352842e+00 1.579059855695929881e+00 -1.956140600980150968e+00 1.579059855695929881e+00 -2.170406504528827085e+01
1.081970121745619240e+00 2.327942895308731774e+00 3.408654906802970785e+00 2.327942895308731774e+00 -7.275893347454593041e+00 1.147438799229747453e-01 3.408654906802970785e+00 1.147438799229747453e-01 1.154875263592475498e+01
-2.449967981617963630e+01 -4.328582847210736162e+00 6.036364940062581841e-01 -4.328582847210736162e+00 -1.538860761531236321e+01 -2.427405255324381450e+00 6.036364940062581841e-01 -2.427405255324381450e+00 -2.090874819215640557e+01
2.417899044931971275e+00 -6.526141511639051096e+00 -1.684604203154075108e+00 -6.526141511639051096e+00 2.476084938207305797e+01 -5.584353879115535157e+00 -1.684604203154075108e+00 -5.584353879115535157e+00 1.019953080146808055e+01
-4.998286484624353543e-01 -1.129031023433020975e+00 2.365718684302319241e-01 -1.129031023433020975e+00 -5.524502258942427524e+00 2.076478916213072790e+00 2.365718684302319241e-01 2.076478916213072790e+00 -8.828456384919981303e+00
3.310658594318939496e+00 -5.634442627022120398e+00 -4.061295509115282698e+00 -5.634442627022120398e+00 1.567144822278333649e+01 1.111923538397846967e+00 -4.061295509115282698e+00 1.111923538397846967e+00 -8.977518682963355756e-01
-4.538465361573281953e+00 -3.850100249658334306e+00 1.208046575547813584e+00 -3.850100249658334306e+00 3.196246654783462926e+00 -1.480563689835798780e+00 1.208046575547813584e+00 -1.480563689835798780e+00 -1.581894640418859943e+01
-1.717367306034850927e+01 -9.504607844394442395e+00 -3.008636845300329377e+00 -9.504607844394442395e+00 -1.413351232377366529e+01 5.716041851002797713e+00 -3.008636845300329377e+00 5.716041851002797713e+00 -8.135021904733568121e+00
-1.577161206567803298e+01 -2.442486936749368454e+00 -2.063945714756203476e+00 -2.442486936749368454e+00 -5.715890564346722158e+00 4.176251097842261784e-01 -2.063945714756203476e+00 4.176251097842261784e-01 -6.409395262556739858e+00
-1.878613493698298242e+01 9.381904071265015910e-01 -3.887986038224919838e+00 9.381904071265015910e-01 -8.522524570316003079e+00 1.004033755260760108e+00 -3.887986038224919838e+00 1.004033755260760108e+00 -7.433298389983404419e+00
6.570041759031066242e+00 -1.153948263811620079e+00 -2.542861924497868298e+00 -1.153948263811620079e+00 6.137354212560801159e+00 -1.079181641253141753e-04 -2.542861924497868298e+00 -1.079181641253141753e-04 2.494275789329960968e+00
1.267230226446754093e+00 -9.085337254012412211e-01 1.767978690149253795e+00 -9.085337254012412211e-01 -2.234822491007983469e+00 -3.760312158829290929e-01 1.767978690149253795e+00 -3.760312158829290929e-01 1.252647976958589204e+01
-5.693280520447592252e+00 -7.987097934154718804e-01 2.051814556144311297e+00 -7.987097934154718804e-01 -9.024853741329874168e+00 1.978805428789136289e-01 2.051814556144311297e+00 1.978805428789136289e-01 7.417376654790194479e+00
2.257180568489497219e+01 4.804110584971938436e-01 4.305554435570954630e-01 4.804110584971938436e-01 1.793725963342663832e+01 -4.609592325659519041e+00 4.305554435570954630e-01 -4.609592325659519041e+00 9.220751020487854888e+00
1.029434493389231697e+01 -3.526949065510674775e+00 -1.466867826059522928e+00 -3.526949065510674775e+00 -5.946354250626582960e+00 1.209827933497877517e+01 -1.466867826059522928e+00 1.209827933497877517e+01 1.251063933507364334e+00
-1.756762559180375760e+01 -8.639498876397020410e+00 -6.038784356146361887e+00 -8.639498876397020410e+00 -1.647456127475667387e+01 5.762021197092234814e+00 -6.038784356146361887e+00 5.762021197092234814e+00 -8.570215754493755611e+00
-1.233034173903022790e+01 -3.576500509856336940e+00 2.370732527879747753e+00 -3.576500509856336940e+00 -7.165175756020113695e+00 2.201858620156285085e+00 2.370732527879747753e+00 2.201858620156285085e+00 -1.130317883792946176e+01
-2.291134622573395774e+01 1.556650660276839071e+00 2.526216217517502027e+00 1.556650660276839071e+00 -1.865736653150597135e+01 1.479725078627898593e+00 2.526216217517502027e+00 1.479725078627898593e+00 -3.086672890454999774e+01
-2.241061930124170587e+01 -4.918221318651445628e+00 -4.028711162123136624e+00 -4.918221318651445628e+00 -2.434112649750442969e+01 5.042312316382184356e+00 -4.028711162123136624e+00 5.042312316382184356e+00 -5.584951019304362774e+00
-1.518060873805594291e+01 -1.189517592389246259e+00 1.730538721703390737e-01 -1.189517592389246259e+00 -1.125653497139902548e+01 -9.310654068511573511e-01 1.730538721703390737e-01 -9.310654068511573511e-01 -2.000230249446258313e+01
-2.065726953940853761e-01 2.787371625415510756e+00 6.134490487109071744e+00 2.787371625415510756e+00 2.729131171620789331e+00 7.546996384410542547e+00 6.134490487109071744e+00 7.546996384410542547e+00 1.494445596768098206e+01
-2.660299766596419602e+01 -6.976456258499346141e+00 2.313333642916125310e+00 -6.976456258499346141e+00 -6.841984979677273593e+00 -4.312265784343842334e+00 2.313333642916125310e+00 -4.312265784343842334e+00 -1.809018341121101514e+01
5.853190203926158297e+00 9.332830748829213263e+00 1.602539082267312454e+00 9.332830748829213263e+00 7.273431599603732423e+00 4.188023136013371506e+00 1.602539082267312454e+00 4.188023136013371506e+00 -6.821320330302082624e+00
1.058882771126247846e+01 5.584179366194402583e+00 2.171097020738431915e+00 5.584179366194402583e+00 1.776967455403695695e+01 3.052080004765929555e+00 2.171097020738431915e+00 3.052080004765929555e+00 -3.463847360143603726e-01
-9.235953830426554267e-01 -7.105572281553883762e+00 -1.251757995751842767e+00 -7.105572281553883762e+00 -8.127236029748111434e+00 -1.940968712617456293e-01 -1.251757995751842767e+00 -1.940968712617456293e-01 1.567946103348188913e+01
-1.974396681454154701e+00 -4.877864449385846957e-01 2.335290399346207746e+00 -4.877864449385846957e-01 -5.677510903433807821e-01 1.091600206126335681e+00 2.335290399346207746e+00 1.091600206126335681e+00 -4.597785591194654686e-01
-1.798507582320188902e+01 -3.155122634480415300e+00 -3.877293150869164096e-02 -3.155122634480415300e+00 -1.332519313606238498e+01 -3.827515674489296860e+00 -3.877293150869164096e-02 -3.827515674489296860e+00 -1.252089416889829643e+01
1.108865351461576232e+01 -8.850000698560142709e+00 -5.274334258211665016e+00 -8.850000698560142709e+00 1.836590537503335563e+00 4.427047560888789590e+00 -5.274334258211665016e+00 4.427047560888789590e+00 2.329895903298720228e+01
1.393775337430216643e+00 -4.266415150285273739e-01 -4.524172721041620271e+00 -4.266415150285273739e-01 7.293156035606805254e+00 5.320298978814103741e+00 -4.524172721041620271e+00 5.320298978814103741e+00 1.387812935377108303e+01
1.035058818552186821e+01 1.816618033482485295e+00 5.694976155190998313e+00 1.816618033482485295e+00 7.045389329146483526e+00 -2.691501522396250401e+00 5.694976155190998313e+00 -2.691501522396250401e+00 1.160465317453980738e+01
-1.364209676238414382e+01 -4.050423251274160918e+00 -8.001816282897088684e+00 -4.050423251274160918e+00 -1.720699046882686289e+01 5.572944354957165558e+00 -8.001816282897088684e+00 5.572944354957165558e+00 -2.257630646968672394e+01
-2.478259075723403981e+01 -2.949578771098259722e+00 -6.559774802588347331e-02 -2.949578771098259722e+00 -1.573254312702332669e+01 -2.887577597822148512e+00 -6.559774802588347331e-02 -2.887577597822148512e+00 -3.071043893129148472e+01
-3.051079802190707113e+01 -4.899546086102065878e+00 -2.350590856348990787e+00 -4.899546086102065878e+00 -2.148873235816478555e+01 1.901694164655632679e+00 -2.350590856348990787e+00 1.901694164655632679e+00 -2.603602296325480570e+00
-1.440795306589373936e+01 2.145267701555864104e+00 1.039118039094249824e+00 2.145267701555864104e+00 -8.947411584510135185e+00 -7.114950082762971917e-01 1.039118039094249824e+00 -7.114950082762971917e-01 -2.012431590507717516e+01
