8.765668687258607150e+00 3.759218797622319475e+00 -3.448377998062714944e+00 3.759218797622319475e+00 -3.665778186304330166e+00 5.999717197270652669e+00 -3.448377998062714944e+00 5.999717197270652669e+00 -5.418944295738588934e+00
1.443228453095922070e+00 1.192213678286265344e+00 5.583512242333543263e+00 1.192213678286265344e+00 4.300434674414528757e+00 1.142708417611482297e+01 5.583512242333543263e+00 1.142708417611482297e+01 -8.533836529327890830e+00
-2.443195567026144932e+00 9.539372508084739133e-01 2.003665988480142435e+00 9.539372508084739133e-01 4.911259672605407189e+00 -2.901498040991833616e+00 2.003665988480142435e+00 -2.901498040991833616e+00 3.304459940651947392e+01
-5.703513918042760977e+00 -9.206197410030837247e+00 -7.916316796817129742e+00 -9.206197410030837247e+00 6.750629639005949478e+00 -7.130991958860549929e+00 -7.916316796817129742e+00 -7.130991958860549929e+00 3.866185381010047273e+00
1.572840268777023987e+01 -2.039321052708114590e-01 9.215076132970148493e+00 -2.039321052708114590e-01 2.313995129469021528e+00 2.717286144240391277e+00 9.215076132970148493e+00 2.717286144240391277e+00 -8.440646241416070339e+00
5.246648122455776608e+00 -5.514743079335439724e+00 1.166875693473214515e+00 -5.514743079335439724e+00 1.861141939525027045e+00 7.298611746352229979e+00 1.166875693473214515e+00 7.298611746352229979e+00 3.039351433883935272e+01
3.432210484207214307e+01 -1.427229887012492071e+01 3.147200449340807449e+00 -1.427229887012492071e+01 2.715855251341319132e+01 -1.233315501268191383e+01 3.147200449340807449e+00 -1.233315501268191383e+01 -1.584864381559117241e+00
2.456123985694394918e+01 -2.055944277448418234e-01 8.282843866786466336e+00 -2.055944277448418234e-01 1.264291808457783617e+01 2.188631214055035024e+00 8.282843866786466336e+00 2.188631214055035024e+00 2.356449913100080096e+01
-1.429063399906916487e+01 8.281605989570374859e+00 5.189386170936158393e+00 8.281605989570374859e+00 -2.735246506976476422e+00 1.129151973802358988e+00 5.189386170936158393e+00 1.129151973802358988e+00 3.452485039008325884e+01
-1.281087885308523866e+01 -6.014424741060035551e+00 4.781954347515825710e+00 -6.014424741060035551e+00 -1.712782629636445009e+01 -7.389802109437092703e+00 4.781954347515825710e+00 -7.389802109437092703e+00 6.485078355899956293e+00
-1.924729270333676823e+01 5.443881877126098834e-01 4.441569950738550432e+00 5.443881877126098834e-01 -7.248984719154931256e+00 6.537141806431880919e-01 4.441569950738550432e+00 6.537141806431880919e-01 -2.118167993810550342e+01
2.943598780196315801e+01 -5.135396403432318513e-01 8.859479217826645936e+00 -5.135396403432318513e-01 2.178371572434280523e+01 1.437191526436530364e-01 8.859479217826645936e+00 1.437191526436530364e-01 -6.521030697493446660e+00
-2.374955875476817635e+00 2.209483750618921771e+00 -3.535687677678179153e+00 2.209483750618921771e+00 -2.144136975419002056e+00 9.257552274396123326e-02 -3.535687677678179153e+00 9.257552274396123326e-02 1.402340963700613941e+01
-3.893559263518918456e+00 -5.609829949454443465e-01 6.096385761964774330e-01 -5.609829949454443465e-01 1.180439482940157703e+01 -6.198467897699860174e+00 6.096385761964774330e-01 -6.198467897699860174e+00 -6.785058361222534806e+00
5.294382054231163703e-01 1.476459203003129828e+00 -1.038217236293436230e+01 1.476459203003129828e+00 -2.677046296992298835e+01 -2.532268834175118499e+00 -1.038217236293436230e+01 -2.532268834175118499e+00 2.338664221575767499e+01
-6.713623613291444414e+00 -1.513541207265475919e+01 8.596092131803855452e+00 -1.513541207265475919e+01 3.649598236752491509e+00 2.126978417205676486e+00 8.596092131803855452e+00 2.126978417205676486e+00 2.813073777990863888e+01
-2.095043421457033705e+00 1.650481139458805924e+00 -3.222411335256809117e+00 1.650481139458805924e+00 8.698363090405363707e+00 -3.426629162610000390e-01 -3.222411335256809117e+00 -3.426629162610000390e-01 -2.232478742442250308e+00
1.203700007355566903e+01 -2.028974846318999159e+00 1.072332660806929105e+01 -2.028974846318999159e+00 1.703185443935588239e+01 -9.243974001782465644e-01 1.072332660806929105e+01 -9.243974001782465644e-01 1.934882883633578388e+01
8.825723347537838492e+00 9.694785673461796094e+00 8.974998099279011043e+00 9.694785673461796094e+00 -4.594571014431926836e-01 1.169561297539220446e+00 8.974998099279011043e+00 1.169561297539220446e+00 1.796469646753176885e+00
6.087296842543794106e+00 3.784055827817625950e+00 -2.056304448828539577e+00 3.784055827817625950e+00 2.138436641422087092e+01 -1.130602819879702015e+00 -2.056304448828539577e+00 -1.130602819879702015e+00 2.426825395120133422e+01
2.576815420234177534e+00 7.295379456745384239e+00 4.348858877190737160e-01 7.295379456745384239e+00 1.011140571914048891e+01 1.278073435380354717e+01 4.348858877190737160e-01 1.278073435380354717e+01 -6.138683008170509048e+00
-1.817956004804776171e+01 -8.581155980931888250e-01 -2.352088606514440572e-01 -8.581155980931888250e-01 -3.766585796710142375e+00 9.374354317795011937e+00 -2.352088606514440572e-01 9.374354317795011937e+00 2.544355093062255690e+01
-1.984081997131362485e+01 -6.408706353732714689e+00 -1.599803998947575190e+00 -6.408706353732714689e+00 -7.807942583656863889e+00 -1.538635171297420522e-02 -1.599803998947575190e+00 -1.538635171297420522e-02 2.770618245235852584e+01
1.232614759463485399e+01 9.566696229375779126e+00 5.435965647963746150e+00 9.566696229375779126e+00 2.325452109483480001e+01 7.584952075895756707e+00 5.435965647963746150e+00 7.584952075895756707e+00 -2.489086100459200424e+00
4.955933474446885256e-01 9.554134985366275146e+00 -1.561098664572641237e+00 9.554134985366275146e+00 2.107391770775354445e+01 3.218384692830202898e+00 -1.561098664572641237e+00 3.218384692830202898e+00 -2.058065672413901126e+01
9.125666196112868889e+00 7.453106664333803089e+00 -2.833377111361988110e+00 7.453106664333803089e+00 1.799927755677629193e+01 -1.253316480345113559e+00 -2.833377111361988110e+00 -1.253316480345113559e+00 6.139035775342335910e+00
1.786814909028356713e+00 -1.210406054980520096e+01 5.283754500768150564e+00 -1.210406054980520096e+01 2.117340176779590877e+01 -6.822340777843860948e+00 5.283754500768150564e+00 -6.822340777843860948e+00 2.466867382059497871e+01
-7.431712992880707525e+00 9.048959974072827706e+00 3.585816036978878962e+00 9.048959974072827706e+00 -1.575449692415850400e+01 6.492073553433487909e+00 3.585816036978878962e+00 6.492073553433487909e+00 -1.832084645007961043e+01
1.766588705743734877e+01 -3.617675969418198800e+00 -7.297625727348743041e+00 -3.617675969418198800e+00 3.095202788284780482e+01 -1.141069287396206056e+00 -7.297625727348743041e+00 -1.141069287396206056e+00 1.845528596646180830e+01
-4.772604880701695196e-01 -3.864431806074374975e+00 3.765517671367134334e+00 -3.864431806074374975e+00 -6.444412252668559660e+00 -3.865471490789814446e+00 3.765517671367134334e+00 -3.865471490789814446e+00 9.309885036708156036e+00
2.963851309531831291e+00 3.093139815497414791e+00 3.454164164616403965e-01 3.093139815497414791e+00 5.559707845539277216e+00 -3.263702632267986736e+00 3.454164164616403965e-01 -3.263702632267986736e+00 2.847312918159794393e+01
2.240428585749012669e+01 -4.217793520511816219e+00 4.894215042440274388e+00 -4.217793520511816219e+00 1.060278432641786495e+01 2.152369615568405337e+00 4.894215042440274388e+00 2.152369615568405337e+00 -2.633043324075309854e+01
-7.985337714054899783e-01 -2.563467931303730740e+00 -8.247928864392605419e+00 -2.563467931303730740e+00 5.733961216376916248e+00 -3.537577541508405421e+00 -8.247928864392605419e+00 -3.537577541508405421e+00 3.788616097210750322e+00
2.696742664366911413e+01 -3.281037504900601753e+00 -6.932499933688013094e+00 -3.281037504900601753e+00 4.958419773481628212e+00 4.418140787787200985e+00 -6.932499933688013094e+00 4.418140787787200985e+00 -2.384417628568429848e+01
-2.007929986569645830e+00 1.407563308986253814e+00 5.260531165658979269e+00 1.407563308986253814e+00 -1.180749557557658314e+01 2.997105020482436988e+00 5.260531165658979269e+00 2.997105020482436988e+00 -8.930112591891903762e+00
9.010733300689183212e-01 7.476344227001250786e+00 7.796563547297786556e+00 7.476344227001250786e+00 2.841037725664680824e+00 1.603618881792661099e+00 7.796563547297786556e+00 1.603618881792661099e+00 8.336846169303692378e+00
-3.866679366650149774e-01 -1.230294633252607106e+01 -7.284942168231602899e+00 -1.230294633252607106e+01 1.022992766446384216e+01 3.996275013103504747e+00 -7.284942168231602899e+00 3.996275013103504747e+00 2.383818799967155755e+01
9.719669655122780583e+00 4.272802267934910248e+00 -7.236940220020681380e+00 4.272802267934910248e+00 9.224183678733492542e+00 1.713499016512317619e+00 -7.236940220020681380e+00 1.713499016512317619e+00 -4.322027498295768488e+00
6.175385284191873936e+00 -2.333387721030436346e+00 -9.792103395647478337e+00 -2.333387721030436346e+00 -1.192367399999158639e+00 5.525313353009171813e+00 -9.792103395647478337e+00 5.525313353009171813e+00 3.837697151720259114e+01
-2.582721798780152067e+00 7.231690085993083272e+00 -3.278211980992739250e+00 7.231690085993083272e+00 -1.314778920737646395e+01 4.648383364536291751e+00 -3.278211980992739250e+00 4.648383364536291751e+00 -9.105428535059045814e+00
-9.946706976568414404e+00 -3.170139863979108963e+00 -1.550742629522695593e+00 -3.170139863979108963e+00 -2.417115779221382965e+01 -7.419519332584529892e+00 -1.550742629522695593e+00 -7.419519332584529892e+00 3.360777439338239247e+01
1.459115383431816149e+01 4.754326205793617532e+00 4.146840678990865392e+00 4.754326205793617532e+00 7.350669110234240300e+00 1.474133613357636596e+00 4.146840678990865392e+00 1.474133613357636596e+00 1.131943971933002935e+01
-1.284253175015733994e+01 9.643466349394810289e-01 -1.960357793754436972e+00 9.643466349394810289e-01 4.706315095093325795e-01 -9.853163156753563801e-02 -1.960357793754436972e+00 -9.853163156753563801e-02 6.423943062730651521e-01
-9.779178770062197046e+00 3.344752233051246026e+00 -5.112669257292743019e+00 3.344752233051246026e+00 9.139395496071719194e+00 7.379700314297002350e+00 -5.112669257292743019e+00 7.379700314297002350e+00 -2.080683542557481402e+01
3.005925568711075258e+01 1.677715963525551857e+01 -3.873834198529650497e+00 1.677715963525551857e+01 1.415635789996432692e+01 -2.385181103747984199e+00 -3.873834198529650497e+00 -2.385181103747984199e+00 -1.293689372089435530e+01
3.586975325491265920e+01 -1.167646606023605038e+00 1.304071226747052137e+01 -1.167646606023605038e+00 2.267959167060572412e+01 2.045560400287319780e+00 1.304071226747052137e+01 2.045560400287319780e+00 -1.803025391247430065e+01
2.289272689696232277e+01 -4.749229812149144081e+00 -7.493667250601731666e+00 -4.749229812149144081e+00 2.298169778181891587e+01 1.796685363588621298e+00 -7.493667250601731666e+00 1.796685363588621298e+00 -1.447199507015196174e+00
1.074803517308191303e+01 -1.106083922613102510e+00 -2.164539609060801340e+00 -1.106083922613102510e+00 2.118959107486853100e+01 -1.051552401680074578e+00 -2.164539609060801340e+00 -1.051552401680074578e+00 1.463600445919751891e+01
4.460080374424698846e+00 4.522011961798275692e+00 -5.916639902742942603e+00 4.522011961798275692e+00 -5.519878673094474664e+00 -6.071879431724882537e+00 -5.916639902742942603e+00 -6.071879431724882537e+00 2.513714545698786296e+01
-1.984847248007219989e+01 -3.012944699472276167e+00 -3.038025636606968671e+00 -3.012944699472276167e+00 -3.252605575487510237e+01 3.248863798916707513e+00 -3.038025636606968671e+00 3.248863798916707513e+00 -2.000031281432987385e+01
