-2.778825228636233646e+01 -2.894266818399982455e+00 3.649730140057569461e+00 -2.894266818399982455e+00 -1.717932598739171013e+01 5.335099686272224417e-01 3.649730140057569461e+00 5.335099686272224417e-01 -2.226767633057849949e+01
-4.350185590377593781e-01 2.593523518829533026e-01 -2.861945375607788100e-06 2.593523518829533026e-01 -3.130361508495290934e+00 1.430972687803893965e-05 -2.861945375607788100e-06 1.430972687803893965e-05 1.990056578874250803e+00
-1.358878685204530479e+00 -2.037272070179948713e+00 -8.886161361741087283e-01 -2.037272070179948713e+00 9.353400945911946707e+00 -1.986927625194216285e+00 -8.886161361741087283e-01 -1.986927625194216285e+00 1.402402307919415891e+00
-4.350185590377593781e-01 2.593523518829533026e-01 -2.861945375607788100e-06 2.593523518829533026e-01 -3.130361508495290934e+00 1.430972687803893965e-05 -2.861945375607788100e-06 1.430972687803893965e-05 1.990056578874250803e+00
-2.711558169969522325e+01 2.247948178621023807e+00 -4.272788523212675216e+00 2.247948178621023807e+00 -3.156792422517125019e+01 1.258951561043829270e-01 -4.272788523212675216e+00 1.258951561043829270e-01 -1.772634385087057041e+01
-3.497490564675386793e+01 8.733874080019704778e+00 -3.856555848730253810e+00 8.733874080019704778e+00 -2.224130149383575272e+01 -7.115980082531280226e-01 -3.856555848730253810e+00 -7.115980082531280226e-01 -1.834808109147945032e+01
-1.894031381474204778e+01 -5.434486819911639177e-01 1.128219638806658764e+00 -5.434486819911639177e-01 -2.258215831590507605e+01 -4.145049541238877699e-01 1.128219638806658764e+00 -4.145049541238877699e-01 -1.464105926674696434e+01
-9.076728337193626928e-01 -5.035079810816057710e-01 -3.309870076191827160e+00 -5.035079810816057710e-01 1.112370221827419137e+01 -1.500447753870670198e+00 -3.309870076191827160e+00 -1.500447753870670198e+00 9.639756478271477746e+00
-1.374514527835835587e+01 -2.796896090737245100e+00 -3.222619351876685467e+00 -2.796896090737245100e+00 -2.036057958574399862e+01 -3.542748521588203747e+00 -3.222619351876685467e+00 -3.542748521588203747e+00 -1.079519532287682893e+01
1.228826062873078273e+00 1.028981844415527469e+01 -1.463365958352174090e+00 1.028981844415527469e+01 -5.322629023333507625e+00 5.138941475146387106e+00 -1.463365958352174090e+00 5.138941475146387106e+00 -5.165384100451737126e+00
-2.069846973788371258e+01 -1.146449902493222206e+00 3.601264012929514813e+00 -1.146449902493222206e+00 -1.724669009188658819e+01 2.709702289910635109e+00 3.601264012929514813e+00 2.709702289910635109e+00 -1.647262182339474279e+01
-7.063924535695301543e+00 -1.420436222070614596e+00 -3.231595887099925513e+00 -1.420436222070614596e+00 -1.044490597174517177e+01 -6.646498233249527043e-01 -3.231595887099925513e+00 -6.646498233249527043e-01 -1.911358232581678251e+01
-1.889201029409098354e+01 -3.750114277842311328e+00 -1.661309716718724294e+00 -3.750114277842311328e+00 -2.024761910503622175e+01 -1.761921177850471476e-01 -1.661309716718724294e+00 -1.761921177850471476e-01 -6.492388413988154916e+00
-1.973350523957017799e+01 -2.431192307966376642e+00 4.117458431023083953e+00 -2.431192307966376642e+00 -2.673791576696829253e+01 -1.103393248296823115e-01 4.117458431023083953e+00 -1.103393248296823115e-01 -5.722009217684198568e+00
-7.391252770068822642e+00 -4.327310685815926483e+00 2.295771791084882663e-01 -4.327310685815926483e+00 1.150881354416097757e+01 -1.058918143794617794e+00 2.295771791084882663e-01 -1.058918143794617794e+00 4.978686672846479588e-01
-3.198337199044154033e+01 2.483699904024486926e+00 -4.431489523908918926e+00 2.483699904024486926e+00 -2.676960451857440759e+01 3.114096026210058987e+00 -4.431489523908918926e+00 3.114096026210058987e+00 -2.665716643865061641e+01
-4.325255437129759351e+00 -4.749144096979206253e+00 -4.774450128036941132e-01 -4.749144096979206253e+00 4.873836301017006711e+00 -3.946985441094461589e-01 -4.774450128036941132e-01 -3.946985441094461589e-01 -4.126851871032261698e+00
-4.350185590377593781e-01 2.593523518829533026e-01 -2.861945375607788100e-06 2.593523518829533026e-01 -3.130361508495290934e+00 1.430972687803893965e-05 -2.861945375607788100e-06 1.430972687803893965e-05 1.990056578874250803e+00
5.122096140826850608e+00 -1.659372674514497881e+00 -4.958488576376208989e+00 -1.659372674514497881e+00 1.108351258967556419e+01 7.612041922838957975e-01 -4.958488576376208989e+00 7.612041922838957975e-01 -2.995577847357233203e+00
-3.667141819484403698e+01 -5.401194020619144887e+00 -7.410430057459221231e+00 -5.401194020619144887e+00 -3.187721700346624942e+01 -2.686677475404538828e+00 -7.410430057459221231e+00 -2.686677475404538828e+00 -2.098688123988302578e+01
-3.378641641070196933e-01 -3.901323519887834212e+00 1.295080441240314295e+00 -3.901323519887834212e+00 -1.424013199489146331e+01 1.903127901726809013e+00 1.295080441240314295e+00 1.903127901726809013e+00 1.785271122133092447e+01
-4.350185590377593781e-01 2.593523518829533026e-01 -2.861945375607788100e-06 2.593523518829533026e-01 -3.130361508495290934e+00 1.430972687803893965e-05 -2.861945375607788100e-06 1.430972687803893965e-05 1.990056578874250803e+00
-4.504707678001875593e+01 4.395304260454320655e+00 8.232712548587228341e+00 4.395304260454320655e+00 -3.122665892753170880e+01 3.970181518969715828e+00 8.232712548587228341e+00 3.970181518969715828e+00 -3.387496104882770709e+01
-1.257862463615982751e+00 -2.979880993762164199e+00 6.937785975357138923e+00 -2.979880993762164199e+00 -9.800865263117117365e+00 5.152672775405720884e+00 6.937785975357138923e+00 5.152672775405720884e+00 -7.415363587239712118e+00
-4.350185590377593781e-01 2.593523518829533026e-01 -2.861945375607788100e-06 2.593523518829533026e-01 -3.130361508495290934e+00 1.430972687803893965e-05 -2.861945375607788100e-06 1.430972687803893965e-05 1.990056578874250803e+00
-3.440791410208540668e+01 2.562597290928295024e+00 1.853217989074788630e+00 2.562597290928295024e+00 -3.128679839832072673e+01 4.880935052063041013e+00 1.853217989074788630e+00 4.880935052063041013e+00 -1.819329654539355090e+01
-2.399365178027488099e+01 -1.110970204258812188e+01 1.784029054257974867e+00 -1.110970204258812188e+01 -5.128659825639980241e+00 2.256228218091696824e+00 1.784029054257974867e+00 2.256228218091696824e+00 -1.061312731239207352e+01
7.933773122318986459e+00 9.446320844642698278e-01 6.449260574988032735e-01 9.446320844642698278e-01 3.970687196967841448e+00 2.878096565291743403e-01 6.449260574988032735e-01 2.878096565291743403e-01 3.398470608655535408e+00
-2.635155367410602167e+01 3.746371987084401667e+00 -3.237840573876312744e-01 3.746371987084401667e+00 -2.236274443918227561e+01 2.442035161356339024e-01 -3.237840573876312744e-01 2.442035161356339024e-01 -1.603183574927606614e+01
-4.350185590377593781e-01 2.593523518829533026e-01 -2.861945375607788100e-06 2.593523518829533026e-01 -3.130361508495290934e+00 1.430972687803893965e-05 -2.861945375607788100e-06 1.430972687803893965e-05 1.990056578874250803e+00
-8.254270088279818118e-01 8.238525818280403867e-02 -2.881757434297834153e-01 8.238525818280403867e-02 5.459050536538239129e+00 3.925122598403941176e-01 -2.881757434297834153e-01 3.925122598403941176e-01 -3.302626938802599277e+00
1.580205516210681838e+00 1.076273189150384280e+00 -1.534956058452715766e+00 1.076273189150384280e+00 -5.868381220621006200e+00 4.584739062436788415e-01 -1.534956058452715766e+00 4.584739062436788415e-01 -1.035283592602381297e+01
-3.159382814450970400e+01 1.005628358625344276e+00 -5.036290629352726533e-01 1.005628358625344276e+00 -2.329798753267087363e+01 -6.004762773520940788e-01 -5.036290629352726533e-01 -6.004762773520940788e-01 -1.932023382749301987e+01
-2.144831669391262707e+01 6.566619489543195076e-01 6.181143211131304716e-01 6.566619489543195076e-01 -1.754250317234146550e+01 -6.445430721497960036e+00 6.181143211131304716e-01 -6.445430721497960036e+00 1.355518939600317196e+01
1.904163656581193687e+00 2.052623983171459443e+00 4.957764149238381990e-02 2.052623983171459443e+00 6.568084870716791812e+00 -1.222434446559991006e+00 4.957764149238381990e-02 -1.222434446559991006e+00 -3.712707009226917432e+00
-2.107322172565201934e-01 -7.704905722758415898e+00 4.083057100237021508e+00 -7.704905722758415898e+00 -4.210352409832646359e+00 5.113603135266622246e+00 4.083057100237021508e+00 5.113603135266622246e+00 8.863649999073212271e+00
1.328438328265380974e+01 -5.962013044658131200e+00 3.519830854374134343e+00 -5.962013044658131200e+00 1.231491332159208518e+01 -2.560027789644150342e+00 3.519830854374134343e+00 -2.560027789644150342e+00 2.284987357982426914e+01
4.657075231115795688e+00 -6.046998995629527585e+00 1.457377944406760717e+00 -6.046998995629527585e+00 6.434761103077669020e+00 -3.572685287847898294e+00 1.457377944406760717e+00 -3.572685287847898294e+00 1.074300834219565637e+01
-2.119227345857202494e+01 4.774386604214155838e+00 8.297142460514320694e-01 4.774386604214155838e+00 -1.979444065567502520e+01 1.756840947076715009e+00 8.297142460514320694e-01 1.756840947076715009e+00 -1.938864688374776435e+01
-1.596103068430387850e+01 6.373849118845986261e+00 -1.521572626759726488e+00 6.373849118845986261e+00 -1.893957785656955650e+01 6.547985976425025889e-01 -1.521572626759726488e+00 6.547985976425025889e-01 -1.187502244590753087e+01
2.939777033870368150e+00 -1.004214501706347296e+00 3.067516084255952791e+00 -1.004214501706347296e+00 5.689996913087154162e+00 -1.323491793238601000e+00 3.067516084255952791e+00 -1.323491793238601000e+00 8.952400915799831438e+00
-3.583258178953084183e+01 -4.251230684487351752e+00 2.582572679751873324e+00 -4.251230684487351752e+00 -2.994492935323929572e+01 1.097664108279404527e+00 2.582572679751873324e+00 1.097664108279404527e+00 -2.300409778312620901e+01
-3.148270579707177674e+01 -2.185104350902383530e+00 -2.918032857129138069e-01 -2.185104350902383530e+00 -3.157241604902791110e+01 4.855089008455074073e-01 -2.918032857129138069e-01 4.855089008455074073e-01 -2.027732712789983793e+01
-2.503596376114109390e+01 2.490814664798859379e+00 -1.067583626283312270e+00 2.490814664798859379e+00 -3.200777827485697458e+01 1.800589176900281085e+00 -1.067583626283312270e+00 1.800589176900281085e+00 -8.052313110898456472e+00
-2.326996063422554784e+01 3.516047027465408537e+00 -4.406527910888459409e+00 3.516047027465408537e+00 -1.638515654122967646e+01 1.707902772013348391e+00 -4.406527910888459409e+00 1.707902772013348391e+00 -1.187082535166531017e+01
1.792002136728595474e+01 -1.006338881660361784e+00 5.815932323218569344e+00 -1.006338881660361784e+00 -7.228715763437597808e+00 3.259793237854585968e+00 5.815932323218569344e+00 3.259793237854585968e+00 6.563468782145516656e+00
-4.350185590377593781e-01 2.593523518829533026e-01 -2.861945375607788100e-06 2.593523518829533026e-01 -3.130361508495290934e+00 1.430972687803893965e-05 -2.861945375607788100e-06 1.430972687803893965e-05 1.990056578874250803e+00
-4.350185590377593781e-01 2.593523518829533026e-01 -2.861945375607788100e-06 2.593523518829533026e-01 -3.130361508495290934e+00 1.430972687803893965e-05 -2.861945375607788100e-06 1.430972687803893965e-05 1.990056578874250803e+00
-4.076168064691576376e+01 4.418605692605788171e+00 -1.280898292751779001e-02 4.418605692605788171e+00 -4.302662872192149024e+01 2.260424530362758588e+00 -1.280898292751779001e-02 2.260424530362758588e+00 -1.291074612435404223e+00
-2.335333049342013823e+01 -7.159136686549777195e+00 -3.279325994371127262e+00 -7.159136686549777195e+00 -2.875430292801306820e+01 -2.862916847615233351e+00 -3.279325994371127262e+00 -2.862916847615233351e+00 -2.424382972044446660e+01
