1.184767419420063028e+01 -4.860386418662204555e+00 3.758445976166101765e+00 -4.860386418662204555e+00 1.835241787818603587e+00 3.583052126760014833e+00 3.758445976166101765e+00 3.583052126760014833e+00 -2.242022674760537182e+00
-6.141826140718887217e+00 1.004490166141712937e+00 -1.513918498514581268e+00 1.004490166141712937e+00 -4.714115151094556144e-01 -1.691912325594406630e+00 -1.513918498514581268e+00 -1.691912325594406630e+00 -7.514954230503948729e+00
-3.684179121128903667e+00 -1.192568166123667783e+00 1.082297291364895164e+00 -1.192568166123667783e+00 4.244767450123552166e-01 2.106000901318446861e+00 1.082297291364895164e+00 2.106000901318446861e+00 -8.359951095164473989e-01
5.660635171472091720e+00 7.500320709017000986e+00 -3.704756028597658624e+00 7.500320709017000986e+00 2.671333682671953813e+00 2.589770925735189966e+00 -3.704756028597658624e+00 2.589770925735189966e+00 -3.396745014535476503e+00
3.451676516769136338e+00 2.544882244516508241e+00 3.361335948082329050e+00 2.544882244516508241e+00 -3.986858726245258833e+00 1.952163409800420135e+00 3.361335948082329050e+00 1.952163409800420135e+00 1.167504006695814311e+01
-5.115486863255085392e-01 5.352160434174687564e-01 1.314612372574495369e+00 5.352160434174687564e-01 3.620295588442435264e+00 -1.743934964589651360e+00 1.314612372574495369e+00 -1.743934964589651360e+00 -1.045459748867214067e+01
3.337401887290456504e-01 -6.443952147878008851e+00 -3.122844023469922181e+00 -6.443952147878008851e+00 -3.291287104050775625e+00 3.172412168631978613e+00 -3.122844023469922181e+00 3.172412168631978613e+00 -1.392597344201358611e+00
-7.339079192537462326e+00 -9.948259908567197440e-01 5.622777037259692356e+00 -9.948259908567197440e-01 -2.273900377424712360e+01 -3.375842128154390220e+00 5.622777037259692356e+00 -3.375842128154390220e+00 -1.376159902617323105e+01
1.742557419518557182e+01 1.562991624257081380e+00 -3.430908770184712409e-01 1.562991624257081380e+00 8.736427703805881961e+00 -6.017325851388362068e-01 -3.430908770184712409e-01 -6.017325851388362068e-01 1.476766593828404517e+01
2.259146281127328137e+01 -4.412019138404003726e+00 5.833995665396563446e+00 -4.412019138404003726e+00 6.187675442152348992e+00 3.270431507953969863e+00 5.833995665396563446e+00 3.270431507953969863e+00 1.017106402560338196e+01
-7.498427294298928847e-02 4.740339809885600886e+00 2.004721413101077765e+00 4.740339809885600886e+00 -1.035484843798713683e+01 2.029105687176600004e+00 2.004721413101077765e+00 2.029105687176600004e+00 -7.821380976551610686e+00
-1.159726588306090100e+01 5.223674656734377031e+00 5.119344422513642634e+00 5.223674656734377031e+00 -4.210872737793906140e+00 -3.520602822536198051e+00 5.119344422513642634e+00 -3.520602822536198051e+00 9.427135675866326281e+00
-1.012635792628370002e+00 -1.362292879161004944e+00 -1.101884107922935119e+00 -1.362292879161004944e+00 -1.327264870237787164e+00 1.705813177197473163e+00 -1.101884107922935119e+00 1.705813177197473163e+00 -4.973095739467627396e+00
-1.703239814663809781e+01 -2.844693968379628846e+00 2.154543372263531875e+00 -2.844693968379628846e+00 -2.343146277459103999e+01 2.964435821350611455e+00 2.154543372263531875e+00 2.964435821350611455e+00 -1.015309898550456325e+01
-9.846596915801317351e+00 4.729932334588692555e+00 4.683388551184390458e+00 4.729932334588692555e+00 -6.690903775792105268e-01 -2.891279001662628301e-01 4.683388551184390458e+00 -2.891279001662628301e-01 -7.964331062016995588e+00
-1.490844287332814666e+01 -6.622802162180554397e-01 4.370716630531774172e+00 -6.622802162180554397e-01 1.285001847592572410e+00 -1.722258758701622483e+00 4.370716630531774172e+00 -1.722258758701622483e+00 -1.101484723554285772e+01
-3.066777794252599332e+00 -5.914303056967541217e+00 -1.424892440315798536e+00 -5.914303056967541217e+00 -8.496039402985445577e+00 -1.646863472715650145e+00 -1.424892440315798536e+00 -1.646863472715650145e+00 -2.187460204570138345e+01
-2.328022150085342634e+00 -1.124812669149436450e+00 -1.367730139833656100e+00 -1.124812669149436450e+00 -7.648818062392923167e+00 5.281739649664442204e+00 -1.367730139833656100e+00 5.281739649664442204e+00 -2.057195440055049840e+00
-2.607508341524469309e+00 1.276797551686532861e+00 -1.659007121592178002e+00 1.276797551686532861e+00 -2.764278370311322508e+00 -1.227412626606924073e+00 -1.659007121592178002e+00 -1.227412626606924073e+00 -5.294979392273143404e+00
-1.398985122002606651e+01 7.319507916934880676e+00 2.843318141611248961e+00 7.319507916934880676e+00 -2.349291185749591726e+00 -1.179701146751383212e-01 2.843318141611248961e+00 -1.179701146751383212e-01 -6.852500723097656454e+00
-6.177954754159094897e+00 8.696142414487921357e+00 -1.378750962647625533e+00 8.696142414487921357e+00 -2.710261129274356140e+00 2.074371630540424949e+00 -1.378750962647625533e+00 2.074371630540424949e+00 8.490696647171713352e+00
4.740913340454952163e+00 1.256939348933120426e+00 -1.654003437995661407e+00 1.256939348933120426e+00 1.906709303820712798e+00 -2.817394357001277716e-01 -1.654003437995661407e+00 -2.817394357001277716e-01 2.625653130153715153e+00
-2.142416864223734763e+01 -7.186905049334638140e-02 -1.515074805805646463e+00 -7.186905049334638140e-02 -7.947443044839399562e+00 3.552469365571234161e-02 -1.515074805805646463e+00 3.552469365571234161e-02 -2.354239271213080542e+01
5.225599125472524697e+00 4.861565393783746081e-01 -4.585666791820145249e+00 4.861565393783746081e-01 -5.876615411752805329e+00 5.710850203253020396e+00 -4.585666791820145249e+00 5.710850203253020396e+00 6.127243789215408576e+00
-5.268082128427085564e+00 4.373684760604471755e+00 3.116576481960970479e+00 4.373684760604471755e+00 -1.485905604315503403e+01 -4.823443090464937022e+00 3.116576481960970479e+00 -4.823443090464937022e+00 -6.593237211036556467e+00
7.909856283626469420e+00 -1.001261514323661839e+00 3.251729092157780610e+00 -1.001261514323661839e+00 7.179853516779536093e+00 -3.587125343006302369e+00 3.251729092157780610e+00 -3.587125343006302369e+00 5.487268993973867026e+00
4.740080802314636799e+00 -5.568655705583044346e-01 -3.892961094138489120e+00 -5.568655705583044346e-01 5.113606868321278753e+00 4.753236873725046330e+00 -3.892961094138489120e+00 4.753236873725046330e+00 1.048390566208503927e+01
-8.874869210553759658e+00 2.183215947750011043e+00 -5.722202400339381434e+00 2.183215947750011043e+00 4.156591106014198012e+00 6.928755532647436211e-02 -5.722202400339381434e+00 6.928755532647436211e-02 2.250139975528470782e+00
2.354500741290211252e+00 -1.004308497078144491e+01 -6.783489007986577057e+00 -1.004308497078144491e+01 7.407217662350675802e+00 1.835245331589985263e+00 -6.783489007986577057e+00 1.835245331589985263e+00 3.454004976028302920e+00
-9.232134343652760311e-01 -1.044413904108242797e+01 2.288457573326469596e+00 -1.044413904108242797e+01 -4.642290887766276519e+00 3.025500763452428021e+00 2.288457573326469596e+00 3.025500763452428021e+00 1.800872231751956543e+00
-1.724824806376343000e-01 5.616810940727507528e+00 1.586502149496658909e+00 5.616810940727507528e+00 -1.172466452919163338e+01 -9.874716250501137660e-01 1.586502149496658909e+00 -9.874716250501137660e-01 -3.455819797846519936e+00
-4.258160881745562953e+00 -3.115516002981716603e+00 -2.718285299312238390e+00 -3.115516002981716603e+00 -1.194621329832448886e+01 2.357975185916757477e-01 -2.718285299312238390e+00 2.357975185916757477e-01 -9.759444845571939808e+00
-2.157022572975632713e+00 8.974128973233810314e-01 -1.570421383659849957e+00 8.974128973233810314e-01 -6.540958084660040139e-01 -1.066233876796570890e+00 -1.570421383659849957e+00 -1.066233876796570890e+00 -3.861479117882638534e-01
-3.686156281415624569e+00 -1.779979022466229521e+00 2.705595242159870156e-02 -1.779979022466229521e+00 -9.701188743191090369e-01 1.993429844351619629e+00 2.705595242159870156e-02 1.993429844351619629e+00 -2.903197371251220016e+00
3.492684008445562149e+00 3.389093388086131142e+00 -7.071659712845762558e-01 3.389093388086131142e+00 6.613716242993400440e-01 -7.389374992729169644e-01 -7.071659712845762558e-01 -7.389374992729169644e-01 4.077671749824621550e+00
-3.600675711757225006e+00 2.940188462319814455e+00 -1.044286449832382058e+00 2.940188462319814455e+00 -1.525282682990474425e+00 -2.118623345273438652e+00 -1.044286449832382058e+00 -2.118623345273438652e+00 -5.711278097391778275e+00
1.032382233750589684e+00 -6.788129555728529496e+00 -1.559118850459122241e+00 -6.788129555728529496e+00 -2.476625596653786232e+00 5.544910252597705203e+00 -1.559118850459122241e+00 5.544910252597705203e+00 -1.127862924481110696e+01
1.497399436818337704e-02 -1.912796800336381997e+00 -9.222252437207114628e-01 -1.912796800336381997e+00 -2.418207136771971300e+00 -1.163991452734435272e+00 -9.222252437207114628e-01 -1.163991452734435272e+00 -1.358494935731652475e+00
1.638385756008906924e+01 1.537579922061321547e+00 -1.644786240150071022e+00 1.537579922061321547e+00 9.797035703429497033e+00 -5.411229079102658490e-01 -1.644786240150071022e+00 -5.411229079102658490e-01 1.118901663841649885e+01
1.850460007793090611e+00 -8.332024689941236462e-01 -6.617846035844714869e+00 -8.332024689941236462e-01 1.348135925916607825e+01 1.696073085657298973e+00 -6.617846035844714869e+00 1.696073085657298973e+00 2.721611401915033923e+01
1.844225868937935431e+01 -8.562818867352071095e+00 3.937893808092677972e+00 -8.562818867352071095e+00 3.581998859333626051e+00 -2.094719132704647990e-01 3.937893808092677972e+00 -2.094719132704647990e-01 1.641319678337514532e+01
-4.937472724716371331e-02 -5.273789196981658378e+00 5.851803093169731795e-01 -5.273789196981658378e+00 3.814188172514659136e+00 -5.552225051888653340e+00 5.851803093169731795e-01 -5.552225051888653340e+00 1.996021413795214139e+00
1.316701235258129765e-01 4.978790154656926426e+00 -6.409545600470801796e-01 4.978790154656926426e+00 2.268916060982236971e+00 -6.678107412989374436e-03 -6.409545600470801796e-01 -6.678107412989374436e-03 1.601329403059614243e-01
2.132640662565840017e+01 -7.367174888121822640e+00 1.128366640873597282e+00 -7.367174888121822640e+00 4.568411976691362675e+00 -6.106879449929485837e+00 1.128366640873597282e+00 -6.106879449929485837e+00 2.208070533588493589e+01
5.889640543157235175e-01 8.358044842523175422e-02 -1.799758593052983136e+00 8.358044842523175422e-02 -3.960359271161695727e+00 -8.899871600459947629e-01 -1.799758593052983136e+00 -8.899871600459947629e-01 -3.767137886665600899e+00
-2.449074500284575517e+00 1.561049460790022402e-02 -3.834944441154742867e-01 1.561049460790022402e-02 -1.920360710260356762e-01 2.546075043967134466e+00 -3.834944441154742867e-01 2.546075043967134466e+00 3.550733923442027373e-02
8.433234417510151459e+00 -1.023865047506024584e-01 -2.040422395461976013e+00 -1.023865047506024584e-01 2.970142813645328950e+00 4.491414053570843556e+00 -2.040422395461976013e+00 4.491414053570843556e+00 1.480708950467106177e+01
-1.376110164476228803e+01 -7.962641653651556517e+00 -6.831330715938874754e+00 -7.962641653651556517e+00 -1.166456029918448856e+01 -5.767841682869391917e+00 -6.831330715938874754e+00 -5.767841682869391917e+00 -4.019169825223433357e+00
-8.540298265310958925e+00 -8.022201290488863989e+00 -4.331349932681924031e+00 -8.022201290488863989e+00 5.279804757159469730e+00 1.146249634032509457e+00 -4.331349932681924031e+00 1.146249634032509457e+00 1.054700766995890682e+01
1.384232107671329004e+01 -1.004241158044053561e+00 -2.296087939187290594e+00 -1.004241158044053561e+00 8.351172723107085361e+00 -8.397874143131739411e-01 -2.296087939187290594e+00 -8.397874143131739411e-01 6.714252736749485528e+00
