3.064015835661093234e+01 -3.793595525409046432e-02 -5.093297626714517357e+00 -3.793595525409046432e-02 2.211077229996326921e+01 -2.209673992479864513e+00 -5.093297626714517357e+00 -2.209673992479864513e+00 1.187258751448529281e+01
-2.594939532618752409e+01 -2.739082993171666924e+00 2.745835480770311587e+00 -2.739082993171666924e+00 -6.610777122025910835e+00 -3.154050884994118675e+00 2.745835480770311587e+00 -3.154050884994118675e+00 1.614485611046881175e+01
7.486578262264397488e+00 1.226030405266289369e+00 -1.135470362133788935e+00 1.226030405266289369e+00 -1.776137542073163100e+00 2.469757491863283416e+00 -1.135470362133788935e+00 2.469757491863283416e+00 -4.438519861538573252e+00
1.830268368650086330e+01 -1.027478067030488385e+00 -1.046404539936994782e+00 -1.027478067030488385e+00 1.881111194946941012e+01 1.897567273952236899e+00 -1.046404539936994782e+00 1.897567273952236899e+00 3.149480922106671077e+00
-2.404046812172972558e+00 7.041375722150753358e-01 -1.110826683627877642e+01 7.041375722150753358e-01 -3.135181005898462381e+00 6.805709449674360867e-01 -1.110826683627877642e+01 6.805709449674360867e-01 4.049729476166995745e+00
7.717396278134570409e+00 1.270493985788976876e-01 8.337403647669576756e-01 1.270493985788976876e-01 7.235410950624013182e+00 9.617067771621461425e-01 8.337403647669576756e-01 9.617067771621461425e-01 -1.376666991706382015e-01
6.294792126886933659e+01 -8.345879220231514850e+00 6.423131620285766452e+00 -8.345879220231514850e+00 5.624761669760697913e+01 1.318643541894489291e+00 6.423131620285766452e+00 1.318643541894489291e+00 3.892535536747770664e+01
1.442598935220565259e+01 1.959384700949577729e+00 -4.710268951555059758e+00 1.959384700949577729e+00 -2.088400114050259049e+00 -8.787518785445165292e-01 -4.710268951555059758e+00 -8.787518785445165292e-01 2.984862826727934793e-01
4.098195773632325967e+01 1.573793095901015793e+00 -4.728737994397038236e+00 1.573793095901015793e+00 4.006830677655128881e+01 -1.593810431750622314e+00 -4.728737994397038236e+00 -1.593810431750622314e+00 1.828566404424532266e+01
2.688484046375466718e+01 -4.137495584407466787e+00 -1.584192931150224970e+00 -4.137495584407466787e+00 1.438640886156262333e+01 2.763758515291707241e+00 -1.584192931150224970e+00 2.763758515291707241e+00 -4.294310634398712523e+00
8.969323141848189351e+00 2.518416976782718919e+00 -6.139620150407452570e+00 2.518416976782718919e+00 1.147740419790372890e+01 -6.345755895718191431e-01 -6.139620150407452570e+00 -6.345755895718191431e-01 -4.552526749950329688e+00
1.478527607262883947e+01 -1.426624248650727012e+00 -5.614403564010039815e-01 -1.426624248650727012e+00 1.265386817547745935e+01 -3.442428620727351896e-01 -5.614403564010039815e-01 -3.442428620727351896e-01 3.859368803279119575e+00
3.222058803098762780e+01 1.171744673196446707e+00 1.977370202895933682e+00 1.171744673196446707e+00 2.450951721832026919e+01 2.396714834012269701e+00 1.977370202895933682e+00 2.396714834012269701e+00 3.217771945808394207e+01
4.028557140087634281e+01 -4.226554258072342307e+00 1.154985355730555341e+01 -4.226554258072342307e+00 4.729626566211244665e+01 -3.840507401294964041e+00 1.154985355730555341e+01 -3.840507401294964041e+00 2.694675017923057325e+01
2.017073385380657058e+01 -4.886872657557328026e+00 -3.843820931864175172e+00 -4.886872657557328026e+00 2.100558383623035041e+01 1.945671490951224047e+00 -3.843820931864175172e+00 1.945671490951224047e+00 3.049013362750614409e+00
3.420865650492634558e+01 -3.260847371107395087e+00 1.034916311666322386e+01 -3.260847371107395087e+00 2.169618548753683740e+01 -4.469520280370634424e+00 1.034916311666322386e+01 -4.469520280370634424e+00 2.806581428247283938e+01
2.150191518616469111e+01 6.143327488985426577e+00 4.403216961493636283e+00 6.143327488985426577e+00 1.648991063405909330e+01 2.998193912205993517e+00 4.403216961493636283e+00 2.998193912205993517e+00 -4.165880396729668256e+00
6.030940941842655612e+00 -4.025943794705433731e+00 6.670947850701065995e+00 -4.025943794705433731e+00 8.205042060964337081e-01 -7.946252465810549337e-01 6.670947850701065995e+00 -7.946252465810549337e-01 -8.365980720273410998e-02
-9.428516822657666552e+00 -3.339196330947138969e-02 -8.005488296915274304e+00 -3.339196330947138969e-02 -1.617956901076482490e+00 2.749936235538994911e+00 -8.005488296915274304e+00 2.749936235538994911e+00 -1.065847567098849069e+01
4.179127406134045231e+01 -6.031634180204754614e+00 -9.270724203282805220e+00 -6.031634180204754614e+00 4.239059749469776506e+01 2.027305193746280487e+00 -9.270724203282805220e+00 2.027305193746280487e+00 1.422555246949201724e+01
1.092642244521510086e+01 -1.027822859394746935e+00 1.031971885829283764e+01 -1.027822859394746935e+00 5.534093732479318239e-01 -3.476948259290779664e+00 1.031971885829283764e+01 -3.476948259290779664e+00 -9.258577925680071985e+00
2.041917620731617689e+01 2.818282864562118739e+00 6.141306413976256984e+00 2.818282864562118739e+00 2.071413338327376508e+01 6.621076482688200704e-01 6.141306413976256984e+00 6.621076482688200704e-01 2.142525223285258740e+00
2.087999902858498302e+01 -5.477325813192398307e+00 6.962851033818801660e+00 -5.477325813192398307e+00 2.583375043513375857e+01 -1.327855529769546017e+00 6.962851033818801660e+00 -1.327855529769546017e+00 2.808251139147555975e+00
7.949619632427622484e+00 -8.044422740419340911e+00 -4.841586634045682125e+00 -8.044422740419340911e+00 -5.475552002506781868e+00 3.150327610790552679e+00 -4.841586634045682125e+00 3.150327610790552679e+00 -8.116266257176960153e+00
2.456292218725173981e+01 6.819140316373077049e+00 8.821005117530658524e+00 6.819140316373077049e+00 2.092473311231850275e+01 -4.870630476187247204e+00 8.821005117530658524e+00 -4.870630476187247204e+00 1.201231037421785075e+01
2.292207049492839843e+01 7.566262320773573968e+00 -1.068720063723873848e+00 7.566262320773573968e+00 1.667990628693057076e+01 -1.426426433081626977e+00 -1.068720063723873848e+00 -1.426426433081626977e+00 7.355982306317124575e+00
3.075171123034485987e+01 1.949519825964049768e-01 4.500503978777530278e-01 1.949519825964049768e-01 2.498423582787453157e+01 -7.346236535666451906e-02 4.500503978777530278e-01 -7.346236535666451906e-02 1.897336480951377879e+01
3.297432346259435154e-01 -6.022029350649631407e-01 6.814360905912684174e+00 -6.022029350649631407e-01 -1.074420451687991607e+00 1.425755194654565239e+00 6.814360905912684174e+00 1.425755194654565239e+00 -9.478285248223631498e+00
2.811987401465384551e+01 -3.333261063432176652e+00 -6.967742878902136727e-01 -3.333261063432176652e+00 2.371539790122815461e+01 9.626802885714534630e-02 -6.967742878902136727e-01 9.626802885714534630e-02 1.211424525109696049e+01
1.578400502676921491e+01 -1.509254733959142003e+00 4.292701323895866672e+00 -1.509254733959142003e+00 1.253235399923108773e+01 2.947392516711216381e-01 4.292701323895866672e+00 2.947392516711216381e-01 5.586816293442470105e+00
-3.470630594079605657e+01 9.559892309797547227e+00 4.340459916458854650e+00 9.559892309797547227e+00 -1.879447525022858301e+01 6.420994116188023959e+00 4.340459916458854650e+00 6.420994116188023959e+00 -1.686994136938380606e+01
3.443062225557789446e+01 3.237817980779715832e-01 -1.300584584153805778e+01 3.237817980779715832e-01 3.323738041144302002e+01 -2.315132922473752408e-01 -1.300584584153805778e+01 -2.315132922473752408e-01 1.430490341959002620e+01
2.734782316761062049e+01 2.032725034442988896e-02 7.073327745835356062e+00 2.032725034442988896e-02 1.828123279730823825e+01 1.458950737429524080e-01 7.073327745835356062e+00 1.458950737429524080e-01 1.212179545101353462e+01
2.910948885762371674e+01 -3.954716997844677451e+00 1.698861770082305878e+00 -3.954716997844677451e+00 2.727303251727661149e+01 1.861987391066879660e-01 1.698861770082305878e+00 1.861987391066879660e-01 1.758780153016257231e+01
2.519831712859878436e+01 -6.149204554257170940e+00 -8.569082405682985737e+00 -6.149204554257170940e+00 1.259612670430285952e+01 1.360779275862963988e+00 -8.569082405682985737e+00 1.360779275862963988e+00 7.510261644313366070e+00
-1.006730489652144911e+01 -2.018616286202963295e+00 -3.121906222631031902e+00 -2.018616286202963295e+00 -1.390949025447449650e+01 -1.463106030344856201e+00 -3.121906222631031902e+00 -1.463106030344856201e+00 -6.173390571416605077e+00
2.115548760643989468e+01 1.152575125086245489e+00 8.276683310456843801e-01 1.152575125086245489e+00 2.081833254200655503e+01 -1.182394931079091549e+00 8.276683310456843801e-01 -1.182394931079091549e+00 1.225461574730849712e+01
2.306709272219374185e+01 -1.567635731714233316e+00 -4.535309940243807958e+00 -1.567635731714233316e+00 1.039817566502263091e+01 8.304801415143929777e-01 -4.535309940243807958e+00 8.304801415143929777e-01 1.425617766717563795e+00
1.593576860451552868e+01 -3.034506495286780070e-01 4.090150018145866539e+00 -3.034506495286780070e-01 1.702756181532826218e+01 -1.461992275664170782e+00 4.090150018145866539e+00 -1.461992275664170782e+00 1.461555629897002540e+01
1.407757292482468792e+01 7.240739703345009382e-01 4.192584443195255695e+00 7.240739703345009382e-01 1.491556937953281903e+01 -7.660971934890810076e-01 4.192584443195255695e+00 -7.660971934890810076e-01 1.490599361880600959e+01
2.258396357420112466e+01 -6.190598336070204377e-01 -4.964717148788931667e+00 -6.190598336070204377e-01 3.771181719163838153e+01 2.933550721801127636e+00 -4.964717148788931667e+00 2.933550721801127636e+00 2.010148986036718455e+01
4.122772799214918571e+00 4.837607103030820532e+00 -9.792112488036419649e+00 4.837607103030820532e+00 1.819623466553943691e+00 -1.331138808500559101e+00 -9.792112488036419649e+00 -1.331138808500559101e+00 3.990939939617670795e+00
1.208691636574307360e+01 2.288244132249608764e+00 1.444599282788672501e-01 2.288244132249608764e+00 9.783114357551330187e+00 1.146637241922687567e+00 1.444599282788672501e-01 1.146637241922687567e+00 3.173721815622244424e+00
2.508766473481172810e+01 2.399732173221875708e+00 1.773392729442464733e+00 2.399732173221875708e+00 8.596953247036735135e+00 -7.620195633014185121e-01 1.773392729442464733e+00 -7.620195633014185121e-01 5.809138136493602111e+00
3.385146455906215834e+01 1.704916484258319986e+00 -2.233603108676615878e-01 1.704916484258319986e+00 2.892462449593948293e+01 9.246198107768635044e-01 -2.233603108676615878e-01 9.246198107768635044e-01 1.941269971249336379e+01
-1.146803696132844763e+01 -1.049075061983941026e+01 1.229718484546063140e+00 -1.049075061983941026e+01 -1.486679488615598643e+01 -3.024494817904817001e-01 1.229718484546063140e+00 -3.024494817904817001e-01 5.863213651216000466e-01
1.633444719579900450e+01 -6.147738576032891755e-01 -7.191472410645061153e-01 -6.147738576032891755e-01 1.711826371058817742e+01 -1.157634400446632572e+00 -7.191472410645061153e-01 -1.157634400446632572e+00 2.201041266669661933e+00
1.213788009691562664e+01 -7.158536783161327577e+00 1.772594256431890614e+01 -7.158536783161327577e+00 1.359970632169711813e+01 -2.257547046661107615e+00 1.772594256431890614e+01 -2.257547046661107615e+00 -6.545440982390174689e+00
-3.770366721066932936e+00 1.207783291571105505e-01 1.072009549868735157e+01 1.207783291571105505e-01 8.962053101915797626e+00 -7.036621079134127710e-01 1.072009549868735157e+01 -7.036621079134127710e-01 -1.387257513001362774e+01
3.130734847925632280e+01 -7.406306804188628412e+00 1.032670955322766027e+01 -7.406306804188628412e+00 1.284202075675601229e+01 -2.447345910061974994e+00 1.032670955322766027e+01 -2.447345910061974994e+00 1.331308276583931693e+01
